theta c B V rpm CR Vvh T alpha75 cl75 clT re75 vtip amed Q0mili arranque
-8 35 3 nan nan nan nan nan nan nan nan nan nan nan 29.984 1
-8 35 4 7.46242 2071.88 0.786736 2.25484 3.37213 0.750388 0.29487 0.389225 77472.8 43.3933 0.405725 39.2559 1
-8 35 5 7.32479 1879.95 0.830143 2.1951 3.42815 0.88 0.293517 0.375278 70321 39.3737 0.445995 48.1576 1
-8 45 3 7.49843 2080.84 0.775777 2.27071 3.35733 0.145604 0.321586 0.399888 99882.3 43.5811 0.418386 36.6722 1
-8 45 4 7.32806 1835.76 0.829091 2.19649 3.42686 0.327401 0.304405 0.381966 88158.3 38.448 0.468993 47.8049 1
-8 45 5 7.24221 1660.71 0.857394 2.15993 3.46129 0.595338 0.294668 0.373468 79807.5 34.7818 0.509224 58.3927 1
-8 55 3 7.41145 1888.88 0.802536 2.23253 3.39303 0.121457 0.317458 0.395359 110810 39.5607 0.469309 42.6796 1
-8 55 4 7.27973 1658.39 0.844903 2.17584 3.4463 0.124952 0.308569 0.384268 97288.8 34.7332 0.520963 55.4171 1
-8 55 5 7.19624 1498.78 0.872965 2.14058 3.47956 0.302269 0.299786 0.376234 87964.6 31.3903 0.558222 67.4187 1
-7 35 3 nan nan nan nan nan nan nan nan nan nan nan 26.2277 1
-7 35 4 7.30937 2021.11 0.835156 2.1885 3.43434 1.0548 0.318586 0.404339 75439 42.33 0.461726 34.3363 1
-7 35 5 7.22907 1825.76 0.861805 2.1544 3.46648 0.964408 0.313005 0.397101 68132.5 38.2387 0.504221 42.1199 1
-7 45 3 7.36528 2022.27 0.817127 2.21251 3.4118 0.311606 0.340368 0.419725 96879.1 42.3543 0.478695 32.0734 1
-7 45 4 7.24621 1776.74 0.856052 2.16162 3.4597 0.589485 0.327235 0.40848 85170.8 37.212 0.528938 41.807 1
-7 45 5 7.16985 1607.32 0.882032 2.12955 3.48996 0.991807 0.315708 0.399605 77123.2 33.6635 0.564603 51.0628 1
-7 55 3 7.31818 1827.72 0.832299 2.19225 3.43084 0.258202 0.343194 0.422692 107004 38.2796 0.529915 37.3281 1
-7 55 4 7.2013 1603.41 0.871238 2.1427 3.47756 0.341605 0.332686 0.411836 93889 33.5817 0.576304 48.4643 1
-7 55 5 7.12571 1449 0.897448 2.11118 3.50737 0.569825 0.322681 0.403322 84891.8 30.3478 0.609291 58.9551 1
-6 35 3 7.33419 2219.17 0.827112 2.19911 3.4244 0.948432 0.359273 0.446285 82621.6 46.4783 0.476474 22.46 1
-6 35 4 7.22668 1951.71 0.862623 2.15337 3.46749 1.13291 0.346287 0.434272 72692.7 40.8766 0.525831 29.4025 1
-6 35 5 7.15475 1763.24 0.887267 2.12326 3.4959 1.04043 0.339839 0.426464 65659.8 36.9292 0.563513 36.0661 1
-6 45 3 7.27201 1951.04 0.847456 2.17256 3.44939 0.562435 0.36866 0.451526 93318.4 40.8626 0.542426 27.4624 1
-6 45 4 7.16575 1714 0.883462 2.12783 3.49162 0.937998 0.35306 0.439436 82044 35.8979 0.586418 35.7945 1
-6 45 5 7.09813 1550.65 0.907206 2.0998 3.51811 1.13321 0.342424 0.429902 74256.4 32.4768 0.617606 43.7164 1
-6 55 3 7.2276 1761.73 0.86231 2.15376 3.46711 0.418176 0.373301 0.455387 102959 36.8977 0.588659 31.9653 1
-6 55 4 7.12307 1545.21 0.898378 2.11009 3.50841 0.605562 0.360204 0.443827 90339.2 32.3629 0.629198 41.4984 1
-6 55 5 7.05585 1396.64 0.922425 2.0824 3.53464 0.924525 0.348514 0.434596 81706.7 29.2511 0.657871 50.4773 1
-5 35 3 7.23907 2136.25 0.858436 2.15862 3.4625 1.18044 0.391268 0.481776 79411.6 44.7415 0.543536 18.6983 1
-5 35 4 7.1447 1877.8 0.890773 2.11908 3.49986 1.21615 0.378857 0.469489 69809 39.3286 0.586958 24.4772 1
-5 35 5 7.08091 1695.22 0.913366 2.0927 3.52484 1.12979 0.372081 0.461984 63011 35.5046 0.620618 30.0236 1
-5 45 3 7.1791 1875.67 0.878835 2.13342 3.48629 0.864594 0.400927 0.488587 89594.3 39.2839 0.603024 22.8608 1
-5 45 4 7.08647 1647.89 0.911385 2.09498 3.52272 1.17458 0.384439 0.475453 78758.9 34.5133 0.640736 29.7951 1
-5 45 5 7.02759 1490.62 0.932741 2.07085 3.5456 1.21233 0.374608 0.465614 71247.5 31.2195 0.667892 36.3873 1
-5 55 3 7.13733 1691.85 0.893349 2.11602 3.50275 0.61267 0.407904 0.493703 98729.1 35.4341 0.644578 26.6145 1
-5 55 4 7.04565 1483.95 0.926136 2.07823 3.53861 0.944278 0.391639 0.481214 86647.5 31.0798 0.679181 34.5495 1
-5 55 5 6.98741 1341.71 0.94762 2.05453 3.56109 1.16899 0.379714 0.471051 78374.5 28.1006 0.703547 42.0219 1
-4 35 3 7.14567 2048.46 0.890431 2.11948 3.49947 1.38101 0.429547 0.523776 76040.6 42.9027 0.60658 14.9524 1
-4 35 4 7.06431 1798.55 0.919345 2.08589 3.53129 1.33028 0.417711 0.511958 66758.4 37.6688 0.644809 19.5729 1
-4 35 5 7.00753 1619.58 0.940132 2.0627 3.55332 1.26129 0.412021 0.50674 60108.8 33.9205 0.675385 24.0069 1
-4 45 3 7.08747 1795.97 0.911026 2.09539 3.52232 1.18396 0.438791 0.532387 85688.7 37.6147 0.659954 18.2854 1
-4 45 4 7.00942 1578.33 0.939424 2.06347 3.55256 1.37257 0.422119 0.518093 75327.7 33.0564 0.69144 23.8311 1
-4 45 5 6.9589 1426.64 0.958323 2.04303 3.57198 1.32112 0.413065 0.508522 68082.5 29.8795 0.715227 29.1027 1
-4 55 3 7.04817 1617.76 0.925214 2.07926 3.53762 0.929335 0.447217 0.539331 94301.7 33.8823 0.697201 21.2843 1
-4 55 4 6.97014 1419.91 0.954099 2.04754 3.56774 1.22587 0.429324 0.525114 82806.9 29.7386 0.725684 27.6293 1
-4 55 5 6.92158 1284.17 0.972571 2.02801 3.58631 1.36416 0.417263 0.514111 74907.3 26.8956 0.74602 33.6041 1
-3 35 3 7.05545 1955.92 0.922559 2.08225 3.53475 1.59765 0.475124 0.573991 72518.8 40.9646 0.664912 11.1987 1
-3 35 4 6.98664 1712.18 0.947907 2.05422 3.56139 1.49474 0.465566 0.564976 63472.9 35.8599 0.698747 14.6589 1
-3 35 5 6.94115 1536.67 0.965076 2.03587 3.57883 1.46462 0.462452 0.558925 56964.1 32.184 0.724296 17.9795 1
-3 45 3 6.99874 1712.85 0.943399 2.05912 3.55673 1.45188 0.484531 0.584077 81635.2 35.8739 0.712245 13.6938 1
-3 45 4 6.93601 1505.16 0.967041 2.0338 3.5808 1.53764 0.468077 0.569267 71745 31.524 0.738079 17.8468 1
-3 45 5 6.89967 1358.63 0.981032 2.01924 3.59464 1.47797 0.460452 0.556834 64755.2 28.4551 0.757014 21.7944 1
-3 55 3 6.96172 1540.27 0.957258 2.04416 3.57091 1.30188 0.493326 0.59335 89705 32.2593 0.745575 15.9359 1
-3 55 4 6.89812 1353.44 0.981635 2.01862 3.59523 1.47139 0.474697 0.576986 78841.9 28.3463 0.7681 20.6863 1
-3 55 5 6.87095 1226.08 0.99223 2.00782 3.60547 1.49876 0.463199 0.555707 71425.5 25.6789 0.780642 25.1594 1
-2 35 3 6.98491 1861.71 0.948542 2.05353 3.562 2.01418 0.527557 0.624216 68972.9 38.9915 0.712918 7.44704 1
-2 35 4 6.94404 1627.42 0.963966 2.03704 3.57768 1.92339 0.521181 0.605653 60286.4 34.0846 0.735823 9.74801 1
-2 35 5 6.90512 1456.88 0.978919 2.02142 3.59257 1.89001 0.52065 0.599368 53966.8 30.5128 0.754849 11.956 1
-2 45 3 6.93861 1631.47 0.966035 2.03486 3.57975 1.97102 0.535871 0.628143 77708.6 34.1695 0.751679 9.10736 1
-2 45 4 6.90432 1435.93 0.979229 2.0211 3.59288 1.95432 0.520809 0.601245 68393.5 30.0741 0.766325 11.8689 1
-2 45 5 6.87013 1290.69 0.99255 2.00749 3.60577 1.89056 0.51645 0.595328 61470.9 27.0322 0.783201 14.4936 1
-2 55 3 6.91311 1466.63 0.975813 2.02464 3.58947 1.73984 0.548281 0.63234 85357.4 30.717 0.778152 10.6064 1
-2 55 4 6.86964 1291.5 0.992748 2.00729 3.60597 2.01406 0.525823 0.607736 75189.4 27.0491 0.792789 13.7673 1
-2 55 5 6.83867 1166.28 1.005 1.99502 3.61765 1.92003 0.516826 0.596542 67891.3 24.4264 0.805633 16.7431 1
-1 35 3 6.94935 1768.38 0.961946 2.03918 3.57566 2.58105 0.590675 0.667423 65482.6 37.0369 0.743431 3.71457 1
-1 35 4 6.91035 1541.17 0.976885 2.02352 3.59054 2.51375 0.585924 0.654783 57064.7 32.2781 0.760279 4.86231 1
-1 35 5 6.87143 1376.9 0.992047 2.008 3.60531 2.47878 0.586992 0.65087 50980.4 28.8376 0.77468 5.96368 1
-1 45 3 6.90633 1550.35 0.978438 2.02192 3.59206 2.63421 0.59715 0.670096 73815.7 32.4704 0.776068 4.54277 1
-1 45 4 6.86861 1359.07 0.99315 2.00688 3.60635 2.54159 0.584957 0.655129 64702.1 28.4644 0.790346 5.92024 1
-1 45 5 6.83883 1219.3 1.00495 1.99507 3.61762 2.48827 0.582234 0.651529 58044.4 25.5369 0.80414 7.22948 1
-1 55 3 6.88184 1392.18 0.987977 2.01213 3.60141 2.496 0.610122 0.674758 81002.6 29.1577 0.798402 5.29049 1
-1 55 4 6.84218 1225.24 1.00361 1.9964 3.61633 2.58295 0.588729 0.654787 71296.1 25.6613 0.80964 6.86714 1
-1 55 5 6.81481 1104.48 1.01456 1.9856 3.62661 2.51027 0.580453 0.645733 64264.2 23.1322 0.820103 8.35153 1
0 35 3 6.92774 1670.13 0.97019 2.03049 3.5839 3.05367 0.673467 0.726791 61811.5 34.9792 0.76563 -1.30099e-14 0
0 35 4 6.89448 1454.9 0.983042 2.01718 3.59659 3.11093 0.665798 0.709324 53848.4 30.4713 0.773861 -1.70299e-14 0
0 35 5 6.85763 1298.83 0.997491 2.00251 3.61055 3.25079 0.664423 0.708613 48078.8 27.2027 0.78666 -2.08877e-14 0
0 45 3 6.89554 1469.08 0.982626 2.0176 3.59618 3.03206 0.678458 0.719878 69903.5 30.7683 0.78533 -1.5911e-14 0
0 45 4 6.85913 1283.52 0.996889 2.00312 3.60995 3.03895 0.666168 0.709271 61074.3 26.8819 0.799182 -2.07359e-14 0
0 45 5 6.82732 1148.86 1.00953 1.99053 3.62191 3.08489 0.663249 0.705689 54669 24.0616 0.809184 -2.53219e-14 0
0 55 3 6.87111 1319.83 0.99217 2.00788 3.60542 2.99463 0.689266 0.722754 76754.8 27.6424 0.802187 -1.85304e-14 0
0 55 4 6.83566 1157.35 1.0062 1.99383 3.61879 3.0253 0.670782 0.707757 67307.8 24.2395 0.814063 -2.40532e-14 0
0 55 5 6.81035 1042.64 1.01636 1.98384 3.62829 3.02613 0.660549 0.697813 60636.8 21.837 0.822534 -2.9253e-14 0
1 35 3 6.94843 1569.88 0.962301 2.0388 3.57602 3.44525 0.786287 0.791021 58071.4 32.8795 0.771886 -2.60926 0
1 35 4 6.90332 1365.43 0.979598 2.02072 3.59319 4.05028 0.76328 0.780009 50534.1 28.5974 0.779884 -3.41547 0
1 35 5 6.87631 1226.44 0.990134 2.00994 3.60347 4.06797 0.756357 0.765878 45391.2 25.6866 0.778662 -4.18912 0
1 45 3 6.92422 1385.75 0.971545 2.02908 3.58526 3.27388 0.789804 0.777755 65897.9 29.023 0.781336 -3.19102 0
1 45 4 6.8811 1204.64 0.98826 2.01184 3.60167 3.44421 0.776687 0.773073 57292.4 25.2299 0.79267 -4.15861 0
1 45 5 6.84292 1079.81 1.00332 1.99668 3.6161 4.02203 0.758704 0.766231 51380.3 22.6155 0.799064 -5.07827 0
1 55 3 6.89744 1242.51 0.981885 2.01837 3.59544 3.22936 0.803478 0.787296 72214.4 26.023 0.799656 -3.71625 0
1 55 4 6.8601 1087.31 0.996518 2.00349 3.60963 3.29999 0.782224 0.768538 63197.2 22.7725 0.800948 -4.82375 0
1 55 5 6.82817 977.397 1.00921 1.99086 3.62164 3.43619 0.768686 0.759144 56814.5 20.4705 0.807026 -5.86644 0
2 35 3 7.0138 1475.15 0.937815 2.06524 3.55091 4.23062 0.917851 0.859519 54558.9 30.8954 0.757481 -5.21836 0
2 35 4 6.96411 1286.66 0.956373 2.04511 3.57005 4.31076 0.896968 0.841219 47590.4 26.9478 0.757799 -6.83072 0
2 35 5 6.92775 1155.03 0.9702 2.03048 3.58395 4.41463 0.883867 0.829787 42724.7 24.1909 0.759143 -8.37794 0
2 45 3 7.00066 1297.25 0.942678 2.05991 3.55596 4.09168 0.93012 0.853639 61681.8 27.1694 0.765072 -6.3818 0
2 45 4 6.94835 1129.83 0.962339 2.03876 3.57608 4.22943 0.908805 0.836717 53726.5 23.6632 0.763679 -8.31688 0
2 45 5 6.90179 1015.02 0.980193 2.02011 3.59378 4.28987 0.891814 0.824029 48269 21.2586 0.766155 -10.1561 0
2 55 3 6.98512 1168.76 0.948471 2.05361 3.56195 3.73878 0.946536 0.850511 67908 24.4785 0.768575 -7.43224 0
2 55 4 6.93841 1018.11 0.966126 2.03476 3.57988 4.13432 0.91955 0.831212 59168.6 21.3232 0.764198 -9.64714 0
2 55 5 6.88865 914.827 0.985314 2.01485 3.59881 4.22422 0.900156 0.818243 53169.4 19.1601 0.767734 -11.7324 0
