Omega V T Q
0.0 2.00 0.060692 0.0003976
0.0 2.50 0.094831 0.0006212
0.0 3.00 0.136556 0.0008946
0.0 3.50 0.185868 0.0012176
0.0 4.00 0.242766 0.0015904
0.0 4.50 0.307251 0.0020128
0.0 5.00 0.379323 0.0024850
0.0 5.50 0.458980 0.0030068
0.0 6.00 0.546225 0.0035784
0.0 6.50 0.641055 0.0041996
0.0 7.00 0.743472 0.0048706
0.0 7.50 0.853474 0.0055912
0.0 8.00 0.971052 0.0063616
0.0 8.50 1.096213 0.0071816
0.0 9.00 1.228956 0.0080514
0.0 9.50 1.369284 0.0089709
0.0 10.00 1.517194 0.0099401
0.0 10.50 1.672688 0.0109590
0.0 11.00 1.835765 0.0120276
0.0 11.50 2.006425 0.0131459
0.0 12.00 2.184669 0.0143139
0.0 12.50 2.370495 0.0155317
0.0 13.00 2.563908 0.0167987
0.0 13.50 2.764917 0.0181137
0.0 14.00 2.973515 0.0194775
0.0 14.50 3.189699 0.0208906
0.0 15.00 3.413470 0.0223529
0.0 15.50 3.644827 0.0238645
0.0 16.00 3.883769 0.0254255
5.0 2.00 0.065081 0.0005803
5.0 2.50 0.099247 0.0008113
5.0 3.00 0.141002 0.0010919
5.0 3.50 0.190346 0.0014223
5.0 4.00 0.247280 0.0018023
5.0 4.50 0.311801 0.0022321
5.0 5.00 0.383911 0.0027116
5.0 5.50 0.463608 0.0032408
5.0 6.00 0.550893 0.0038196
5.0 6.50 0.645766 0.0044481
5.0 7.00 0.748225 0.0051266
5.0 7.50 0.858266 0.0058545
5.0 8.00 0.975872 0.0066315
5.0 8.50 1.101058 0.0074580
5.0 9.00 1.233826 0.0083344
5.0 9.50 1.374177 0.0092604
5.0 10.00 1.522112 0.0102360
5.0 10.50 1.677629 0.0112613
5.0 11.00 1.840729 0.0123359
5.0 11.50 2.011412 0.0134603
5.0 12.00 2.189677 0.0146342
5.0 12.50 2.375524 0.0158578
5.0 13.00 2.568955 0.0171301
5.0 13.50 2.769975 0.0184479
5.0 14.00 2.978581 0.0198142
5.0 14.50 3.194771 0.0212295
5.0 15.00 3.418545 0.0226944
5.0 15.50 3.649904 0.0242087
5.0 16.00 3.888846 0.0257724
10.0 2.00 0.078155 0.0010692
10.0 2.50 0.112278 0.0013076
10.0 3.00 0.154026 0.0015957
10.0 3.50 0.203378 0.0019336
10.0 4.00 0.260323 0.0023211
10.0 4.50 0.324860 0.0027582
10.0 5.00 0.396987 0.0032451
10.0 5.50 0.476702 0.0037816
10.0 6.00 0.564008 0.0043677
10.0 6.50 0.658902 0.0050036
10.0 7.00 0.761385 0.0056890
10.0 7.50 0.871436 0.0064234
10.0 8.00 0.989046 0.0072063
10.0 8.50 1.114237 0.0080390
10.0 9.00 1.247012 0.0089215
10.0 9.50 1.387368 0.0098535
10.0 10.00 1.535309 0.0108356
10.0 10.50 1.690832 0.0118670
10.0 11.00 1.853939 0.0129485
10.0 11.50 2.024631 0.0140795
10.0 12.00 2.202904 0.0152604
10.0 12.50 2.388760 0.0164910
10.0 13.00 2.582203 0.0177677
10.0 13.50 2.783237 0.0190866
10.0 14.00 2.991853 0.0204528
10.0 14.50 3.208055 0.0218675
10.0 15.00 3.431844 0.0233312
10.0 15.50 3.663213 0.0248444
10.0 16.00 3.902169 0.0264074
15.0 2.00 0.102132 0.0018419
15.0 2.50 0.134664 0.0021145
15.0 3.00 0.175848 0.0024058
15.0 3.50 0.225129 0.0027510
15.0 4.00 0.282032 0.0031458
15.0 4.50 0.346558 0.0035904
15.0 5.00 0.418687 0.0040848
15.0 5.50 0.498412 0.0046288
15.0 6.00 0.585727 0.0052225
15.0 6.50 0.680636 0.0058656
15.0 7.00 0.783127 0.0065584
15.0 7.50 0.893156 0.0072979
15.0 8.00 1.010755 0.0080863
15.0 8.50 1.135936 0.0089247
15.0 9.00 1.268698 0.0098123
15.0 9.50 1.409045 0.0107498
15.0 10.00 1.556978 0.0117369
15.0 10.50 1.712493 0.0127734
15.0 11.00 1.875594 0.0138603
15.0 11.50 2.046277 0.0149966
15.0 12.00 2.224546 0.0161825
15.0 12.50 2.410397 0.0174188
15.0 13.00 2.603832 0.0186949
15.0 13.50 2.804852 0.0200093
15.0 14.00 3.013459 0.0213715
15.0 14.50 3.229652 0.0227819
15.0 15.00 3.453430 0.0242423
15.0 15.50 3.684794 0.0257514
15.0 16.00 3.923745 0.0273098
20.0 2.00 0.142058 0.0027839
20.0 2.50 0.169220 0.0031607
20.0 3.00 0.210353 0.0035285
20.0 3.50 0.256210 0.0038782
20.0 4.00 0.312618 0.0042769
20.0 4.50 0.377037 0.0047287
20.0 5.00 0.449112 0.0052305
20.0 5.50 0.528799 0.0057819
20.0 6.00 0.616103 0.0063830
20.0 6.50 0.711006 0.0070337
20.0 7.00 0.813449 0.0077301
20.0 7.50 0.923451 0.0084746
20.0 8.00 1.041029 0.0092686
20.0 8.50 1.166190 0.0101117
20.0 9.00 1.298937 0.0110048
20.0 9.50 1.439267 0.0119478
20.0 10.00 1.587181 0.0129401
20.0 10.50 1.742681 0.0139823
20.0 11.00 1.905762 0.0150743
20.0 11.50 2.076434 0.0162162
20.0 12.00 2.254683 0.0174073
20.0 12.50 2.440519 0.0186467
20.0 13.00 2.633926 0.0199121
20.0 13.50 2.834916 0.0212191
20.0 14.00 3.043493 0.0225718
20.0 14.50 3.259663 0.0239751
20.0 15.00 3.483419 0.0254281
20.0 15.50 3.714762 0.0269295
20.0 16.00 3.953692 0.0284787
25.0 2.00 0.195152 0.0034490
25.0 2.50 0.221965 0.0043499
25.0 3.00 0.256253 0.0048420
25.0 3.50 0.300978 0.0052747
25.0 4.00 0.358169 0.0057670
25.0 4.50 0.416903 0.0061771
25.0 5.00 0.488466 0.0066827
25.0 5.50 0.568016 0.0072411
25.0 6.00 0.655250 0.0078482
25.0 6.50 0.750015 0.0085007
25.0 7.00 0.852375 0.0092014
25.0 7.50 0.962324 0.0099508
25.0 8.00 1.079865 0.0107497
25.0 8.50 1.204997 0.0115984
25.0 9.00 1.337718 0.0124969
25.0 9.50 1.478025 0.0134446
25.0 10.00 1.625918 0.0144426
25.0 10.50 1.781403 0.0154897
25.0 11.00 1.944459 0.0165868
25.0 11.50 2.115112 0.0177338
25.0 12.00 2.293339 0.0189303
25.0 12.50 2.479138 0.0201573
25.0 13.00 2.672491 0.0214087
25.0 13.50 2.873439 0.0227049
25.0 14.00 3.081972 0.0240474
25.0 14.50 3.298099 0.0254401
25.0 15.00 3.521816 0.0268825
25.0 15.50 3.753122 0.0283721
25.0 16.00 3.992022 0.0299114
30.0 2.00 0.240920 0.0031954
30.0 2.50 0.286157 0.0052694
30.0 3.00 0.319630 0.0062638
30.0 3.50 0.358270 0.0068490
30.0 4.00 0.408528 0.0073676
30.0 4.50 0.473294 0.0079392
30.0 5.00 0.538618 0.0084559
30.0 5.50 0.616579 0.0090038
30.0 6.00 0.703180 0.0096086
30.0 6.50 0.797731 0.0102643
30.0 7.00 0.900026 0.0109705
30.0 7.50 1.009849 0.0117243
30.0 8.00 1.127303 0.0125281
30.0 8.50 1.252372 0.0133815
30.0 9.00 1.385044 0.0142854
30.0 9.50 1.525316 0.0152387
30.0 10.00 1.673179 0.0162417
30.0 10.50 1.828632 0.0172946
30.0 11.00 1.991672 0.0183967
30.0 11.50 2.162296 0.0195488
30.0 12.00 2.340483 0.0207373
30.0 12.50 2.526193 0.0219356
30.0 13.00 2.719490 0.0231714
30.0 13.50 2.920373 0.0244531
30.0 14.00 3.128848 0.0257848
30.0 14.50 3.344925 0.0271643
30.0 15.00 3.568595 0.0285912
30.0 15.50 3.799848 0.0300695
30.0 16.00 4.038698 0.0315958
35.0 2.00 0.268000 0.0022331
35.0 2.50 0.350635 0.0053461
35.0 3.00 0.395215 0.0074326
35.0 3.50 0.435074 0.0085266
35.0 4.00 0.477756 0.0092077
35.0 4.50 0.533233 0.0098077
35.0 5.00 0.604670 0.0104495
35.0 5.50 0.684773 0.0111340
35.0 6.00 0.761460 0.0116777
35.0 6.50 0.854745 0.0123275
35.0 7.00 0.956421 0.0130344
35.0 7.50 1.066045 0.0137935
35.0 8.00 1.183460 0.0146027
35.0 8.50 1.308404 0.0154609
35.0 9.00 1.440978 0.0163696
35.0 9.50 1.581168 0.0173274
35.0 10.00 1.728973 0.0183351
35.0 10.50 1.884378 0.0193933
35.0 11.00 2.047384 0.0205005
35.0 11.50 2.217943 0.0216428
35.0 12.00 2.395995 0.0227890
35.0 12.50 2.581614 0.0239654
35.0 13.00 2.774831 0.0251869
35.0 13.50 2.975646 0.0264558
35.0 14.00 3.184051 0.0277678
35.0 14.50 3.400056 0.0291307
35.0 15.00 3.623664 0.0305436
35.0 15.50 3.854864 0.0320075
35.0 16.00 4.093669 0.0335212
40.0 2.00 0.284741 0.0009649
40.0 2.50 0.395671 0.0045195
40.0 3.00 0.479482 0.0078489
40.0 3.50 0.526764 0.0099597
40.0 4.00 0.568230 0.0111305
40.0 4.50 0.614287 0.0119010
40.0 5.00 0.675761 0.0125936
40.0 5.50 0.752615 0.0132828
40.0 6.00 0.840275 0.0140454
40.0 6.50 0.924349 0.0147202
40.0 7.00 1.023016 0.0154053
40.0 7.50 1.131539 0.0161604
40.0 8.00 1.248325 0.0169707
40.0 8.50 1.373050 0.0178338
40.0 9.00 1.505578 0.0187475
40.0 9.50 1.645690 0.0197102
40.0 10.00 1.793375 0.0207234
40.0 10.50 1.948689 0.0217854
40.0 11.00 2.111527 0.0228663
40.0 11.50 2.281869 0.0239549
40.0 12.00 2.459788 0.0250764
40.0 12.50 2.645310 0.0262371
40.0 13.00 2.838419 0.0274389
40.0 13.50 3.039146 0.0286869
40.0 14.00 3.247481 0.0299845
40.0 14.50 3.463420 0.0313310
40.0 15.00 3.686963 0.0327309
40.0 15.50 3.918111 0.0341791
40.0 16.00 4.156850 0.0356778
45.0 2.00 0.295079 -0.0003348
45.0 2.50 0.424328 0.0032029
45.0 3.00 0.543312 0.0072608
45.0 3.50 0.621857 0.0106937
45.0 4.00 0.667332 0.0127799
45.0 4.50 0.719045 0.0140748
45.0 5.00 0.767820 0.0149238
45.0 5.50 0.846504 0.0158295
45.0 6.00 0.917319 0.0164520
45.0 6.50 1.012172 0.0172968
45.0 7.00 1.115051 0.0181739
45.0 7.50 1.208520 0.0188456
45.0 8.00 1.323280 0.0196436
45.0 8.50 1.447001 0.0205039
45.0 9.00 1.578911 0.0214180
45.0 9.50 1.718751 0.0223850
45.0 10.00 1.866334 0.0233865
45.0 10.50 2.021390 0.0243936
45.0 11.00 2.183911 0.0254246
45.0 11.50 2.354056 0.0264907
45.0 12.00 2.531799 0.0275861
45.0 12.50 2.717166 0.0287245
45.0 13.00 2.910165 0.0299092
45.0 13.50 3.110787 0.0311411
45.0 14.00 3.319037 0.0324231
45.0 14.50 3.534893 0.0337566
45.0 15.00 3.758372 0.0351380
45.0 15.50 3.989458 0.0365721
45.0 16.00 4.228140 0.0380553
50.0 2.00 0.295891 -0.0014905
50.0 2.50 0.444543 0.0016360
50.0 3.00 0.586649 0.0060176
50.0 3.50 0.705286 0.0104237
50.0 4.00 0.783857 0.0138662
50.0 4.50 0.833280 0.0159825
50.0 5.00 0.887496 0.0173626
50.0 5.50 0.938668 0.0182754
50.0 6.00 1.023710 0.0192648
50.0 6.50 1.099246 0.0199873
50.0 7.00 1.200561 0.0208663
50.0 7.50 1.311065 0.0218286
50.0 8.00 1.414118 0.0226741
50.0 8.50 1.531962 0.0234849
50.0 9.00 1.662097 0.0243667
50.0 9.50 1.800730 0.0252736
50.0 10.00 1.947441 0.0262132
50.0 10.50 2.102023 0.0271827
50.0 11.00 2.264382 0.0281837
50.0 11.50 2.434431 0.0292216
50.0 12.00 2.611948 0.0302982
50.0 12.50 2.797138 0.0314212
50.0 13.00 2.989988 0.0325890
50.0 13.50 3.190487 0.0338061
50.0 14.00 3.398631 0.0350722
50.0 14.50 3.614400 0.0363892
50.0 15.00 3.837789 0.0377552
50.0 15.50 4.068804 0.0391729
50.0 16.00 4.307430 0.0406409
55.0 2.00 0.295574 -0.0025302
55.0 2.50 0.457447 0.0000607
55.0 3.00 0.617176 0.0043732
55.0 3.50 0.767639 0.0093247
55.0 4.00 0.884170 0.0139443
55.0 4.50 0.959782 0.0173594
55.0 5.00 1.002984 0.0194590
55.0 5.50 1.073488 0.0209928
55.0 6.00 1.143424 0.0221204
55.0 6.50 1.217684 0.0230328
55.0 7.00 1.298166 0.0238785
55.0 7.50 1.405842 0.0247857
55.0 8.00 1.523176 0.0257560
55.0 8.50 1.648491 0.0267732
55.0 9.00 1.757193 0.0274905
55.0 9.50 1.892541 0.0283296
55.0 10.00 2.037649 0.0292204
55.0 10.50 2.191239 0.0301543
55.0 11.00 2.352932 0.0311304
55.0 11.50 2.522552 0.0321473
55.0 12.00 2.700009 0.0332098
55.0 12.50 2.885193 0.0343160
55.0 13.00 3.077846 0.0354681
55.0 13.50 3.278180 0.0366685
55.0 14.00 3.486180 0.0379193
55.0 14.50 3.701840 0.0392204
55.0 15.00 3.925139 0.0405704
55.0 15.50 4.156097 0.0419773
55.0 16.00 4.395091 0.0435199
60.0 2.00 0.294763 -0.0035246
60.0 2.50 0.461500 -0.0013782
60.0 3.00 0.640052 0.0025251
60.0 3.50 0.811976 0.0077181
60.0 4.00 0.969328 0.0130506
60.0 4.50 1.073995 0.0178334
60.0 5.00 1.148696 0.0211714
60.0 5.50 1.201557 0.0233206
60.0 6.00 1.277163 0.0249620
60.0 6.50 1.350894 0.0261328
60.0 7.00 1.427531 0.0270309
60.0 7.50 1.512014 0.0278848
60.0 8.00 1.625472 0.0287956
60.0 8.50 1.750099 0.0297630
60.0 9.00 1.882622 0.0307985
60.0 9.50 2.022602 0.0318764
60.0 10.00 2.138420 0.0324261
60.0 10.50 2.289869 0.0333205
60.0 11.00 2.450336 0.0342674
60.0 11.50 2.619135 0.0352624
60.0 12.00 2.796001 0.0363057
60.0 12.50 2.980795 0.0373937
60.0 13.00 3.173436 0.0385323
60.0 13.50 3.373817 0.0397208
60.0 14.00 3.581632 0.0409534
60.0 14.50 3.797137 0.0422368
60.0 15.00 4.020562 0.0436204
60.0 15.50 4.252014 0.0451238
60.0 16.00 4.491319 0.0467242
65.0 2.00 0.293566 -0.0045377
65.0 2.50 0.461656 -0.0026766
65.0 3.00 0.654390 0.0006535
65.0 3.50 0.846940 0.0057339
65.0 4.00 1.029483 0.0115384
65.0 4.50 1.185679 0.0171978
65.0 5.00 1.285812 0.0220047
65.0 5.50 1.350837 0.0252858
65.0 6.00 1.417157 0.0274434
65.0 6.50 1.473287 0.0288846
65.0 7.00 1.572752 0.0302490
65.0 7.50 1.651921 0.0311189
65.0 8.00 1.740655 0.0319748
65.0 8.50 1.859834 0.0329102
65.0 9.00 1.991340 0.0339029
65.0 9.50 2.131545 0.0349585
65.0 10.00 2.279488 0.0360763
65.0 10.50 2.400332 0.0366964
65.0 11.00 2.557561 0.0375980
65.0 11.50 2.724754 0.0385633
65.0 12.00 2.900594 0.0395812
65.0 12.50 3.084674 0.0406508
65.0 13.00 3.276785 0.0417717
65.0 13.50 3.476811 0.0429405
65.0 14.00 3.684857 0.0441924
65.0 14.50 3.901070 0.0455705
65.0 15.00 4.124917 0.0470354
65.0 15.50 4.356580 0.0485829
65.0 16.00 4.596027 0.0502077
70.0 2.00 0.292105 -0.0056003
70.0 2.50 0.461165 -0.0039229
70.0 3.00 0.664290 -0.0011270
70.0 3.50 0.871594 0.0036008
70.0 4.00 1.073625 0.0096028
70.0 4.50 1.258511 0.0158909
70.0 5.00 1.414345 0.0217302
70.0 5.50 1.510644 0.0264511
70.0 6.00 1.582861 0.0296171
70.0 6.50 1.647943 0.0317166
70.0 7.00 1.700157 0.0330299
70.0 7.50 1.782647 0.0342163
70.0 8.00 1.891466 0.0353414
70.0 8.50 1.984777 0.0362222
70.0 9.00 2.109119 0.0371495
70.0 9.50 2.247857 0.0381931
70.0 10.00 2.395558 0.0392801
70.0 10.50 2.551082 0.0404323
70.0 11.00 2.679523 0.0411611
70.0 11.50 2.840798 0.0420519
70.0 12.00 3.014488 0.0430367
70.0 12.50 3.197270 0.0440808
70.0 13.00 3.388827 0.0452260
70.0 13.50 3.588910 0.0464824
70.0 14.00 3.797166 0.0478260
70.0 14.50 4.013467 0.0492497
70.0 15.00 4.237727 0.0507582
70.0 15.50 4.469899 0.0523550
70.0 16.00 4.709524 0.0540181
75.0 2.00 0.290639 -0.0067584
75.0 2.50 0.460446 -0.0051723
75.0 3.00 0.665206 -0.0027429
75.0 3.50 0.889350 0.0014330
75.0 4.00 1.111311 0.0073314
75.0 4.50 1.323719 0.0139590
75.0 5.00 1.508401 0.0206238
75.0 5.50 1.651522 0.0265860
75.0 6.00 1.743614 0.0310582
75.0 6.50 1.803841 0.0339574
75.0 7.00 1.864324 0.0358990
75.0 7.50 1.943146 0.0373371
75.0 8.00 2.027864 0.0385114
75.0 8.50 2.145785 0.0397076
75.0 9.00 2.244703 0.0406318
75.0 9.50 2.373598 0.0415572
75.0 10.00 2.519455 0.0426245
75.0 10.50 2.674373 0.0437549
75.0 11.00 2.837614 0.0449444
75.0 11.50 3.008944 0.0462199
75.0 12.00 3.140612 0.0467842
75.0 12.50 3.321139 0.0478964
75.0 13.00 3.511702 0.0491042
75.0 13.50 3.711134 0.0503992
75.0 14.00 3.919083 0.0517920
75.0 14.50 4.135220 0.0532659
75.0 15.00 4.359373 0.0548140
75.0 15.50 4.591462 0.0564323
75.0 16.00 4.831393 0.0581196
80.0 2.00 0.289646 -0.0081164
80.0 2.50 0.459591 -0.0065161
80.0 3.00 0.665307 -0.0042756
80.0 3.50 0.903815 -0.0006799
80.0 4.00 1.138808 0.0048947
80.0 4.50 1.371965 0.0116760
80.0 5.00 1.592839 0.0187738
80.0 5.50 1.782619 0.0256375
80.0 6.00 1.911142 0.0315988
80.0 6.50 1.983909 0.0357556
80.0 7.00 2.063347 0.0385780
80.0 7.50 2.119594 0.0403713
80.0 8.00 2.201994 0.0418209
80.0 8.50 2.288763 0.0429586
80.0 9.00 2.414976 0.0442245
80.0 9.50 2.521298 0.0451953
80.0 10.00 2.653549 0.0461653
80.0 10.50 2.807117 0.0473197
80.0 11.00 2.970681 0.0485831
80.0 11.50 3.142236 0.0499423
80.0 12.00 3.322086 0.0513791
80.0 12.50 3.460301 0.0521307
80.0 13.00 3.646935 0.0533621
80.0 13.50 3.844684 0.0546999
80.0 14.00 4.051567 0.0561146
80.0 14.50 4.266977 0.0576069
80.0 15.00 4.490631 0.0591747
80.0 15.50 4.722377 0.0608122
80.0 16.00 4.962074 0.0625165
85.0 2.00 0.290013 -0.0098717
85.0 2.50 0.459281 -0.0080645
85.0 3.00 0.665506 -0.0058702
85.0 3.50 0.905806 -0.0026475
85.0 4.00 1.157515 0.0024392
85.0 4.50 1.409540 0.0091480
85.0 5.00 1.648056 0.0166264
85.0 5.50 1.877738 0.0240326
85.0 6.00 2.054876 0.0310947
85.0 6.50 2.179351 0.0367501
85.0 7.00 2.231836 0.0405449
85.0 7.50 2.302639 0.0431107
85.0 8.00 2.391653 0.0450324
85.0 8.50 2.477320 0.0464991
85.0 9.00 2.566719 0.0476370
85.0 9.50 2.701697 0.0490666
85.0 10.00 2.852339 0.0506554
85.0 10.50 2.953636 0.0513302
85.0 11.00 3.114778 0.0526456
85.0 11.50 3.285990 0.0540031
85.0 12.00 3.465595 0.0554688
85.0 12.50 3.653294 0.0570275
85.0 13.00 3.849252 0.0586691
85.0 13.50 3.992597 0.0593576
85.0 14.00 4.196101 0.0607717
85.0 14.50 4.409749 0.0622728
85.0 15.00 4.632299 0.0638513
85.0 15.50 4.863275 0.0655009
85.0 16.00 5.102436 0.0672176
90.0 2.00 0.290771 -0.0119709
90.0 2.50 0.459173 -0.0097652
90.0 3.00 0.665681 -0.0075342
90.0 3.50 0.907075 -0.0045727
90.0 4.00 1.179962 -0.0000168
90.0 4.50 1.441358 0.0064121
90.0 5.00 1.700981 0.0139938
90.0 5.50 1.956467 0.0218699
90.0 6.00 2.174773 0.0297194
90.0 6.50 2.329724 0.0367186
90.0 7.00 2.456082 0.0420004
90.0 7.50 2.522209 0.0455618
90.0 8.00 2.588346 0.0479882
90.0 8.50 2.682212 0.0499958
90.0 9.00 2.773544 0.0516250
90.0 9.50 2.871532 0.0529603
90.0 10.00 3.008944 0.0544541
90.0 10.50 3.167576 0.0561613
90.0 11.00 3.273151 0.0569860
90.0 11.50 3.440568 0.0584247
90.0 12.00 3.619101 0.0598858
90.0 12.50 3.806848 0.0614478
90.0 13.00 4.002308 0.0631225
90.0 13.50 4.206425 0.0648599
90.0 14.00 4.359713 0.0658269
90.0 14.50 4.566110 0.0672844
90.0 15.00 4.785821 0.0688567
90.0 15.50 5.015144 0.0705064
90.0 16.00 5.253216 0.0722302
95.0 2.00 0.291522 -0.0143985
95.0 2.50 0.459684 -0.0117558
95.0 3.00 0.666045 -0.0093555
95.0 3.50 0.908040 -0.0065103
95.0 4.00 1.183215 -0.0023905
95.0 4.50 1.463005 0.0036669
95.0 5.00 1.742655 0.0111766
95.0 5.50 2.014462 0.0193766
95.0 6.00 2.275023 0.0276641
95.0 6.50 2.479261 0.0356884
95.0 7.00 2.631228 0.0423550
95.0 7.50 2.738582 0.0472782
95.0 8.00 2.790897 0.0506052
95.0 8.50 2.895873 0.0533347
95.0 9.00 2.994102 0.0554682
95.0 9.50 3.089412 0.0572269
95.0 10.00 3.244263 0.0592954
95.0 10.50 3.336163 0.0603141
95.0 11.00 3.501492 0.0621238
95.0 11.50 3.612564 0.0631078
95.0 12.00 3.784454 0.0646131
95.0 12.50 3.970416 0.0662096
95.0 13.00 4.165577 0.0678603
95.0 13.50 4.368933 0.0696191
95.0 14.00 4.580736 0.0714659
95.0 14.50 4.800127 0.0733561
95.0 15.00 4.955959 0.0742342
95.0 15.50 5.180184 0.0758579
95.0 16.00 5.415740 0.0775762
100.0 2.00 0.292151 -0.0170281
100.0 2.50 0.460735 -0.0141148
100.0 3.00 0.666639 -0.0113483
100.0 3.50 0.909070 -0.0085143
100.0 4.00 1.185683 -0.0047242
100.0 4.50 1.488165 0.0009140
100.0 5.00 1.774022 0.0082016
100.0 5.50 2.064789 0.0165315
100.0 6.00 2.348490 0.0252281
100.0 6.50 2.605324 0.0338266
100.0 7.00 2.810018 0.0417045
100.0 7.50 2.939331 0.0480484
100.0 8.00 3.028954 0.0527447
100.0 8.50 3.116283 0.0562973
100.0 9.00 3.224355 0.0591507
100.0 9.50 3.325914 0.0613877
100.0 10.00 3.424310 0.0632570
100.0 10.50 3.588064 0.0654841
100.0 11.00 3.684105 0.0666358
100.0 11.50 3.854072 0.0685243
100.0 12.00 3.973910 0.0696997
100.0 12.50 4.147075 0.0712358
100.0 13.00 4.339749 0.0729513
100.0 13.50 4.542021 0.0746858
100.0 14.00 4.753180 0.0765265
100.0 14.50 4.972472 0.0784793
100.0 15.00 5.200567 0.0804828
100.0 15.50 5.373186 0.0816860
100.0 16.00 5.593720 0.0832755
105.0 2.00 0.292715 -0.0197820
105.0 2.50 0.461912 -0.0167883
105.0 3.00 0.667862 -0.0136412
105.0 3.50 0.910586 -0.0106492
105.0 4.00 1.187663 -0.0070188
105.0 4.50 1.496930 -0.0018809
105.0 5.00 1.803705 0.0051296
105.0 5.50 2.110804 0.0134263
105.0 6.00 2.420214 0.0222450
105.0 6.50 2.711638 0.0313362
105.0 7.00 2.941006 0.0402475
105.0 7.50 3.120024 0.0479021
105.0 8.00 3.256276 0.0539785
105.0 8.50 3.377143 0.0588130
105.0 9.00 3.462202 0.0624324
105.0 9.50 3.573266 0.0654097
105.0 10.00 3.677359 0.0677406
105.0 10.50 3.778299 0.0697066
105.0 11.00 3.950520 0.0720916
105.0 11.50 4.049326 0.0733431
105.0 12.00 4.227297 0.0753706
105.0 12.50 4.413974 0.0773528
105.0 13.00 4.528695 0.0782817
105.0 13.50 4.726870 0.0800687
105.0 14.00 4.936466 0.0819198
105.0 14.50 5.155029 0.0838420
105.0 15.00 5.381766 0.0858672
105.0 15.50 5.617286 0.0879696
105.0 16.00 5.861478 0.0901437
110.0 2.00 0.293202 -0.0226446
110.0 2.50 0.462960 -0.0196591
110.0 3.00 0.669495 -0.0162678
110.0 3.50 0.912353 -0.0129752
110.0 4.00 1.189848 -0.0093927
110.0 4.50 1.500773 -0.0046074
110.0 5.00 1.830295 0.0020551
110.0 5.50 2.145872 0.0101537
110.0 6.00 2.473000 0.0191029
110.0 6.50 2.787990 0.0285148
110.0 7.00 3.072903 0.0379302
110.0 7.50 3.304600 0.0467097
110.0 8.00 3.463497 0.0542315
110.0 8.50 3.629051 0.0604182
110.0 9.00 3.747719 0.0653479
110.0 9.50 3.828448 0.0690000
110.0 10.00 3.943392 0.0721057
110.0 10.50 4.048192 0.0745101
110.0 11.00 4.151206 0.0765663
110.0 11.50 4.331236 0.0790958
110.0 12.00 4.432545 0.0804505
110.0 12.50 4.619581 0.0826394
110.0 13.00 4.816294 0.0848552
110.0 13.50 4.929843 0.0857590
110.0 14.00 5.132394 0.0875965
110.0 14.50 5.348941 0.0895571
110.0 15.00 5.574333 0.0915528
110.0 15.50 5.808609 0.0936458
110.0 16.00 6.051399 0.0958513
115.0 2.00 0.293587 -0.0255953
115.0 2.50 0.463929 -0.0226646
115.0 3.00 0.671152 -0.0191648
115.0 3.50 0.914600 -0.0155849
115.0 4.00 1.192626 -0.0118869
115.0 4.50 1.504088 -0.0072938
115.0 5.00 1.846239 -0.0010069
115.0 5.50 2.175403 0.0067770
115.0 6.00 2.522324 0.0157419
115.0 6.50 2.853274 0.0253425
115.0 7.00 3.167791 0.0351909
115.0 7.50 3.440312 0.0448047
115.0 8.00 3.647431 0.0535233
115.0 8.50 3.860046 0.0609462
115.0 9.00 3.973532 0.0671320
115.0 9.50 4.080775 0.0719807
115.0 10.00 4.214949 0.0759924
115.0 10.50 4.333729 0.0792231
115.0 11.00 4.438404 0.0816938
115.0 11.50 4.543122 0.0838337
115.0 12.00 4.730505 0.0864970
115.0 12.50 4.834444 0.0879596
115.0 13.00 5.027458 0.0902505
115.0 13.50 5.234510 0.0926225
115.0 14.00 5.351757 0.0936768
115.0 14.50 5.556758 0.0955432
115.0 15.00 5.779114 0.0975724
115.0 15.50 6.011592 0.0996519
115.0 16.00 6.253058 0.1018233
120.0 2.00 0.293891 -0.0286383
120.0 2.50 0.464785 -0.0257791
120.0 3.00 0.672679 -0.0222575
120.0 3.50 0.917029 -0.0184920
120.0 4.00 1.195919 -0.0145836
120.0 4.50 1.507874 -0.0100597
120.0 5.00 1.851235 -0.0040347
120.0 5.50 2.206869 0.0034144
120.0 6.00 2.554014 0.0122641
120.0 6.50 2.910731 0.0218941
120.0 7.00 3.249449 0.0320380
120.0 7.50 3.556639 0.0422343
120.0 8.00 3.837538 0.0517247
120.0 8.50 4.066930 0.0604762
120.0 9.00 4.232554 0.0680738
120.0 9.50 4.382899 0.0743742
120.0 10.00 4.485724 0.0792766
120.0 10.50 4.621751 0.0834075
120.0 11.00 4.743911 0.0867528
120.0 11.50 4.848053 0.0892908
120.0 12.00 4.954007 0.0915033
120.0 12.50 5.148330 0.0942913
120.0 13.00 5.255231 0.0958677
120.0 13.50 5.453524 0.0982450
120.0 14.00 5.669863 0.1007652
120.0 14.50 5.800444 0.1020789
120.0 15.00 6.000784 0.1039494
120.0 15.50 6.228526 0.1061264
120.0 16.00 6.468806 0.1084913
125.0 2.00 0.294108 -0.0317707
125.0 2.50 0.465500 -0.0289869
125.0 3.00 0.674092 -0.0254952
125.0 3.50 0.919361 -0.0216340
125.0 4.00 1.199481 -0.0175430
125.0 4.50 1.512021 -0.0129688
125.0 5.00 1.856271 -0.0071289
125.0 5.50 2.232147 0.0000818
125.0 6.00 2.587428 0.0086088
125.0 6.50 2.964811 0.0182349
125.0 7.00 3.320221 0.0285549
125.0 7.50 3.657276 0.0391511
125.0 8.00 3.975698 0.0493523
125.0 8.50 4.249320 0.0590594
125.0 9.00 4.467698 0.0679817
125.0 9.50 4.668293 0.0756691
125.0 10.00 4.814605 0.0820671
125.0 10.50 4.911707 0.0869959
125.0 11.00 5.048864 0.0912349
125.0 11.50 5.172962 0.0946696
125.0 12.00 5.277801 0.0972965
125.0 12.50 5.384020 0.0995761
125.0 13.00 5.584728 0.1024749
125.0 13.50 5.695499 0.1041947
125.0 14.00 5.899000 0.1067809
125.0 14.50 6.123297 0.1095422
125.0 15.00 6.335715 0.1116770
125.0 15.50 6.470685 0.1134813
125.0 16.00 6.701708 0.1158585
130.0 2.00 0.294184 -0.0349933
130.0 2.50 0.465998 -0.0322862
130.0 3.00 0.675222 -0.0288390
130.0 3.50 0.921298 -0.0249445
130.0 4.00 1.202793 -0.0207385
130.0 4.50 1.516861 -0.0160802
130.0 5.00 1.862134 -0.0103336
130.0 5.50 2.238529 -0.0032127
130.0 6.00 2.618869 0.0049726
130.0 6.50 2.999527 0.0145364
130.0 7.00 3.385143 0.0247899
130.0 7.50 3.746217 0.0356151
130.0 8.00 4.096790 0.0463767
130.0 8.50 4.411910 0.0568474
130.0 9.00 4.677443 0.0668557
130.0 9.50 4.881468 0.0759178
130.0 10.00 5.066759 0.0835424
130.0 10.50 5.197919 0.0898368
130.0 11.00 5.360327 0.0951342
130.0 11.50 5.497719 0.0994773
130.0 12.00 5.621931 0.1029940
130.0 12.50 5.728368 0.1057511
130.0 13.00 5.836147 0.1082266
130.0 13.50 6.042976 0.1113741
130.0 14.00 6.167711 0.1135836
130.0 14.50 6.368012 0.1163199
130.0 15.00 6.598265 0.1192921
130.0 15.50 6.816253 0.1215529
130.0 16.00 6.964610 0.1239332
135.0 2.00 0.294088 -0.0382919
135.0 2.50 0.466218 -0.0356540
135.0 3.00 0.675963 -0.0322634
135.0 3.50 0.922802 -0.0283774
135.0 4.00 1.205598 -0.0241143
135.0 4.50 1.521690 -0.0193882
135.0 5.00 1.868543 -0.0136958
135.0 5.50 2.245815 -0.0065912
135.0 6.00 2.658073 0.0013129
135.0 6.50 3.039206 0.0105797
135.0 7.00 3.446752 0.0208817
135.0 7.50 3.826757 0.0317790
135.0 8.00 4.206645 0.0428341
135.0 8.50 4.556023 0.0539470
135.0 9.00 4.867463 0.0648293
135.0 9.50 5.120866 0.0750951
135.0 10.00 5.360647 0.0841581
135.0 10.50 5.541642 0.0919449
135.0 11.00 5.664293 0.0982469
135.0 11.50 5.827416 0.1036605
135.0 12.00 5.965654 0.1081025
135.0 12.50 6.091038 0.1118449
135.0 13.00 6.200324 0.1149662
135.0 13.50 6.316464 0.1178606
135.0 14.00 6.523876 0.1211913
135.0 14.50 6.733416 0.1240820
135.0 15.00 6.859670 0.1267073
135.0 15.50 7.094523 0.1298768
135.0 16.00 7.343947 0.1331615
140.0 2.00 0.293893 -0.0416768
140.0 2.50 0.466267 -0.0390991
140.0 3.00 0.676458 -0.0357646
140.0 3.50 0.923992 -0.0319081
140.0 4.00 1.207936 -0.0276277
140.0 4.50 1.526102 -0.0228736
140.0 5.00 1.875322 -0.0172429
140.0 5.50 2.254209 -0.0101435
140.0 6.00 2.668259 -0.0023866
140.0 6.50 3.077369 0.0065729
140.0 7.00 3.487477 0.0168673
140.0 7.50 3.905563 0.0277623
140.0 8.00 4.304465 0.0389705
140.0 8.50 4.662100 0.0506786
140.0 9.00 5.035789 0.0620066
140.0 9.50 5.338511 0.0732835
140.0 10.00 5.626852 0.0835852
140.0 10.50 5.800052 0.0928709
140.0 11.00 5.962775 0.1005516
140.0 11.50 6.150232 0.1070672
140.0 12.00 6.315204 0.1126517
140.0 12.50 6.437059 0.1168259
140.0 13.00 6.583193 0.1215020
140.0 13.50 6.694674 0.1249889
140.0 14.00 6.905731 0.1286251
140.0 14.50 7.027190 0.1318066
140.0 15.00 7.241857 0.1348692
140.0 15.50 7.374530 0.1379091
140.0 16.00 7.612185 0.1412524
145.0 2.00 0.293619 -0.0451506
145.0 2.50 0.466190 -0.0426279
145.0 3.00 0.676746 -0.0393445
145.0 3.50 0.924874 -0.0355197
145.0 4.00 1.209847 -0.0312549
145.0 4.50 1.529826 -0.0265031
145.0 5.00 1.881562 -0.0209455
145.0 5.50 2.262732 -0.0139110
145.0 6.00 2.678580 -0.0062208
145.0 6.50 3.112239 0.0025392
145.0 7.00 3.533712 0.0125482
145.0 7.50 3.958004 0.0236356
145.0 8.00 4.375171 0.0350242
145.0 8.50 4.779663 0.0467768
145.0 9.00 5.158674 0.0588112
145.0 9.50 5.532384 0.0705609
145.0 10.00 5.822890 0.0821929
145.0 10.50 6.096275 0.0926320
145.0 11.00 6.311937 0.1018829
145.0 11.50 6.467188 0.1096374
145.0 12.00 6.659562 0.1164305
145.0 12.50 6.827370 0.1223826
145.0 13.00 6.950823 0.1269397
145.0 13.50 7.097591 0.1319122
145.0 14.00 7.210840 0.1357589
145.0 14.50 7.428527 0.1396343
145.0 15.00 7.552475 0.1431844
145.0 15.50 7.772311 0.1464244
145.0 16.00 7.914613 0.1499147
150.0 2.00 0.293269 -0.0487133
150.0 2.50 0.465962 -0.0462362
150.0 3.00 0.676827 -0.0430059
150.0 3.50 0.925496 -0.0392213
150.0 4.00 1.211380 -0.0349804
150.0 4.50 1.532941 -0.0302513
150.0 5.00 1.887098 -0.0247745
150.0 5.50 2.271057 -0.0178895
150.0 6.00 2.688611 -0.0102023
150.0 6.50 3.139847 -0.0016389
150.0 7.00 3.568049 0.0082103
150.0 7.50 4.016961 0.0190907
150.0 8.00 4.463923 0.0306095
150.0 8.50 4.887242 0.0425616
150.0 9.00 5.295200 0.0548726
150.0 9.50 5.673460 0.0674638
150.0 10.00 6.043697 0.0795998
150.0 10.50 6.370030 0.0912725
150.0 11.00 6.573162 0.1020901
150.0 11.50 6.846647 0.1113600
150.0 12.00 6.996064 0.1193323
150.0 12.50 7.194163 0.1265448
150.0 13.00 7.344367 0.1323670
150.0 13.50 7.487516 0.1377808
150.0 14.00 7.634484 0.1430542
150.0 14.50 7.748586 0.1472539
150.0 15.00 7.972800 0.1513739
150.0 15.50 8.100160 0.1552909
150.0 16.00 8.324735 0.1587303
155.0 2.00 0.292858 -0.0523684
155.0 2.50 0.465636 -0.0499322
155.0 3.00 0.676754 -0.0467490
155.0 3.50 0.925815 -0.0429928
155.0 4.00 1.212580 -0.0387978
155.0 4.50 1.535454 -0.0340989
155.0 5.00 1.891961 -0.0287058
155.0 5.50 2.278830 -0.0220571
155.0 6.00 2.698282 -0.0143651
155.0 6.50 3.151962 -0.0059095
155.0 7.00 3.617423 0.0037025
155.0 7.50 4.059145 0.0145218
155.0 8.00 4.521691 0.0260717
155.0 8.50 4.964757 0.0382221
155.0 9.00 5.395721 0.0508444
155.0 9.50 5.830593 0.0634967
155.0 10.00 6.242880 0.0762479
155.0 10.50 6.567481 0.0891363
155.0 11.00 6.878271 0.1010076
155.0 11.50 7.126369 0.1117236
155.0 12.00 7.319588 0.1212736
155.0 12.50 7.550409 0.1297365
155.0 13.00 7.752329 0.1373553
155.0 13.50 7.903399 0.1435853
155.0 14.00 8.046927 0.1493264
155.0 14.50 8.193605 0.1549084
155.0 15.00 8.308594 0.1594592
155.0 15.50 8.538584 0.1638295
155.0 16.00 8.670378 0.1681276
160.0 2.00 0.292396 -0.0561178
160.0 2.50 0.465227 -0.0537186
160.0 3.00 0.676552 -0.0505782
160.0 3.50 0.925943 -0.0468462
160.0 4.00 1.213465 -0.0426984
160.0 4.50 1.537452 -0.0380375
160.0 5.00 1.896055 -0.0327267
160.0 5.50 2.285610 -0.0263022
160.0 6.00 2.707249 -0.0186869
160.0 6.50 3.163418 -0.0103322
160.0 7.00 3.651710 -0.0009259
160.0 7.50 4.107998 0.0096713
160.0 8.00 4.587390 0.0211431
160.0 8.50 5.062583 0.0333590
160.0 9.00 5.509796 0.0461222
160.0 9.50 5.974673 0.0590977
160.0 10.00 6.383694 0.0726476
160.0 10.50 6.792626 0.0858665
160.0 11.00 7.155767 0.0987899
160.0 11.50 7.462331 0.1109456
160.0 12.00 7.705763 0.1219426
160.0 12.50 7.895340 0.1319596
160.0 13.00 8.129057 0.1408246
160.0 13.50 8.333401 0.1488560
160.0 14.00 8.485914 0.1554945
160.0 14.50 8.629236 0.1615831
160.0 15.00 8.768823 0.1673145
160.0 15.50 8.891395 0.1723825
160.0 16.00 9.126037 0.1769921
165.0 2.00 0.291883 -0.0599591
165.0 2.50 0.464730 -0.0575919
165.0 3.00 0.676237 -0.0544960
165.0 3.50 0.925912 -0.0507859
165.0 4.00 1.214065 -0.0466853
165.0 4.50 1.539048 -0.0420706
165.0 5.00 1.899412 -0.0368328
165.0 5.50 2.291583 -0.0306106
165.0 6.00 2.715430 -0.0231112
165.0 6.50 3.173914 -0.0148784
165.0 7.00 3.665200 -0.0056327
165.0 7.50 4.154068 0.0048169
165.0 8.00 4.633130 0.0161887
165.0 8.50 5.125171 0.0284062
165.0 9.00 5.593907 0.0413386
165.0 9.50 6.078050 0.0545561
165.0 10.00 6.548354 0.0681514
165.0 10.50 6.953651 0.0823245
165.0 11.00 7.354488 0.0960013
165.0 11.50 7.703657 0.1092029
165.0 12.00 7.994134 0.1215546
165.0 12.50 8.225299 0.1330659
165.0 13.00 8.495918 0.1432992
165.0 13.50 8.731825 0.1525924
165.0 14.00 8.918660 0.1606639
165.0 14.50 9.090270 0.1680719
165.0 15.00 9.234450 0.1745212
165.0 15.50 9.369588 0.1805431
165.0 16.00 9.497260 0.1860086
170.0 2.00 0.291326 -0.0638969
170.0 2.50 0.464152 -0.0615548
170.0 3.00 0.675817 -0.0585049
170.0 3.50 0.925734 -0.0548133
170.0 4.00 1.214339 -0.0507518
170.0 4.50 1.540263 -0.0461870
170.0 5.00 1.902075 -0.0410212
170.0 5.50 2.296949 -0.0349738
170.0 6.00 2.722650 -0.0276268
170.0 6.50 3.183432 -0.0195367
170.0 7.00 3.677637 -0.0104695
170.0 7.50 4.204076 -0.0002731
170.0 8.00 4.676515 0.0110722
170.0 8.50 5.182257 0.0232139
170.0 9.00 5.700238 0.0360123
170.0 9.50 6.174015 0.0496671
170.0 10.00 6.666659 0.0635503
170.0 10.50 7.140183 0.0777454
170.0 11.00 7.583800 0.0920823
170.0 11.50 7.983929 0.1062355
170.0 12.00 8.330395 0.1197872
170.0 12.50 8.618724 0.1326186
170.0 13.00 8.844729 0.1445712
170.0 13.50 9.119290 0.1552742
170.0 14.00 9.357482 0.1650244
170.0 14.50 9.428970 0.1737104
170.0 15.00 9.715896 0.1813106
170.0 15.50 9.862681 0.1881669
170.0 16.00 9.992170 0.1944894
175.0 2.00 0.290747 -0.0679484
175.0 2.50 0.463551 -0.0656325
175.0 3.00 0.675337 -0.0626213
175.0 3.50 0.925476 -0.0589518
175.0 4.00 1.214380 -0.0549125
175.0 4.50 1.541181 -0.0504055
175.0 5.00 1.904175 -0.0453081
175.0 5.50 2.301229 -0.0393936
175.0 6.00 2.728870 -0.0322233
175.0 6.50 3.191729 -0.0242848
175.0 7.00 3.688454 -0.0153929
175.0 7.50 4.217630 -0.0053884
175.0 8.00 4.738014 0.0057113
175.0 8.50 5.246446 0.0176827
175.0 9.00 5.766236 0.0306354
175.0 9.50 6.285460 0.0441397
175.0 10.00 6.774627 0.0585889
175.0 10.50 7.272513 0.0731528
175.0 11.00 7.745306 0.0879429
175.0 11.50 8.181200 0.1028070
175.0 12.00 8.567940 0.1173241
175.0 12.50 8.903557 0.1314398
175.0 13.00 9.265977 0.1443667
175.0 13.50 9.487126 0.1567921
175.0 14.00 9.763798 0.1679268
175.0 14.50 9.987973 0.1779008
175.0 15.00 10.063981 0.1872190
175.0 15.50 10.360970 0.1952293
175.0 16.00 10.508239 0.2024599
180.0 2.00 0.290179 -0.0721307
180.0 2.50 0.462946 -0.0698368
180.0 3.00 0.674799 -0.0668502
180.0 3.50 0.925137 -0.0632068
180.0 4.00 1.214232 -0.0591745
180.0 4.50 1.541775 -0.0547228
180.0 5.00 1.905736 -0.0496833
180.0 5.50 2.304586 -0.0438827
180.0 6.00 2.734407 -0.0369060
180.0 6.50 3.198850 -0.0291019
180.0 7.00 3.697683 -0.0203790
180.0 7.50 4.229364 -0.0105802
180.0 8.00 4.794205 0.0002940
180.0 8.50 5.289784 0.0122199
180.0 9.00 5.824644 0.0250660
180.0 9.50 6.371937 0.0386571
180.0 10.00 6.899568 0.0529524
180.0 10.50 7.425952 0.0677499
180.0 11.00 7.934321 0.0829030
180.0 11.50 8.361274 0.0987508
180.0 12.00 8.787656 0.1140978
180.0 12.50 9.235105 0.1286813
180.0 13.00 9.568591 0.1433247
180.0 13.50 9.838149 0.1572693
180.0 14.00 10.151154 0.1696669
180.0 14.50 10.430103 0.1812578
180.0 15.00 10.530755 0.1920481
180.0 15.50 10.720284 0.2013975
180.0 16.00 11.027195 0.2097971
185.0 2.00 0.289557 -0.0764100
185.0 2.50 0.462257 -0.0741364
185.0 3.00 0.674204 -0.0711916
185.0 3.50 0.924710 -0.0675744
185.0 4.00 1.213971 -0.0635417
185.0 4.50 1.542085 -0.0591336
185.0 5.00 1.906886 -0.0541471
185.0 5.50 2.307188 -0.0484485
185.0 6.00 2.739558 -0.0416676
185.0 6.50 3.205043 -0.0339656
185.0 7.00 3.705662 -0.0254203
185.0 7.50 4.239766 -0.0158298
185.0 8.00 4.806985 -0.0051277
185.0 8.50 5.345497 0.0065759
185.0 9.00 5.876829 0.0193769
185.0 9.50 6.439831 0.0329373
185.0 10.00 6.986889 0.0473568
185.0 10.50 7.533219 0.0623810
185.0 11.00 8.064789 0.0778438
185.0 11.50 8.571117 0.0936203
185.0 12.00 9.042350 0.1095800
185.0 12.50 9.470873 0.1254997
185.0 13.00 9.848897 0.1412925
185.0 13.50 10.258068 0.1559050
185.0 14.00 10.519298 0.1703246
185.0 14.50 10.836248 0.1831985
185.0 15.00 11.118846 0.1952404
185.0 15.50 11.207448 0.2064570
185.0 16.00 11.397628 0.2162257
190.0 2.00 0.288930 -0.0808112
190.0 2.50 0.461547 -0.0785543
190.0 3.00 0.673555 -0.0756457
190.0 3.50 0.924220 -0.0720591
190.0 4.00 1.213582 -0.0680119
190.0 4.50 1.542079 -0.0636400
190.0 5.00 1.907740 -0.0587099
190.0 5.50 2.309239 -0.0530957
190.0 6.00 2.743875 -0.0464876
190.0 6.50 3.210615 -0.0389084
190.0 7.00 3.712877 -0.0305259
190.0 7.50 4.249080 -0.0211194
190.0 8.00 4.818308 -0.0106026
190.0 8.50 5.393433 0.0009629
190.0 9.00 5.938783 0.0134288
190.0 9.50 6.500805 0.0270364
190.0 10.00 7.077254 0.0415177
190.0 10.50 7.632035 0.0567065
190.0 11.00 8.184885 0.0724239
190.0 11.50 8.718287 0.0885548
190.0 12.00 9.221024 0.1049661
190.0 12.50 9.686957 0.1215776
190.0 13.00 10.180710 0.1375972
190.0 13.50 10.556814 0.1539849
190.0 14.00 10.870730 0.1698743
190.0 14.50 11.225034 0.1839957
190.0 15.00 11.544441 0.1973855
190.0 15.50 11.686461 0.2103101
190.0 16.00 11.904830 0.2214864
195.0 2.00 0.288299 -0.0853327
195.0 2.50 0.460842 -0.0831010
195.0 3.00 0.672844 -0.0802086
195.0 3.50 0.923651 -0.0766550
195.0 4.00 1.213105 -0.0725929
195.0 4.50 1.541856 -0.0682435
195.0 5.00 1.908322 -0.0633689
195.0 5.50 2.310834 -0.0578275
195.0 6.00 2.747432 -0.0513683
195.0 6.50 3.215799 -0.0439092
195.0 7.00 3.719419 -0.0356746
195.0 7.50 4.257306 -0.0264434
195.0 8.00 4.828584 -0.0161326
195.0 8.50 5.433990 -0.0047889
195.0 9.00 5.981826 0.0076052
195.0 9.50 6.555683 0.0210406
195.0 10.00 7.147925 0.0354552
195.0 10.50 7.722847 0.0507616
195.0 11.00 8.296290 0.0666805
195.0 11.50 8.853310 0.0831074
195.0 12.00 9.385921 0.0999166
195.0 12.50 9.885359 0.1170199
195.0 13.00 10.413851 0.1337029
195.0 13.50 10.832595 0.1510951
195.0 14.00 11.287944 0.1673538
195.0 14.50 11.594038 0.1836800
195.0 15.00 11.955750 0.1982922
195.0 15.50 12.276596 0.2121980
195.0 16.00 12.405466 0.2255151
200.0 2.00 0.287631 -0.0899578
200.0 2.50 0.460055 -0.0877410
200.0 3.00 0.672093 -0.0848869
200.0 3.50 0.922995 -0.0813605
200.0 4.00 1.212546 -0.0772912
200.0 4.50 1.541426 -0.0729460
200.0 5.00 1.908622 -0.0681241
200.0 5.50 2.312039 -0.0626479
200.0 6.00 2.750295 -0.0563238
200.0 6.50 3.220687 -0.0489734
200.0 7.00 3.725342 -0.0408776
200.0 7.50 4.264735 -0.0318377
200.0 8.00 4.838106 -0.0217074
200.0 8.50 5.445430 -0.0105289
200.0 9.00 6.035919 0.0017166
200.0 9.50 6.604950 0.0149643
200.0 10.00 7.212076 0.0292332
200.0 10.50 7.817752 0.0445922
200.0 11.00 8.399199 0.0606448
200.0 11.50 8.978349 0.0773248
200.0 12.00 9.584659 0.0939102
200.0 12.50 10.121437 0.1112839
200.0 13.00 10.626001 0.1291198
200.0 13.50 11.090925 0.1473699
200.0 14.00 11.582324 0.1645767
200.0 14.50 11.940417 0.1822783
200.0 15.00 12.342547 0.1981091
200.0 15.50 12.707919 0.2132463
200.0 16.00 12.882022 0.2282903
