a CTmom CTglauert CTbuhl CTheli CTbuhl09 CTheli09
-0.2 -0.96 -0.96 -0.96 -0.96 -0.864 -0.864
-0.195 -0.9321 -0.9321 -0.9321 -0.9321 -0.83889 -0.83889
-0.19 -0.9044 -0.9044 -0.9044 -0.9044 -0.81396 -0.81396
-0.185 -0.8769 -0.8769 -0.8769 -0.8769 -0.78921 -0.78921
-0.18 -0.8496 -0.8496 -0.8496 -0.8496 -0.76464 -0.76464
-0.175 -0.8225 -0.8225 -0.8225 -0.8225 -0.74025 -0.74025
-0.17 -0.7956 -0.7956 -0.7956 -0.7956 -0.71604 -0.71604
-0.165 -0.7689 -0.7689 -0.7689 -0.7689 -0.69201 -0.69201
-0.16 -0.7424 -0.7424 -0.7424 -0.7424 -0.66816 -0.66816
-0.155 -0.7161 -0.7161 -0.7161 -0.7161 -0.64449 -0.64449
-0.15 -0.69 -0.69 -0.69 -0.69 -0.621 -0.621
-0.145 -0.6641 -0.6641 -0.6641 -0.6641 -0.59769 -0.59769
-0.14 -0.6384 -0.6384 -0.6384 -0.6384 -0.57456 -0.57456
-0.135 -0.6129 -0.6129 -0.6129 -0.6129 -0.55161 -0.55161
-0.13 -0.5876 -0.5876 -0.5876 -0.5876 -0.52884 -0.52884
-0.125 -0.5625 -0.5625 -0.5625 -0.5625 -0.50625 -0.50625
-0.12 -0.5376 -0.5376 -0.5376 -0.5376 -0.48384 -0.48384
-0.115 -0.5129 -0.5129 -0.5129 -0.5129 -0.46161 -0.46161
-0.11 -0.4884 -0.4884 -0.4884 -0.4884 -0.43956 -0.43956
-0.105 -0.4641 -0.4641 -0.4641 -0.4641 -0.41769 -0.41769
-0.1 -0.44 -0.44 -0.44 -0.44 -0.396 -0.396
-0.095 -0.4161 -0.4161 -0.4161 -0.4161 -0.37449 -0.37449
-0.09 -0.3924 -0.3924 -0.3924 -0.3924 -0.35316 -0.35316
-0.085 -0.3689 -0.3689 -0.3689 -0.3689 -0.33201 -0.33201
-0.08 -0.3456 -0.3456 -0.3456 -0.3456 -0.31104 -0.31104
-0.075 -0.3225 -0.3225 -0.3225 -0.3225 -0.29025 -0.29025
-0.07 -0.2996 -0.2996 -0.2996 -0.2996 -0.26964 -0.26964
-0.065 -0.2769 -0.2769 -0.2769 -0.2769 -0.24921 -0.24921
-0.06 -0.2544 -0.2544 -0.2544 -0.2544 -0.22896 -0.22896
-0.055 -0.2321 -0.2321 -0.2321 -0.2321 -0.20889 -0.20889
-0.05 -0.21 -0.21 -0.21 -0.21 -0.189 -0.189
-0.045 -0.1881 -0.1881 -0.1881 -0.1881 -0.16929 -0.16929
-0.04 -0.1664 -0.1664 -0.1664 -0.1664 -0.14976 -0.14976
-0.035 -0.1449 -0.1449 -0.1449 -0.1449 -0.13041 -0.13041
-0.03 -0.1236 -0.1236 -0.1236 -0.1236 -0.11124 -0.11124
-0.025 -0.1025 -0.1025 -0.1025 -0.1025 -0.09225 -0.09225
-0.02 -0.0816 -0.0816 -0.0816 -0.0816 -0.07344 -0.07344
-0.015 -0.0609 -0.0609 -0.0609 -0.0609 -0.05481 -0.05481
-0.01 -0.0404 -0.0404 -0.0404 -0.0404 -0.03636 -0.03636
-0.005 -0.0201 -0.0201 -0.0201 -0.0201 -0.01809 -0.01809
0 0 0 0 0 0 0
0.005 0.0199 0.0199 0.0199 0.0199 0.01791 0.01791
0.01 0.0396 0.0396 0.0396 0.0396 0.03564 0.03564
0.015 0.0591 0.0591 0.0591 0.0591 0.05319 0.05319
0.02 0.0784 0.0784 0.0784 0.0784 0.07056 0.07056
0.025 0.0975 0.0975 0.0975 0.0975 0.08775 0.08775
0.03 0.1164 0.1164 0.1164 0.1164 0.10476 0.10476
0.035 0.1351 0.1351 0.1351 0.1351 0.12159 0.12159
0.04 0.1536 0.1536 0.1536 0.1536 0.13824 0.13824
0.045 0.1719 0.1719 0.1719 0.1719 0.15471 0.15471
0.05 0.19 0.19 0.19 0.19 0.171 0.171
0.055 0.2079 0.2079 0.2079 0.2079 0.18711 0.18711
0.06 0.2256 0.2256 0.2256 0.2256 0.20304 0.20304
0.065 0.2431 0.2431 0.2431 0.2431 0.21879 0.21879
0.07 0.2604 0.2604 0.2604 0.2604 0.23436 0.23436
0.075 0.2775 0.2775 0.2775 0.2775 0.24975 0.24975
0.08 0.2944 0.2944 0.2944 0.2944 0.26496 0.26496
0.085 0.3111 0.3111 0.3111 0.3111 0.27999 0.27999
0.09 0.3276 0.3276 0.3276 0.3276 0.29484 0.29484
0.095 0.3439 0.3439 0.3439 0.3439 0.30951 0.30951
0.1 0.36 0.36 0.36 0.36 0.324 0.324
0.105 0.3759 0.3759 0.3759 0.3759 0.33831 0.33831
0.11 0.3916 0.3916 0.3916 0.3916 0.35244 0.35244
0.115 0.4071 0.4071 0.4071 0.4071 0.36639 0.36639
0.12 0.4224 0.4224 0.4224 0.4224 0.38016 0.38016
0.125 0.4375 0.4375 0.4375 0.4375 0.39375 0.39375
0.13 0.4524 0.4524 0.4524 0.4524 0.40716 0.40716
0.135 0.4671 0.4671 0.4671 0.4671 0.42039 0.42039
0.14 0.4816 0.4816 0.4816 0.4816 0.43344 0.43344
0.145 0.4959 0.4959 0.4959 0.4959 0.44631 0.44631
0.15 0.51 0.51 0.51 0.51 0.459 0.459
0.155 0.5239 0.5239 0.5239 0.5239 0.47151 0.47151
0.16 0.5376 0.5376 0.5376 0.5376 0.48384 0.48384
0.165 0.5511 0.5511 0.5511 0.5511 0.49599 0.49599
0.17 0.5644 0.5644 0.5644 0.5644 0.50796 0.50796
0.175 0.5775 0.5775 0.5775 0.5775 0.51975 0.51975
0.18 0.5904 0.5904 0.5904 0.5904 0.53136 0.53136
0.185 0.6031 0.6031 0.6031 0.6031 0.54279 0.54279
0.19 0.6156 0.6156 0.6156 0.6156 0.55404 0.55404
0.195 0.6279 0.6279 0.6279 0.6279 0.56511 0.56511
0.2 0.64 0.64 0.64 0.64 0.576 0.576
0.205 0.6519 0.6519 0.6519 0.6519 0.58671 0.58671
0.21 0.6636 0.6636 0.6636 0.6636 0.59724 0.59724
0.215 0.6751 0.6751 0.6751 0.6751 0.60759 0.60759
0.22 0.6864 0.6864 0.6864 0.6864 0.61776 0.61776
0.225 0.6975 0.6975 0.6975 0.6975 0.62775 0.62775
0.23 0.7084 0.7084 0.7084 0.7084 0.63756 0.63756
0.235 0.7191 0.7191 0.7191 0.7191 0.64719 0.64719
0.24 0.7296 0.7296 0.7296 0.7296 0.65664 0.65664
0.245 0.7399 0.7399 0.7399 0.7399 0.66591 0.66591
0.25 0.75 0.75 0.75 0.75 0.675 0.675
0.255 0.7599 0.7599 0.7599 0.7599 0.68391 0.68391
0.26 0.7696 0.7696 0.7696 0.7696 0.69264 0.69264
0.265 0.7791 0.7791 0.7791 0.7791 0.70119 0.70119
0.27 0.7884 0.7884 0.7884 0.7884 0.70956 0.70956
0.275 0.7975 0.7975 0.7975 0.7975 0.71775 0.71775
0.28 0.8064 0.8064 0.8064 0.8064 0.72576 0.72576
0.285 0.8151 0.8151 0.8151 0.8151 0.73359 0.73359
0.29 0.8236 0.8236 0.8236 0.8236 0.74124 0.74124
0.295 0.8319 0.8319 0.8319 0.8319 0.74871 0.74871
0.3 0.84 0.84 0.84 0.84 0.756 0.756
0.305 0.8479 0.8479 0.8479 0.8479 0.76311 0.76311
0.31 0.8556 0.8556 0.8556 0.8556 0.77004 0.77004
0.315 0.8631 0.8631 0.8631 0.8631 0.77679 0.77679
0.32 0.8704 0.8704 0.8704 0.8704 0.78336 0.78336
0.325 0.8775 0.8775 0.8775 0.8775 0.78975 0.78975
0.33 0.8844 0.8844 0.8844 0.8844 0.79596 0.79596
0.335 0.8911 0.8911 0.8911 0.8911 0.80199 0.80199
0.34 0.8976 0.8976 0.8976 0.8976 0.80784 0.80784
0.345 0.9039 0.9039 0.9039 0.9039 0.81351 0.81351
0.35 0.91 0.91 0.91 0.91 0.819 0.819
0.355 0.9159 0.9159 0.9159 0.9159 0.82431 0.82431
0.36 0.9216 0.9216 0.9216 0.9216 0.82944 0.82944
0.365 0.9271 0.9271 0.9271 0.925272 0.83439 0.832745
0.37 0.9324 0.9324 0.9324 0.926765 0.83916 0.834089
0.375 0.9375 0.9375 0.9375 0.928265 0.84375 0.835439
0.38 0.9424 0.9424 0.9424 0.929773 0.84816 0.836795
0.385 0.9471 0.9471 0.9471 0.931288 0.85239 0.838159
0.39 0.9516 0.9516 0.9516 0.93281 0.85644 0.839529
0.395 0.9559 0.9559 0.9559 0.93434 0.86031 0.840906
0.4 0.96 0.96 0.96 0.935878 0.864 0.842291
0.405 0.9639 0.96422 0.964039 0.937424 0.867649 0.843682
0.41 0.9676 0.968336 0.968156 0.938978 0.871396 0.84508
0.415 0.9711 0.972529 0.97235 0.940539 0.87524 0.846485
0.42 0.9744 0.9768 0.976622 0.942109 0.879182 0.847898
0.425 0.9775 0.981149 0.980972 0.943686 0.883222 0.849317
0.43 0.9804 0.985575 0.9854 0.945272 0.88736 0.850744
0.435 0.9831 0.99008 0.989906 0.946865 0.891596 0.852179
0.44 0.9856 0.994662 0.994489 0.948467 0.895929 0.853621
0.445 0.9879 0.999322 0.99915 0.950078 0.90036 0.85507
0.45 0.99 1.00406 1.00389 0.951696 0.904889 0.856527
0.455 0.9919 1.00888 1.00871 0.953324 0.909516 0.857991
0.46 0.9936 1.01377 1.0136 0.954959 0.91424 0.859463
0.465 0.9951 1.01874 1.01857 0.956604 0.919062 0.860943
0.47 0.9964 1.02379 1.02362 0.958257 0.923982 0.862431
0.475 0.9975 1.02892 1.02875 0.959919 0.929 0.863927
0.48 0.9984 1.03412 1.03396 0.961589 0.934116 0.86543
0.485 0.9991 1.0394 1.03924 0.963269 0.939329 0.866942
0.49 0.9996 1.04476 1.0446 0.964958 0.94464 0.868462
0.495 0.9999 1.0502 1.05004 0.966655 0.950049 0.86999
0.5 1 1.05572 1.05556 0.968362 0.955556 0.871526
0.505 0.9999 1.06131 1.06115 0.970078 0.96116 0.87307
0.51 0.9996 1.06698 1.06682 0.971804 0.966862 0.874623
0.515 0.9991 1.07273 1.07257 0.973539 0.972662 0.876185
0.52 0.9984 1.07856 1.0784 0.975283 0.97856 0.877755
0.525 0.9975 1.08446 1.08431 0.977037 0.984556 0.879334
0.53 0.9964 1.09045 1.09029 0.978801 0.990649 0.880921
0.535 0.9951 1.09651 1.09635 0.980575 0.99684 0.882517
0.54 0.9936 1.10264 1.10249 0.982358 1.00313 0.884122
0.545 0.9919 1.10886 1.10871 0.984151 1.00952 0.885736
0.55 0.99 1.11515 1.115 0.985955 1.016 0.887359
0.555 0.9879 1.12153 1.12137 0.987768 1.02258 0.888992
0.56 0.9856 1.12797 1.12782 0.989592 1.02926 0.890633
0.565 0.9831 1.1345 1.13435 0.991427 1.03604 0.892284
0.57 0.9804 1.14111 1.14096 0.993271 1.04292 0.893944
0.575 0.9775 1.14779 1.14764 0.995126 1.04989 0.895614
0.58 0.9744 1.15455 1.1544 0.996992 1.05696 0.897293
0.585 0.9711 1.16139 1.16124 0.998869 1.06413 0.898982
0.59 0.9676 1.1683 1.16816 1.00076 1.0714 0.900681
0.595 0.9639 1.1753 1.17515 1.00265 1.07876 0.902389
0.6 0.96 1.18237 1.18222 1.00456 1.08622 0.904108
0.605 0.9559 1.18952 1.18937 1.00649 1.09378 0.905837
0.61 0.9516 1.19675 1.1966 1.00842 1.10144 0.907575
0.615 0.9471 1.20405 1.20391 1.01036 1.1092 0.909324
0.62 0.9424 1.21144 1.21129 1.01232 1.11705 0.911084
0.625 0.9375 1.2189 1.21875 1.01428 1.125 0.912854
0.63 0.9324 1.22643 1.22629 1.01626 1.13305 0.914634
0.635 0.9271 1.23405 1.23391 1.01825 1.1412 0.916425
0.64 0.9216 1.24174 1.2416 1.02025 1.14944 0.918227
0.645 0.9159 1.24952 1.24937 1.02227 1.15778 0.92004
0.65 0.91 1.25737 1.25722 1.02429 1.16622 0.921864
0.655 0.9039 1.26529 1.26515 1.02633 1.17476 0.923699
0.66 0.8976 1.2733 1.27316 1.02838 1.1834 0.925545
0.665 0.8911 1.28138 1.28124 1.03045 1.19213 0.927403
0.67 0.8844 1.28954 1.2894 1.03252 1.20096 0.929271
0.675 0.8775 1.29778 1.29764 1.03461 1.20989 0.931152
0.68 0.8704 1.3061 1.30596 1.03672 1.21892 0.933044
0.685 0.8631 1.31449 1.31435 1.03883 1.22804 0.934948
0.69 0.8556 1.32296 1.32282 1.04096 1.23726 0.936864
0.695 0.8479 1.33151 1.33137 1.0431 1.24658 0.938793
0.7 0.84 1.34014 1.34 1.04526 1.256 0.940733
0.705 0.8319 1.34885 1.34871 1.04743 1.26552 0.942686
0.71 0.8236 1.35763 1.35749 1.04961 1.27513 0.944651
0.715 0.8151 1.36649 1.36635 1.05181 1.28484 0.946628
0.72 0.8064 1.37543 1.37529 1.05402 1.29465 0.948619
0.725 0.7975 1.38445 1.38431 1.05625 1.30456 0.950622
0.73 0.7884 1.39354 1.3934 1.05849 1.31456 0.952638
0.735 0.7791 1.40271 1.40257 1.06074 1.32466 0.954668
0.74 0.7696 1.41196 1.41182 1.06301 1.33486 0.956711
0.745 0.7599 1.42129 1.42115 1.0653 1.34516 0.958767
0.75 0.75 1.4307 1.43056 1.0676 1.35556 0.960837
0.755 0.7399 1.44018 1.44004 1.06991 1.36605 0.96292
0.76 0.7296 1.44974 1.4496 1.07224 1.37664 0.965018
0.765 0.7191 1.45938 1.45924 1.07459 1.38733 0.967129
0.77 0.7084 1.4691 1.46896 1.07695 1.39812 0.969255
0.775 0.6975 1.47889 1.47875 1.07933 1.409 0.971395
0.78 0.6864 1.48877 1.48862 1.08172 1.41998 0.973549
0.785 0.6751 1.49872 1.49857 1.08413 1.43106 0.975718
0.79 0.6636 1.50874 1.5086 1.08656 1.44224 0.977902
0.795 0.6519 1.51885 1.51871 1.089 1.45352 0.980101
0.8 0.64 1.52903 1.52889 1.09146 1.46489 0.982316
0.805 0.6279 1.53929 1.53915 1.09394 1.47636 0.984545
0.81 0.6156 1.54963 1.54949 1.09643 1.48793 0.986791
0.815 0.6031 1.56005 1.55991 1.09895 1.4996 0.989051
0.82 0.5904 1.57055 1.5704 1.10148 1.51136 0.991328
0.825 0.5775 1.58112 1.58097 1.10402 1.52322 0.993621
0.83 0.5644 1.59177 1.59162 1.10659 1.53518 0.99593
0.835 0.5511 1.6025 1.60235 1.10917 1.54724 0.998256
0.84 0.5376 1.6133 1.61316 1.11178 1.5594 1.0006
0.845 0.5239 1.62419 1.62404 1.1144 1.57165 1.00296
0.85 0.51 1.63515 1.635 1.11704 1.584 1.00533
0.855 0.4959 1.64619 1.64604 1.1197 1.59645 1.00773
0.86 0.4816 1.6573 1.65716 1.12238 1.609 1.01014
0.865 0.4671 1.6685 1.66835 1.12508 1.62164 1.01257
0.87 0.4524 1.67977 1.67962 1.12779 1.63438 1.01501
0.875 0.4375 1.69112 1.69097 1.13053 1.64722 1.01748
0.88 0.4224 1.70255 1.7024 1.13329 1.66016 1.01996
0.885 0.4071 1.71406 1.71391 1.13607 1.6732 1.02246
0.89 0.3916 1.72564 1.72549 1.13887 1.68633 1.02499
0.895 0.3759 1.7373 1.73715 1.14169 1.69956 1.02753
0.9 0.36 1.74904 1.74889 1.14454 1.71289 1.03008
0.905 0.3439 1.76086 1.76071 1.1474 1.72632 1.03266
0.91 0.3276 1.77275 1.7726 1.15029 1.73984 1.03526
0.915 0.3111 1.78473 1.78457 1.1532 1.75346 1.03788
0.92 0.2944 1.79678 1.79662 1.15613 1.76718 1.04052
0.925 0.2775 1.80891 1.80875 1.15909 1.781 1.04318
0.93 0.2604 1.82111 1.82096 1.16206 1.79492 1.04586
0.935 0.2431 1.8334 1.83324 1.16507 1.80893 1.04856
0.94 0.2256 1.84576 1.8456 1.16809 1.82304 1.05128
0.945 0.2079 1.8582 1.85804 1.17114 1.83725 1.05403
0.95 0.19 1.87072 1.87056 1.17421 1.85156 1.05679
0.955 0.1719 1.88331 1.88315 1.17731 1.86596 1.05958
0.96 0.1536 1.89598 1.89582 1.18043 1.88046 1.06239
0.965 0.1351 1.90874 1.90857 1.18358 1.89506 1.06522
0.97 0.1164 1.92156 1.9214 1.18676 1.90976 1.06808
0.975 0.0975 1.93447 1.93431 1.18996 1.92456 1.07096
0.98 0.0784 1.94745 1.94729 1.19318 1.93945 1.07387
0.985 0.0591 1.96052 1.96035 1.19644 1.95444 1.07679
0.99 0.0396 1.97366 1.97349 1.19972 1.96953 1.07975
0.995 0.0199 1.98687 1.98671 1.20303 1.98472 1.08272
1 0 2.00017 2 1.20636 2 1.08573
1.005 -0.0201 2.01354 2.01337 1.20973 2.01538 1.08875
1.01 -0.0404 2.02699 2.02682 1.21312 2.03086 1.09181
1.015 -0.0609 2.04052 2.04035 1.21654 2.04644 1.09489
1.02 -0.0816 2.05413 2.05396 1.21999 2.06212 1.09799
1.025 -0.1025 2.06781 2.06764 1.22347 2.07789 1.10113
1.03 -0.1236 2.08158 2.0814 1.22699 2.09376 1.10429
1.035 -0.1449 2.09542 2.09524 1.23053 2.10973 1.10748
1.04 -0.1664 2.10933 2.10916 1.2341 2.1258 1.11069
1.045 -0.1881 2.12333 2.12315 1.23771 2.14196 1.11394
1.05 -0.21 2.1374 2.13722 1.24134 2.15822 1.11721
1.055 -0.2321 2.15155 2.15137 1.24501 2.17458 1.12051
1.06 -0.2544 2.16578 2.1656 1.24872 2.19104 1.12385
1.065 -0.2769 2.18009 2.17991 1.25245 2.2076 1.12721
1.07 -0.2996 2.19448 2.19429 1.25622 2.22425 1.1306
1.075 -0.3225 2.20894 2.20875 1.26003 2.241 1.13403
1.08 -0.3456 2.22348 2.22329 1.26387 2.25785 1.13748
1.085 -0.3689 2.2381 2.23791 1.26774 2.2748 1.14097
1.09 -0.3924 2.25279 2.2526 1.27165 2.29184 1.14449
1.095 -0.4161 2.26757 2.26737 1.2756 2.30898 1.14804
1.1 -0.44 2.28242 2.28222 1.27959 2.32622 1.15163
1.105 -0.4641 2.29735 2.29715 1.28361 2.34356 1.15525
1.11 -0.4884 2.31235 2.31216 1.28767 2.361 1.15891
1.115 -0.5129 2.32744 2.32724 1.29177 2.37853 1.1626
1.12 -0.5376 2.3426 2.3424 1.29591 2.39616 1.16632
1.125 -0.5625 2.35784 2.35764 1.30009 2.41389 1.17008
1.13 -0.5876 2.37316 2.37296 1.30431 2.43172 1.17388
1.135 -0.6129 2.38856 2.38835 1.30858 2.44964 1.17772
1.14 -0.6384 2.40403 2.40382 1.31288 2.46766 1.18159
1.145 -0.6641 2.41958 2.41937 1.31723 2.48578 1.18551
1.15 -0.69 2.43521 2.435 1.32162 2.504 1.18946
1.155 -0.7161 2.45092 2.45071 1.32605 2.52232 1.19345
1.16 -0.7424 2.4667 2.46649 1.33053 2.54073 1.19748
1.165 -0.7689 2.48256 2.48235 1.33506 2.55924 1.20155
1.17 -0.7956 2.49851 2.49829 1.33963 2.57785 1.20567
1.175 -0.8225 2.51452 2.51431 1.34425 2.59656 1.20982
1.18 -0.8496 2.53062 2.5304 1.34892 2.61536 1.21402
1.185 -0.8769 2.54679 2.54657 1.35363 2.63426 1.21827
1.19 -0.9044 2.56305 2.56282 1.3584 2.65326 1.22256
1.195 -0.9321 2.57937 2.57915 1.36321 2.67236 1.22689
1.2 -0.96 2.59578 2.59556 1.36808 2.69156 1.23127
1.205 -0.9881 2.61227 2.61204 1.373 2.71085 1.2357
1.21 -1.0164 2.62883 2.6286 1.37797 2.73024 1.24017
1.215 -1.0449 2.64547 2.64524 1.38299 2.74973 1.2447
1.22 -1.0736 2.66219 2.66196 1.38808 2.76932 1.24927
1.225 -1.1025 2.67899 2.67875 1.39321 2.789 1.25389
1.23 -1.1316 2.69586 2.69562 1.3984 2.80878 1.25856
1.235 -1.1609 2.71281 2.71257 1.40365 2.82866 1.26329
1.24 -1.1904 2.72984 2.7296 1.40896 2.84864 1.26807
1.245 -1.2201 2.74695 2.74671 1.41433 2.86872 1.2729
1.25 -1.25 2.76413 2.76389 1.41976 2.88889 1.27779
1.255 -1.2801 2.7814 2.78115 1.42525 2.90916 1.28273
1.26 -1.3104 2.79874 2.79849 1.43081 2.92953 1.28773
1.265 -1.3409 2.81616 2.81591 1.43643 2.95 1.29279
1.27 -1.3716 2.83365 2.8334 1.44211 2.97056 1.2979
1.275 -1.4025 2.85123 2.85097 1.44786 2.99122 1.30308
1.28 -1.4336 2.86888 2.86862 1.45368 3.01198 1.30831
1.285 -1.4649 2.88661 2.88635 1.45957 3.03284 1.31361
1.29 -1.4964 2.90442 2.90416 1.46553 3.0538 1.31898
1.295 -1.5281 2.9223 2.92204 1.47156 3.07485 1.3244
1.3 -1.56 2.94027 2.94 1.47766 3.096 1.3299
1.305 -1.5921 2.95831 2.95804 1.48384 3.11725 1.33545
1.31 -1.6244 2.97643 2.97616 1.49009 3.1386 1.34108
1.315 -1.6569 2.99462 2.99435 1.49642 3.16004 1.34678
1.32 -1.6896 3.0129 3.01262 1.50283 3.18158 1.35255
1.325 -1.7225 3.03125 3.03097 1.50932 3.20322 1.35839
1.33 -1.7556 3.04968 3.0494 1.51589 3.22496 1.3643
1.335 -1.7889 3.06819 3.06791 1.52254 3.2468 1.37029
1.34 -1.8224 3.08677 3.08649 1.52928 3.26873 1.37635
1.345 -1.8561 3.10544 3.10515 1.53611 3.29076 1.3825
1.35 -1.89 3.12418 3.12389 1.54302 3.31289 1.38872
1.355 -1.9241 3.143 3.14271 1.55002 3.33512 1.39502
1.36 -1.9584 3.16189 3.1616 1.55712 3.35744 1.40141
1.365 -1.9929 3.18087 3.18057 1.56431 3.37986 1.40788
1.37 -2.0276 3.19992 3.19962 1.57159 3.40238 1.41443
1.375 -2.0625 3.21905 3.21875 1.57897 3.425 1.42107
1.38 -2.0976 3.23826 3.23796 1.58645 3.44772 1.42781
1.385 -2.1329 3.25755 3.25724 1.59404 3.47053 1.43463
1.39 -2.1684 3.27691 3.2766 1.60172 3.49344 1.44155
1.395 -2.2041 3.29635 3.29604 1.60951 3.51645 1.44856
1.4 -2.24 3.31587 3.31556 1.61741 3.53956 1.45567
1.405 -2.2761 3.33547 3.33515 1.62542 3.56276 1.46288
1.41 -2.3124 3.35514 3.35482 1.63354 3.58606 1.47019
1.415 -2.3489 3.37489 3.37457 1.64178 3.60946 1.4776
1.42 -2.3856 3.39472 3.3944 1.65013 3.63296 1.48511
1.425 -2.4225 3.41463 3.41431 1.6586 3.65656 1.49274
1.43 -2.4596 3.43462 3.43429 1.66719 3.68025 1.50047
1.435 -2.4969 3.45468 3.45435 1.67591 3.70404 1.50832
1.44 -2.5344 3.47482 3.47449 1.68475 3.72793 1.51628
1.445 -2.5721 3.49504 3.49471 1.69373 3.75192 1.52435
1.45 -2.61 3.51534 3.515 1.70283 3.776 1.53255
1.455 -2.6481 3.53572 3.53537 1.71207 3.80018 1.54087
1.46 -2.6864 3.55617 3.55582 1.72145 3.82446 1.54931
1.465 -2.7249 3.5767 3.57635 1.73097 3.84884 1.55788
1.47 -2.7636 3.59731 3.59696 1.74064 3.87332 1.56657
1.475 -2.8025 3.61799 3.61764 1.75045 3.89789 1.5754
1.48 -2.8416 3.63876 3.6384 1.76041 3.92256 1.58437
1.485 -2.8809 3.6596 3.65924 1.77052 3.94733 1.59347
1.49 -2.9204 3.68052 3.68016 1.78079 3.9722 1.60271
1.495 -2.9601 3.70152 3.70115 1.79122 3.99716 1.6121
1.5 -3 3.72259 3.72222 1.80181 4.02222 1.62163
1.505 -3.0401 3.74374 3.74337 1.81257 4.04738 1.63131
1.51 -3.0804 3.76497 3.7646 1.8235 4.07264 1.64115
1.515 -3.1209 3.78628 3.78591 1.8346 4.098 1.65114
1.52 -3.1616 3.80767 3.80729 1.84588 4.12345 1.6613
1.525 -3.2025 3.82913 3.82875 1.85735 4.149 1.67161
1.53 -3.2436 3.85068 3.85029 1.86899 4.17465 1.68209
1.535 -3.2849 3.8723 3.87191 1.88083 4.2004 1.69275
1.54 -3.3264 3.89399 3.8936 1.89286 4.22624 1.70357
1.545 -3.3681 3.91577 3.91537 1.90508 4.25218 1.71457
1.55 -3.41 3.93762 3.93722 1.91751 4.27822 1.72576
1.555 -3.4521 3.95955 3.95915 1.93014 4.30436 1.73713
1.56 -3.4944 3.98156 3.98116 1.94298 4.3306 1.74868
1.565 -3.5369 4.00365 4.00324 1.95604 4.35693 1.76043
1.57 -3.5796 4.02581 4.0254 1.96931 4.38336 1.77238
1.575 -3.6225 4.04805 4.04764 1.98281 4.40989 1.78453
1.58 -3.6656 4.07037 4.06996 1.99653 4.43652 1.79688
1.585 -3.7089 4.09277 4.09235 2.01048 4.46324 1.80943
1.59 -3.7524 4.11525 4.11482 2.02467 4.49006 1.8222
1.595 -3.7961 4.1378 4.13737 2.0391 4.51698 1.83519
1.6 -3.84 4.16043 4.16 2.05378 4.544 1.8484
