tw V_m4 rpm_m4 CR_m4 Q0_m4 Qmin_m4 V_m3 rpm_m3 CR_m3 Q0_m3 Qmin_m3 V_m2 rpm_m2 CR_m2 Q0_m2 Qmin_m2
-8 7.04602 1561.97 0.925983 21.1789 21.1789 7.00792 1498.14 0.939995 15.2788 14.5333 6.96906 1429.38 0.954507 9.55639 9.44852
-6 7.02763 1564.13 0.932708 21.834 21.834 6.99146 1500.49 0.946096 15.8629 15.8629 6.95064 1430.28 0.961458 9.99612 9.99421
-4 7.02256 1569.6 0.934589 22.4946 22.4946 6.97335 1502.52 0.952886 16.5178 16.5178 6.93804 1433.69 0.96625 10.5534 10.5534
-2 7.01651 1574.31 0.936803 23.16 23.16 6.95664 1504.88 0.959186 17.1766 17.1766 6.91878 1433.96 0.973631 11.2086 11.2086
0 7.00942 1578.33 0.939424 23.8311 23.8311 6.93601 1505.16 0.967041 17.8468 17.8468 6.90432 1435.93 0.979229 11.8689 11.8689
2 7.00116 1581.58 0.942486 24.4875 24.4875 6.92631 1507.73 0.970753 18.5044 18.5044 6.87824 1434.18 0.989373 12.5322 0.253846
4 6.99171 1584.05 0.946004 25.1524 25.1524 6.91536 1509.34 0.974946 19.1697 19.1697 6.85775 1432.96 0.997431 13.2 1.33268
6 6.981 1585.67 0.950007 25.8212 25.8212 6.90315 1510.13 0.979666 19.8379 19.8379 6.83307 1430.34 1.00724 13.8683 2.19183
8 6.96871 1586.35 0.954622 26.4912 26.4912 6.88982 1510.02 0.984847 20.5092 20.5092 6.81984 1429.2 1.01255 14.5388 2.53986
