r x a phi alpha cl cd rek dT dQmili F zona LD
0.044975 0.224875 0.859496 7.83329 4.83329 0.798538 0.0497832 21.4635 4.50266 15.1055 0.481352 1 16.0403
0.046925 0.234625 0.833586 8.87637 5.87637 1.10719 0.0511088 22.454 6.80509 34.8787 0.705855 1 21.6634
0.048875 0.244375 0.821254 9.14914 6.14914 1.22106 0.0529846 23.4048 8.14601 46.5202 0.815888 1 23.0455
0.050825 0.254125 0.811567 9.27276 6.27276 1.25886 0.0549607 24.3471 9.08617 54.8451 0.87904 1 22.9047
0.052775 0.263875 0.80464 9.25868 6.25868 1.26388 0.0547247 25.2802 9.83472 61.7007 0.9192 1 23.0952
0.054725 0.273625 0.799609 9.16041 6.16041 1.25167 0.0531682 26.207 10.4677 67.5787 0.945657 1 23.5418
0.056675 0.283375 0.796032 9.00572 6.00572 1.23025 0.0507528 27.1291 11.0266 72.7868 0.963429 1 24.24
0.058625 0.293125 0.791707 8.89259 5.89259 1.20132 0.0502931 28.0538 11.5176 76.8758 0.97475 1 23.8864
0.060575 0.302875 0.788065 8.75895 5.75895 1.17043 0.0495459 28.9765 11.9757 80.5366 0.982495 1 23.6232
0.062525 0.312625 0.785208 8.60257 5.60257 1.13928 0.0483662 29.8968 12.4132 83.9263 0.987882 1 23.5553
0.064475 0.322375 0.783088 8.4273 5.4273 1.10874 0.0464185 30.8151 12.837 87.4283 0.991648 1 23.8856
0.066425 0.332125 0.780855 8.26641 5.26641 1.07861 0.0440199 31.734 13.2459 91.3804 0.994187 1 24.5028
0.068375 0.341875 0.778363 8.1239 5.1239 1.04913 0.0417367 32.6539 13.6432 95.5081 0.995901 1 25.1369
0.070325 0.351625 0.775612 7.99836 4.99836 1.02054 0.0396137 33.5747 14.0316 99.8055 0.997068 1 25.7622
0.072275 0.361375 0.771547 7.92451 4.92451 0.992009 0.0398464 34.4995 14.4056 102.533 0.997816 1 24.8958
0.074225 0.371125 0.767463 7.85512 4.85512 0.964733 0.0402905 35.4244 14.7757 104.901 0.998356 1 23.9444
0.076175 0.380875 0.763621 7.78142 4.78142 0.938836 0.0407875 36.3486 15.1445 106.893 0.998758 1 23.0178
0.078125 0.390625 0.759964 7.70549 4.70549 0.914254 0.0410551 37.2724 15.512 108.889 0.999058 1 22.269
0.080075 0.400375 0.756505 7.62715 4.62715 0.890923 0.0410927 38.1956 15.8788 110.936 0.999283 1 21.6808
0.082025 0.410125 0.753255 7.54615 4.54615 0.868777 0.0408986 39.1184 16.2454 113.087 0.999453 1 21.2422
0.083975 0.419875 0.750996 7.43962 4.43962 0.848101 0.0404782 40.0386 16.6176 114.902 0.999592 1 20.9521
0.085925 0.429625 0.749073 7.32816 4.32816 0.828458 0.040175 40.958 16.9911 116.231 0.999697 1 20.6212
0.087875 0.439375 0.746448 7.24144 4.24144 0.809332 0.0400424 41.8794 17.3583 117.611 0.999769 1 20.2119
0.089825 0.449125 0.74332 7.17237 4.17237 0.790793 0.0400248 42.8022 17.7206 118.983 0.99982 1 19.7576
0.091775 0.458875 0.739819 7.11629 4.11629 0.772871 0.0400862 43.7261 18.0788 120.306 0.999857 1 19.2802
0.093725 0.468625 0.736035 7.07005 4.07005 0.755571 0.0402027 44.6507 18.4335 121.548 0.999885 1 18.7941
0.095675 0.478375 0.732031 7.03141 4.03141 0.738886 0.0403577 45.5758 18.7854 122.686 0.999906 1 18.3084
0.097625 0.488125 0.728112 6.99212 3.99212 0.722901 0.0404909 46.5008 19.1367 123.636 0.999923 1 17.8534
0.099575 0.497875 0.73023 6.8036 3.8036 0.709843 0.0395096 47.4108 19.537 123.002 0.999948 1 17.9663
0.101525 0.507625 0.732364 6.6218 3.6218 0.697266 0.0385614 48.3212 19.938 122.258 0.999966 1 18.082
0.103475 0.517375 0.733912 6.46082 3.46082 0.684917 0.0378389 49.2334 20.3346 121.274 0.999977 1 18.1009
0.105425 0.527125 0.734622 6.32552 3.32552 0.672682 0.0375259 50.148 20.7242 119.573 0.999984 1 17.9258
0.107375 0.536875 0.736567 6.16638 3.16638 0.661296 0.0371344 51.06 21.1252 116.987 0.999989 1 17.8082
0.109325 0.546625 0.736564 6.05728 3.05728 0.649647 0.0370247 51.9767 21.5089 114.816 0.999992 1 17.5463
0.111275 0.556375 0.735938 5.96594 2.96594 0.638193 0.0370014 52.8949 21.8867 112.626 0.999994 1 17.2478
0.113225 0.566125 0.736078 5.86084 2.86084 0.627378 0.036846 53.8116 22.2716 110.087 0.999996 1 17.027
0.115175 0.575875 0.735951 5.76503 2.76503 0.616843 0.0366922 54.7291 22.654 107.572 0.999997 1 16.8113
0.117125 0.585625 0.735586 5.67746 2.67746 0.606582 0.0365402 55.6471 23.034 105.063 0.999998 1 16.6004
0.119075 0.595375 0.735007 5.59723 2.59723 0.59659 0.0363901 56.5658 23.4117 102.548 0.999998 1 16.3943
0.121025 0.605125 0.734236 5.52354 2.52354 0.586862 0.0362421 57.4849 23.7872 100.013 0.999998 1 16.1928
0.122975 0.614875 0.733809 5.44516 2.44516 0.577533 0.0361183 58.4035 24.1661 96.8514 0.999998 1 15.99
0.124925 0.624625 0.733635 5.36414 2.36414 0.56856 0.036006 59.3216 24.5475 93.1856 0.999998 1 15.7907
0.126875 0.634375 0.73348 5.28522 2.28522 0.559865 0.0358935 60.2399 24.929 89.2836 0.999997 1 15.598
0.128825 0.644125 0.733344 5.20831 2.20831 0.551435 0.0357808 61.1582 25.3107 85.1427 0.999996 1 15.4115
0.130775 0.653875 0.733226 5.13333 2.13333 0.543257 0.035668 62.0766 25.6925 80.7606 0.999995 1 15.231
0.132725 0.663625 0.733126 5.06019 2.06019 0.535322 0.0355552 62.995 26.0744 76.1348 0.999993 1 15.0561
0.134675 0.673375 0.732943 4.9907 1.9907 0.527591 0.0354633 63.9137 26.4554 71.2228 0.999991 1 14.8771
0.136625 0.683125 0.732234 4.93282 1.93282 0.519937 0.0354842 64.8335 26.8302 65.8146 0.999987 1 14.6526
0.138575 0.692875 0.73153 4.87646 1.87646 0.512497 0.0355069 65.7533 27.2049 60.0921 0.999981 1 14.4337
0.140525 0.702625 0.730832 4.82156 1.82156 0.505261 0.0355312 66.6731 27.5793 54.049 0.999973 1 14.2202
0.142475 0.712375 0.730139 4.76806 1.76806 0.498222 0.0355572 67.593 27.9534 47.6789 0.999962 1 14.0119
0.144425 0.722125 0.729451 4.7159 1.7159 0.491371 0.0355846 68.513 28.3273 40.9752 0.999945 1 13.8085
0.146375 0.731875 0.72877 4.66503 1.66503 0.484698 0.0356134 69.4329 28.7008 33.9306 0.999922 1 13.61
0.148325 0.741625 0.728095 4.61538 1.61538 0.478197 0.0356435 70.353 29.0738 26.5376 0.99989 1 13.4161
0.150275 0.751375 0.727426 4.56689 1.56689 0.471858 0.0356749 71.273 29.4464 18.7874 0.999844 1 13.2266
0.152225 0.761125 0.726766 4.5195 1.5195 0.465674 0.0357075 72.1932 29.8182 10.6705 0.999779 1 13.0414
0.154175 0.770875 0.725136 4.48908 1.48908 0.459421 0.0357146 73.1149 30.1764 3.56816 0.99968 1 12.8637
0.156125 0.780625 0.722778 4.47112 1.47112 0.453148 0.0357009 74.0378 30.523 -2.79226 0.999529 0 12.6929
0.158075 0.790375 0.72039 4.45407 1.45407 0.446995 0.0356847 74.9608 30.8664 -9.39306 0.999312 0 12.5263
0.160025 0.800125 0.719111 4.42007 1.42007 0.441196 0.0356107 75.882 31.2214 -16.9611 0.999026 0 12.3894
0.161975 0.809875 0.717997 4.38431 1.38431 0.435521 0.035546 76.803 31.5746 -25.1422 0.998631 0 12.2523
0.163925 0.819625 0.717011 4.34745 1.34745 0.42994 0.0354935 77.7238 31.924 -33.9671 0.998085 0 12.1132
0.165875 0.829375 0.716164 4.30935 1.30935 0.424429 0.035454 78.6444 32.268 -43.5038 0.997334 0 11.9713
0.167825 0.839125 0.715469 4.26984 1.26984 0.418957 0.0354278 79.5649 32.6043 -53.8359 0.996308 0 11.8257
0.169775 0.848875 0.714945 4.22873 1.22873 0.413487 0.0354159 80.485 32.9295 -65.0674 0.994909 0 11.6752
0.171725 0.858625 0.714612 4.18575 1.18575 0.407968 0.0354193 81.405 33.2395 -77.3297 0.99301 0 11.5182
0.173675 0.868375 0.714498 4.14056 1.14056 0.402338 0.0354393 82.3246 33.5284 -90.7897 0.99044 0 11.3529
0.175625 0.878125 0.714638 4.09274 1.09274 0.396516 0.0354777 83.244 33.7882 -105.662 0.986973 0 11.1765
0.177575 0.887875 0.715079 4.04172 1.04172 0.390395 0.0355367 84.1629 34.0083 -122.223 0.982312 0 10.9857
0.179525 0.897625 0.716496 3.97814 0.978143 0.384006 0.0357223 85.0805 34.1891 -143.201 0.976228 0 10.7498
0.181475 0.907375 0.72006 3.8862 0.886204 0.37753 0.0362427 85.9952 34.3446 -173.808 0.96868 0 10.4167
0.183425 0.917125 0.723685 3.79537 0.795368 0.370158 0.0367527 86.91 34.4001 -206.553 0.958463 0 10.0716
0.185375 0.926875 0.727532 3.70343 0.703427 0.361561 0.0372668 87.8247 34.3187 -242.325 0.944599 0 9.70198
0.187325 0.936625 0.731803 3.60768 0.607675 0.351282 0.0378023 88.7391 34.0484 -282.314 0.925722 0 9.29261
0.189275 0.946375 0.736775 3.50458 0.504584 0.33866 0.0383818 89.6528 33.5134 -328.151 0.899879 0 8.82345
0.191225 0.956125 0.743813 3.3764 0.376397 0.323165 0.0390437 90.5642 32.6441 -383.166 0.864987 0 8.27701
0.193175 0.965875 0.752907 3.22399 0.223994 0.303022 0.0398443 91.4737 31.2407 -450.255 0.816234 0 7.60516
0.195125 0.975625 0.765268 3.03248 0.0324754 0.275492 0.0408728 92.3802 28.9864 -535.299 0.745739 0 6.74021
0.197075 0.985375 0.782809 2.77852 -0.221483 0.234009 0.0423548 93.2824 25.1337 -650.41 0.63528 0 5.52498
0.199025 0.995125 0.81426 2.35341 -0.64659 0.15588 0.0453048 94.1741 17.123 -840.374 0.422514 0 3.4407
