V Om_est Om_lento Om_inest
3 57.4709 nan 0.269812
3.5 67.384 nan 0.314771
4 77.2596 nan 0.359724
4.5 87.2983 nan 0.404714
5 97.3648 nan 0.449684
5.5 107.449 nan 0.494635
6 117.463 nan 0.539623
6.5 127.395 nan 0.584581
7 137.139 nan 0.629561
7.5 146.659 nan 0.674303
8 155.658 nan 0.71805
8.5 164.799 nan 0.761522
9 173.51 nan 0.804881
9.5 182.343 nan 0.848137
10 191.298 nan 0.891281
10.5 200.346 nan 0.934355
11 209.49 nan 0.977386
11.5 218.722 nan 1.02031
12 228.014 nan 1.06322
12.5 237.353 nan 1.10604
13 246.728 nan 1.14899
13.5 256.149 nan 1.19271
14 265.639 nan 1.23661
14.5 275.193 nan 1.28054
15 284.8 nan 1.3245
15.5 294.01 nan 1.36846
16 303.274 nan 1.41241
