Om Q_V4p0 Q_V6p0 Q_V8p0 Q_V10p0 Q_V13p4 Q_V16p0
0 1.59039 3.57837 6.36157 9.9401 17.8468 25.4255
5 1.80228 3.81956 6.63149 10.236 18.1805 25.7724
10 2.32109 4.36768 7.20633 10.8356 18.8191 26.4074
15 3.14581 5.22246 8.08631 11.7369 19.7428 27.3098
20 4.27693 6.383 9.26864 12.9401 20.954 28.4787
25 5.767 7.84822 10.7497 14.4426 22.4416 29.9114
30 7.36756 9.60856 12.5281 16.2417 24.1929 31.5958
35 9.20775 11.6777 14.6027 18.3351 26.1975 33.5212
40 11.1305 14.0454 16.9707 20.7234 28.4335 35.6778
45 12.7799 16.452 19.6436 23.3865 30.8917 38.0553
50 13.8662 19.2648 22.6741 26.2132 33.5594 40.6409
55 13.9443 22.1204 25.756 29.2204 36.4233 43.5199
60 13.0506 24.962 28.7956 32.4261 39.4782 46.7242
65 11.5384 27.4434 31.9748 36.0763 42.7034 50.2077
70 9.6028 29.6171 35.3414 39.2801 46.2243 54.0181
75 7.33142 31.0582 38.5114 42.6245 50.1343 58.1196
80 4.89469 31.5988 41.8209 46.1653 54.4245 62.5165
85 2.43917 31.0947 45.0324 50.6554 59.0892 67.2176
90 -0.0167736 29.7194 47.9882 54.4541 64.5062 72.2302
95 -2.39049 27.6641 50.6052 59.2954 69.2575 77.5762
100 -4.72419 25.2281 52.7447 63.257 74.3301 83.2755
105 -7.01878 22.245 53.9785 67.7406 79.7 90.1437
110 -9.39271 19.1029 54.2315 72.1057 85.4182 95.8513
115 -11.8869 15.7419 53.5233 75.9924 92.1488 101.823
120 -14.5836 12.2641 51.7247 79.2766 97.7521 108.491
125 -17.543 8.6088 49.3523 82.0671 103.775 115.858
130 -20.7385 4.97256 46.3767 83.5424 110.732 123.933
135 -24.1143 1.31291 42.8341 84.1581 117.483 133.162
140 -27.6277 -2.38659 38.9705 83.5852 124.179 141.252
145 -31.2549 -6.22076 35.0242 82.1929 130.887 149.915
150 -34.9804 -10.2023 30.6095 79.5998 137.089 158.73
155 -38.7978 -14.3651 26.0717 76.2479 142.62 168.128
160 -42.6984 -18.6869 21.1431 72.6476 147.235 176.992
165 -46.6853 -23.1112 16.1887 68.1514 150.771 186.009
170 -50.7518 -27.6268 11.0722 63.5503 153.262 194.489
175 -54.9125 -32.2233 5.71133 58.5889 154.585 202.46
180 -59.1745 -36.906 0.294034 52.9524 154.216 209.797
185 -63.5417 -41.6676 -5.12766 47.3568 153.149 216.226
190 -68.0119 -46.4876 -10.6026 41.5177 151.047 221.486
195 -72.5929 -51.3683 -16.1326 35.4552 147.19 225.515
200 -77.2912 -56.3238 -21.7074 29.2332 143.177 228.29
205 -82.1083 -61.3532 -27.3282 22.9088 138.478 228.841
210 -87.0489 -66.4596 -33.0102 16.5247 133.206 228.895
215 -92.1062 -71.6506 -38.736 10.0972 127.472 227.786
220 -97.2743 -76.9293 -44.5196 3.63077 121.36 225.64
225 -102.566 -82.3036 -50.3578 -2.90305 114.879 222.416
230 -107.971 -87.779 -56.2601 -9.61181 108.073 218.192
235 -113.487 -93.3488 -62.2379 -16.2469 100.992 213.113
240 -119.123 -99.0212 -68.2785 -22.9412 93.6192 207.287
245 -124.868 -104.792 -74.3903 -29.7001 86.0178 200.714
250 -130.733 -110.659 -80.5757 -36.506 78.2158 193.676
255 -136.708 -116.632 -86.849 -43.3886 70.7606 186.16
260 -142.798 -122.708 -93.2155 -50.3232 62.5035 178.338
265 -149.004 -128.882 -99.6621 -57.3226 54.1128 170.251
270 -155.322 -135.174 -106.209 -64.3755 45.6361 163.105
275 -161.758 -141.573 -112.855 -71.508 37.4939 154.306
280 -168.307 -148.087 -119.58 -78.7004 28.8482 145.324
285 -174.967 -154.708 -126.423 -85.9683 20.1761 136.128
290 -181.746 -161.454 -133.34 -93.3048 11.5396 127.774
295 -188.641 -168.316 -140.379 -100.724 3.08015 118.096
300 -195.646 -175.31 -147.499 -108.215 -5.65487 108.362
305 -202.766 -182.426 -154.752 -115.775 -14.3744 99.2799
310 -210.01 -189.669 -162.083 -123.43 -23.1674 89.2482
315 -217.362 -197.032 -169.534 -131.161 -32.0337 79.826
320 -224.826 -204.514 -177.075 -138.986 -40.9369 69.4452
325 -232.41 -212.126 -184.718 -146.894 -49.9127 59.1165
330 -240.113 -219.852 -192.479 -154.909 -58.9291 49.2586
335 -247.93 -227.695 -200.335 -163.004 -68.0145 38.8583
340 -255.861 -235.664 -208.287 -171.206 -77.1546 28.8724
345 -263.909 -243.747 -216.358 -179.501 -86.3609 18.4435
350 -272.074 -251.946 -224.528 -187.888 -95.636 8.37232
355 -280.353 -260.267 -232.796 -196.383 -104.967 -2.10051
360 -288.748 -268.704 -241.178 -204.963 -114.363 -12.2757
365 -297.262 -277.257 -249.681 -213.656 -123.822 -22.7797
370 -305.883 -285.924 -258.284 -222.441 -133.337 -33.391
375 -314.618 -294.714 -266.995 -231.332 -142.933 -43.9602
380 -323.47 -303.619 -275.83 -240.342 -152.58 -54.5888
385 -332.433 -312.637 -284.777 -249.448 -162.315 -65.2628
390 -341.511 -321.771 -293.848 -258.652 -172.137 -75.9808
395 -350.706 -331.025 -303.043 -267.965 -182.015 -86.7728
400 -360.017 -340.399 -312.366 -277.379 -191.978 -97.6192
