theta V_B3 rpm_B3 CR_B3 Q0_B3 Vvh_B3 V_B4 rpm_B4 CR_B4 Q0_B4 Vvh_B4 V_B5 rpm_B5 CR_B5 Q0_B5 Vvh_B5
-8 7.49843 2080.84 0.775777 36.6722 2.27071 7.32806 1835.76 0.829091 47.8049 2.19649 7.24221 1660.71 0.857394 58.3927 2.15993
-7 7.36528 2022.27 0.817127 32.0734 2.21251 7.24621 1776.74 0.856052 41.807 2.16162 7.16985 1607.32 0.882032 51.0628 2.12955
-6 7.27201 1951.04 0.847456 27.4624 2.17256 7.16575 1714 0.883462 35.7945 2.12783 7.09813 1550.65 0.907206 43.7164 2.0998
-5 7.1791 1875.67 0.878835 22.8608 2.13342 7.08647 1647.89 0.911385 29.7951 2.09498 7.02759 1490.62 0.932741 36.3873 2.07085
-4 7.08747 1795.97 0.911026 18.2854 2.09539 7.00942 1578.33 0.939424 23.8311 2.06347 6.9589 1426.64 0.958323 29.1027 2.04303
-3 6.99874 1712.85 0.943399 13.6938 2.05912 6.93601 1505.16 0.967041 17.8468 2.0338 6.89967 1358.63 0.981032 21.7944 2.01924
-2 6.93861 1631.47 0.966035 9.10736 2.03486 6.90432 1435.93 0.979229 11.8689 2.0211 6.87013 1290.69 0.99255 14.4936 2.00749
-1 6.90633 1550.35 0.978438 4.54277 2.02192 6.86861 1359.07 0.99315 5.92024 2.00688 6.83883 1219.3 1.00495 7.22948 1.99507
0 6.89554 1469.08 0.982626 -1.5911e-14 2.0176 6.85913 1283.52 0.996889 -2.07359e-14 2.00312 6.82732 1148.86 1.00953 -2.53219e-14 1.99053
1 6.92422 1385.75 0.971545 -3.19102 2.02908 6.8811 1204.64 0.98826 -4.15861 2.01184 6.84292 1079.81 1.00332 -5.07827 1.99668
2 7.00066 1297.25 0.942678 -6.3818 2.05991 6.94835 1129.83 0.962339 -8.31688 2.03876 6.90179 1015.02 0.980193 -10.1561 2.02011
