x alpha_m6 alpha_m3 alpha_0 dQ_m6 dQ_m3 dQ_0
0.224875 2.68543 4.83329 6.26778 17.6175 15.1055 14.349
0.234625 4.72135 5.87637 21.1015 40.5698 34.8787 22.3811
0.244375 4.99267 6.14914 25.4507 56.2669 46.5202 25.2162
0.254125 5.0799 6.27276 27.3609 67.7451 54.8451 28.2903
0.263875 5.05456 6.25868 28.3092 77.4294 61.7007 31.6187
0.273625 4.98563 6.16041 28.7469 85.8909 67.5787 35.1968
0.283375 4.92106 6.00572 28.873 92.9844 72.7868 39.0352
0.293125 4.85448 5.89259 28.7907 99.3555 76.8758 43.1432
0.302875 4.79054 5.75895 28.4366 105.202 80.5366 47.5357
0.312625 4.73123 5.60257 27.9324 110.655 83.9263 52.2199
0.322375 4.6693 5.4273 27.3777 115.681 87.4283 57.1794
0.332125 4.58806 5.26641 26.7896 120.267 91.3804 62.4681
0.341875 4.5023 5.1239 26.1774 124.824 95.5081 68.077
0.351625 4.31184 4.99836 25.5496 128.672 99.8055 74.0152
0.361375 4.18123 4.92451 24.908 132.551 102.533 80.2486
0.371125 4.08832 4.85512 24.2554 136.41 104.901 86.8254
0.380875 4.01945 4.78142 23.5921 140.205 106.893 93.7752
0.390625 3.84308 4.70549 22.917 143.271 108.889 101.092
0.400375 3.61199 4.62715 22.2251 145.894 110.936 108.764
0.410125 3.41321 4.54615 21.4605 148.239 113.087 116.058
0.419875 3.24966 4.43962 20.4501 150.236 114.902 123.492
0.429625 3.09768 4.32816 19.2263 152.031 116.231 131.375
0.439375 2.95641 4.24144 17.3972 153.502 117.611 139.812
0.449125 2.82092 4.17237 5.17753 154.558 118.983 87.5903
0.458875 2.6887 4.11629 5.084 155.483 120.306 89.0833
0.468625 2.56144 4.07005 4.99169 156.279 121.548 90.241
0.478375 2.44854 4.03141 4.9279 157.083 122.686 89.8664
0.488125 2.34176 3.99212 4.86243 157.681 123.636 89.4756
0.497875 2.23844 3.8036 4.79512 158.088 123.002 89.1043
0.507625 2.13838 3.6218 4.7258 158.301 122.258 88.7937
0.517375 2.04145 3.46082 4.65426 158.318 121.274 88.591
0.527125 1.95589 3.32552 4.58031 158.053 119.573 88.5496
0.536875 1.87958 3.16638 4.50371 157.475 116.987 88.7309
0.546625 1.8058 3.05728 4.43346 156.629 114.816 87.5044
0.556375 1.73444 2.96594 4.37316 155.507 112.626 86.1724
0.566125 1.66538 2.86084 4.32086 154.102 110.087 84.7837
0.575875 1.5985 2.76503 4.27515 152.405 107.572 83.3148
0.585625 1.53371 2.67746 4.23491 150.41 105.063 81.7464
0.595375 1.48592 2.59723 4.19927 148.802 102.548 80.0619
0.605125 1.45758 2.52354 4.16753 147.8 100.013 78.2473
0.614875 1.43148 2.44516 4.13914 146.653 96.8514 76.2897
0.624625 1.40739 2.36414 4.10492 145.35 93.1856 73.7495
0.634375 1.38513 2.28522 4.06649 143.882 89.2836 70.8635
0.644125 1.36451 2.20831 4.02675 142.238 85.1427 67.8148
0.653875 1.34538 2.13333 3.90897 140.409 80.7606 63.143
0.663625 1.32759 2.06019 3.65461 138.385 76.1348 55.7816
0.673375 1.31103 1.9907 3.46511 136.156 71.2228 48.9076
0.683125 1.29559 1.93282 3.38108 133.708 65.8146 42.6556
0.692875 1.2756 1.87646 3.31059 130.791 60.0921 36.4628
0.702625 1.23301 1.82156 3.25072 126.467 54.049 30.2564
0.712375 1.1891 1.76806 3.19932 121.52 47.6789 23.981
0.722125 1.14375 1.7159 3.15478 115.899 40.9752 17.593
0.731875 1.09687 1.66503 3.11589 109.545 33.9306 11.0576
0.741625 1.04832 1.61538 3.08167 102.394 26.5376 4.34619
0.751375 0.995655 1.56689 3.05139 93.9435 18.7874 -2.56501
0.761125 0.891702 1.5195 3.02444 74.8143 10.6705 -9.6966
0.770875 0.797966 1.48908 3.00032 55.981 3.56816 -17.0663
0.780625 0.712931 1.47112 2.94264 37.2892 -2.79226 -24.9195
0.790375 0.635326 1.45407 2.88767 18.5932 -9.39306 -32.8785
0.800125 0.564072 1.42007 2.83568 -0.250315 -16.9611 -40.9456
0.809875 0.498058 1.38431 2.78646 -19.3977 -25.1422 -49.1275
0.819625 0.429903 1.34745 2.73981 -39.4633 -33.9671 -57.4313
0.829375 0.364762 1.30935 2.69554 -60.386 -43.5038 -65.8648
0.839125 0.302126 1.26984 2.65345 -82.333 -53.8359 -74.4374
0.848875 0.241485 1.22873 2.61335 -105.504 -65.0674 -83.1615
0.858625 0.182322 1.18575 2.57504 -130.139 -77.3297 -92.0538
0.868375 0.124097 1.14056 2.53829 -156.526 -90.7897 -101.14
0.878125 0.0662376 1.09274 2.50279 -185.012 -105.662 -110.457
0.887875 0.00812383 1.04172 2.44731 -216.019 -122.223 -122.344
0.897625 -0.0484515 0.978143 2.38939 -250.126 -143.201 -134.993
0.907375 -0.106447 0.886204 2.32982 -288.039 -173.808 -148.379
0.917125 -0.167145 0.795368 2.26703 -330.552 -206.553 -162.758
0.926875 -0.228256 0.703427 2.19862 -378.534 -242.325 -178.535
0.936625 -0.287886 0.607675 2.08685 -433.367 -282.314 -198.828
0.946375 -0.356806 0.504584 1.96593 -497.264 -328.151 -222.506
0.956125 -0.43791 0.376397 1.84252 -572.661 -383.166 -251.544
0.965875 -0.531439 0.223994 1.69132 -664.633 -450.255 -287.156
0.975625 -0.639204 0.0324754 1.49534 -781.666 -535.299 -332.841
0.985375 -0.783738 -0.221483 1.32339 -934.909 -650.41 -385.925
0.995125 -1.02335 -0.64659 0.922138 -1169.72 -840.374 -489.373
