V Om_est Om_lento Om_inest
3 54.3798 nan 8.70967
3.5 63.7467 nan 10.1613
4 73.169 nan 11.6129
4.5 82.4903 nan 13.0645
5 91.8243 nan 14.5161
5.5 101.176 nan 15.9677
6 110.407 nan 17.4193
6.5 119.37 nan 18.8709
7 128.312 nan 20.3396
7.5 137.446 nan 21.8205
8 145.993 nan 23.3069
8.5 154.927 nan 24.7956
9 163.216 nan 26.2864
9.5 171.433 nan 27.7791
10 179.696 nan 29.2738
10.5 188.106 nan 30.7705
11 196.646 nan 32.2689
11.5 205.276 nan 33.7757
12 213.98 nan 35.4822
12.5 222.768 nan 37.305
13 231.692 nan 39.1765
13.5 240.027 nan 41.1129
14 248.678 nan 43.0795
14.5 257.777 nan 45.0818
15 266.959 nan 47.1191
15.5 276.201 nan 49.1839
16 284.944 nan 51.279
