theta Q0 Q0_2d Q0_simple
-8 47.8049 68.4687 103.851
-7.5 44.8049 64.1968 97.5144
-7 41.807 59.9111 91.1481
-6.5 38.8116 55.6336 84.7541
-6 35.7945 51.3646 78.3342
-5.5 32.806 47.0795 71.8905
-5 29.7951 42.8006 65.4249
-4.5 26.8115 38.5282 58.9393
-4 23.8311 34.2367 52.4358
-3.5 20.8237 29.9502 45.9163
-3 17.8468 25.6685 39.3829
-2.5 14.8439 21.3898 32.8374
-2 11.8689 17.0892 26.2819
-1.5 8.89444 12.8155 19.7185
-1 5.92024 8.54335 13.149
-0.5 2.94592 4.27168 6.57549
0 -2.07359e-14 -2.9938e-14 -0
0.5 -2.07947 -2.9877 -6.57549
1 -4.15861 -5.97541 -13.149
1.5 -6.23766 -8.96345 -19.7185
2 -8.31688 -11.9773 -26.2819
