t Om V rpm T
0 0 13.4 0 2.72472
0.025 0.867718 13.2657 8.28609 2.67161
0.05 1.72141 13.1388 16.4382 2.62144
0.075 2.56192 13.0188 24.4646 2.57403
0.1 3.39027 12.9052 32.3747 2.53065
0.125 4.2075 12.7976 40.1787 2.48987
0.15 5.01431 12.6958 47.8832 2.4513
0.175 5.81257 12.5992 55.506 2.41605
0.2 6.60404 12.5076 63.0639 2.38272
0.225 7.38942 12.4207 70.5638 2.35237
0.25 8.16947 12.3381 78.0127 2.32375
0.275 8.94464 12.2597 85.415 2.29665
0.3 9.71536 12.1852 92.7749 2.27099
0.325 10.4825 12.1143 100.101 2.24749
0.35 11.2481 12.0469 107.411 2.22574
0.375 12.0127 11.9827 114.712 2.20545
0.4 12.7768 11.9216 122.009 2.18695
0.425 13.5409 11.8633 129.306 2.16948
0.45 14.3053 11.8077 136.605 2.15296
0.475 15.0703 11.7546 143.91 2.13749
0.5 15.8375 11.704 151.237 2.12407
0.525 16.6081 11.6556 158.596 2.11146
0.55 17.3825 11.6094 165.991 2.09964
0.575 18.1609 11.5651 173.424 2.08857
0.6 18.9436 11.5228 180.898 2.0782
0.625 19.7309 11.4823 188.416 2.06877
0.65 20.5237 11.4435 195.987 2.06119
0.675 21.3239 11.4062 203.628 2.05466
0.7 22.132 11.3704 211.345 2.04868
0.725 22.9482 11.3359 219.139 2.04324
0.75 23.7728 11.3028 227.013 2.03831
0.775 24.606 11.2709 234.97 2.03388
0.8 25.4486 11.2402 243.016 2.03068
0.825 26.3025 11.2106 251.171 2.02862
0.85 27.1685 11.1819 259.44 2.02701
0.875 28.0467 11.1542 267.827 2.02584
0.9 28.9376 11.1273 276.334 2.02509
0.925 29.8415 11.1013 284.965 2.02475
0.95 30.7595 11.0761 293.732 2.0261
0.975 31.6937 11.0515 302.653 2.02812
1 32.6447 11.0276 311.734 2.03054
1.025 33.6128 11.0042 320.978 2.03336
1.05 34.5984 10.9814 330.391 2.03684
1.075 35.6026 10.9591 339.98 2.04177
1.1 36.6278 10.9371 349.77 2.04777
1.125 37.6746 10.9155 359.766 2.05416
1.15 38.7438 10.8942 369.976 2.06095
1.175 39.8358 10.8732 380.404 2.06813
1.2 40.9521 10.8524 391.063 2.07727
1.225 42.0946 10.8318 401.974 2.08711
1.25 43.2642 10.8112 413.143 2.09739
1.275 44.4616 10.7908 424.577 2.1081
1.3 45.6879 10.7704 436.288 2.12036
1.325 46.9457 10.7499 448.299 2.13398
1.35 48.2361 10.7294 460.621 2.14809
1.375 49.56 10.7087 473.264 2.16272
1.4 50.919 10.6879 486.241 2.1794
1.425 52.3158 10.6669 499.579 2.19742
1.45 53.7516 10.6455 513.29 2.21606
1.475 55.2278 10.6238 527.386 2.23575
1.5 56.7472 10.6017 541.896 2.2585
1.525 58.3123 10.5791 556.841 2.28201
1.55 59.9244 10.5559 572.236 2.30632
1.575 61.5867 10.5321 588.11 2.33516
1.6 63.3026 10.5075 604.496 2.36522
1.625 65.0742 10.4821 621.413 2.39824
1.65 66.9069 10.4555 638.914 2.44588
1.675 68.8048 10.4272 657.037 2.4936
1.7 70.7685 10.3974 675.79 2.53813
1.725 72.7951 10.3664 695.142 2.57853
1.75 74.8854 10.3342 715.103 2.62017
1.775 77.0434 10.3008 735.711 2.66711
1.8 79.2741 10.2659 757.012 2.71586
1.825 81.5836 10.2294 779.066 2.77936
1.85 83.9872 10.1903 802.019 2.85466
1.875 86.4905 10.1485 825.924 2.93418
1.9 89.0926 10.104 850.771 3.01134
1.925 91.7968 10.0566 876.595 3.10874
1.95 94.622 10.005 903.573 3.22743
1.975 97.5661 9.94936 931.688 3.32392
2 100.617 9.89042 960.818 3.4338
2.025 103.785 9.82656 991.074 3.58024
2.05 107.074 9.75701 1022.48 3.73493
2.075 110.475 9.6815 1054.96 3.89482
2.1 113.97 9.60007 1088.34 4.05488
2.125 117.538 9.5125 1122.41 4.23711
2.15 121.145 9.41783 1156.85 4.42166
2.175 124.735 9.31716 1191.14 4.58081
2.2 128.261 9.21238 1224.8 4.69064
2.225 131.675 9.10515 1257.4 4.78747
2.25 134.934 8.9963 1288.53 4.86267
2.275 138.008 8.88758 1317.88 4.89029
2.3 140.878 8.7807 1345.29 4.89306
2.325 143.538 8.67678 1370.68 4.87873
2.35 145.986 8.57613 1394.07 4.85947
2.375 148.224 8.47899 1415.44 4.83152
2.4 150.262 8.38569 1434.89 4.79428
2.425 152.109 8.29671 1452.54 4.74445
2.45 153.779 8.21224 1468.48 4.69361
2.475 155.282 8.13218 1482.83 4.643
2.5 156.625 8.05633 1495.66 4.59413
2.525 157.819 7.98459 1507.06 4.54418
2.55 158.879 7.9169 1517.18 4.49361
2.575 159.817 7.85315 1526.14 4.44436
2.6 160.642 7.79319 1534.02 4.39499
2.625 161.365 7.7369 1540.93 4.34767
2.65 161.995 7.68408 1546.94 4.30282
2.675 162.539 7.63453 1552.13 4.26033
2.7 163.005 7.58805 1556.58 4.22007
2.725 163.4 7.54447 1560.36 4.18195
2.75 163.731 7.50362 1563.52 4.14585
2.775 164.005 7.46536 1566.13 4.11147
2.8 164.229 7.42952 1568.27 4.07876
2.825 164.407 7.396 1569.97 4.04772
2.85 164.545 7.36464 1571.29 4.01833
2.875 164.646 7.33533 1572.26 3.99056
2.9 164.715 7.30793 1572.91 3.96436
2.925 164.753 7.28235 1573.28 3.93969
2.95 164.765 7.25845 1573.39 3.91647
2.975 164.753 7.23614 1573.28 3.89466
3 164.721 7.21532 1572.97 3.87419
3.025 164.669 7.19589 1572.47 3.85499
3.05 164.601 7.17776 1571.83 3.837
3.075 164.519 7.16085 1571.04 3.82016
3.1 164.424 7.14507 1570.13 3.8044
3.125 164.318 7.13036 1569.12 3.78966
3.15 164.203 7.11664 1568.02 3.77588
3.175 164.079 7.10384 1566.84 3.763
3.2 163.949 7.09191 1565.6 3.75097
3.225 163.813 7.08078 1564.3 3.73973
3.25 163.673 7.07041 1562.96 3.72924
3.275 163.529 7.06074 1561.58 3.71945
3.3 163.382 7.05172 1560.18 3.71031
3.325 163.233 7.04331 1558.76 3.70178
3.35 163.082 7.03548 1557.32 3.69382
3.375 162.931 7.02817 1555.87 3.6864
3.4 162.779 7.02136 1554.43 3.67947
3.425 162.628 7.01501 1552.98 3.67301
3.45 162.477 7.00909 1551.54 3.66698
3.475 162.327 7.00357 1550.11 3.66136
3.5 162.179 6.99843 1548.69 3.65605
3.525 162.033 6.99365 1547.3 3.65097
3.55 161.889 6.98919 1545.92 3.64623
3.575 161.748 6.98505 1544.58 3.6418
3.6 161.609 6.9812 1543.26 3.63766
3.625 161.474 6.97763 1541.96 3.6338
3.65 161.342 6.9743 1540.7 3.63019
3.675 161.212 6.97121 1539.46 3.62683
3.7 161.086 6.96834 1538.26 3.62368
3.725 160.963 6.96568 1537.08 3.62075
3.75 160.843 6.96321 1535.94 3.61802
3.775 160.727 6.96091 1534.83 3.61546
3.8 160.614 6.95878 1533.75 3.61308
3.825 160.504 6.9568 1532.7 3.61086
3.85 160.397 6.95497 1531.68 3.60879
3.875 160.293 6.95327 1530.69 3.60685
3.9 160.193 6.9517 1529.73 3.60505
3.925 160.096 6.95024 1528.8 3.60337
3.95 160.001 6.94889 1527.9 3.60181
3.975 159.91 6.94765 1527.03 3.60002
4 159.822 6.94652 1526.19 3.59835
4.025 159.737 6.94549 1525.38 3.59681
4.05 159.655 6.94455 1524.59 3.59537
4.075 159.575 6.9437 1523.83 3.59404
4.1 159.498 6.94293 1523.1 3.5928
4.125 159.424 6.94223 1522.39 3.59165
4.15 159.353 6.9416 1521.71 3.59059
4.175 159.284 6.94104 1521.05 3.5896
4.2 159.218 6.94053 1520.42 3.58869
4.225 159.154 6.94007 1519.81 3.58785
4.25 159.093 6.93966 1519.23 3.58707
4.275 159.034 6.9393 1518.66 3.58634
4.3 158.978 6.93898 1518.12 3.58568
4.325 158.923 6.93869 1517.6 3.58506
4.35 158.871 6.93845 1517.11 3.58449
4.375 158.821 6.93823 1516.63 3.58396
4.4 158.773 6.93804 1516.17 3.58348
4.425 158.726 6.93788 1515.73 3.58303
4.45 158.682 6.93774 1515.3 3.58262
4.475 158.64 6.93763 1514.9 3.58225
4.5 158.599 6.93753 1514.51 3.5819
4.525 158.56 6.93746 1514.14 3.58158
4.55 158.523 6.9374 1513.78 3.58129
4.575 158.487 6.93735 1513.44 3.58102
4.6 158.453 6.93732 1513.12 3.58077
4.625 158.42 6.9373 1512.8 3.58055
4.65 158.389 6.93729 1512.51 3.58035
4.675 158.359 6.93729 1512.22 3.58016
4.7 158.331 6.9373 1511.95 3.57999
4.725 158.304 6.93732 1511.69 3.57984
4.75 158.278 6.93735 1511.44 3.5797
4.775 158.253 6.93738 1511.2 3.57957
4.8 158.229 6.93741 1510.97 3.57946
4.825 158.206 6.93746 1510.76 3.57935
4.85 158.185 6.9375 1510.55 3.57926
4.875 158.164 6.93755 1510.36 3.57918
4.9 158.144 6.9376 1510.17 3.5791
4.925 158.126 6.93765 1509.99 3.57904
4.95 158.108 6.93771 1509.82 3.57898
4.975 158.091 6.93777 1509.66 3.57893
5 158.075 6.93783 1509.5 3.57888
5.025 158.059 6.93789 1509.35 3.57884
5.05 158.044 6.93795 1509.21 3.57881
5.075 158.03 6.93801 1509.08 3.57878
5.1 158.017 6.93807 1508.95 3.57875
5.125 158.004 6.93813 1508.83 3.57873
5.15 157.992 6.93819 1508.71 3.57872
5.175 157.981 6.93825 1508.6 3.5787
5.2 157.97 6.93831 1508.5 3.57869
5.225 157.959 6.93837 1508.4 3.57868
5.25 157.95 6.93843 1508.31 3.57868
5.275 157.94 6.93849 1508.22 3.57867
5.3 157.931 6.93855 1508.13 3.57867
5.325 157.923 6.9386 1508.05 3.57867
5.35 157.915 6.93866 1507.97 3.57867
5.375 157.907 6.93871 1507.9 3.57868
5.4 157.9 6.93877 1507.83 3.57868
5.425 157.893 6.93882 1507.77 3.57869
5.45 157.886 6.93887 1507.7 3.57869
5.475 157.88 6.93891 1507.64 3.5787
5.5 157.874 6.93896 1507.59 3.57871
5.525 157.869 6.93901 1507.53 3.57872
5.55 157.863 6.93905 1507.48 3.57873
5.575 157.858 6.9391 1507.44 3.57874
5.6 157.854 6.93914 1507.39 3.57875
5.625 157.849 6.93918 1507.35 3.57876
5.65 157.845 6.93922 1507.31 3.57877
5.675 157.841 6.93926 1507.27 3.57878
5.7 157.837 6.93929 1507.23 3.57879
5.725 157.833 6.93933 1507.2 3.5788
5.75 157.83 6.93936 1507.16 3.57881
5.775 157.826 6.9394 1507.13 3.57882
5.8 157.823 6.93943 1507.1 3.57884
5.825 157.82 6.93946 1507.07 3.57885
5.85 157.818 6.93949 1507.05 3.57886
5.875 157.815 6.93952 1507.02 3.57887
5.9 157.813 6.93955 1507 3.57888
5.925 157.81 6.93957 1506.98 3.57889
5.95 157.808 6.9396 1506.96 3.5789
5.975 157.806 6.93962 1506.94 3.57891
6 157.804 6.93965 1506.92 3.57892
