Om Q_tm8 Q_tm6 Q_tm4 Q_tm3 Q_tm2 Q_tm1 Q_t0 Q_t1 Q_t2 Q_2d
0 47.8049 35.7945 23.8311 17.8468 11.8689 5.92024 -2.07359e-14 -4.15861 -8.31688 25.6685
5 48.3391 36.2953 24.2213 18.1805 12.1467 6.12471 0.11738 -5.87367 -11.791 25.927
10 49.2786 37.1392 24.9357 18.8191 12.6981 6.57851 0.46483 -5.63998 -11.7304 26.494
15 50.6199 38.3395 25.9592 19.7428 13.5141 7.27731 1.03636 -5.20273 -11.4368 27.3494
20 52.3511 39.8895 27.2919 20.954 14.5939 8.21801 1.82874 -4.56817 -10.9682 28.4997
25 54.4574 41.7751 28.9225 22.4416 15.9303 9.39361 2.8351 -3.73981 -10.3285 29.9362
30 56.9266 43.9842 30.8351 24.1929 17.5115 10.7945 4.04633 -2.72856 -9.52545 31.6565
35 59.7417 46.5042 33.0218 26.1975 19.3246 12.4077 5.44859 -1.5443 -8.57051 33.6532
40 62.8794 49.3087 35.4567 28.4335 21.3516 14.2133 7.02746 -0.205365 -7.48036 35.9261
45 66.3356 52.3938 38.1327 30.8917 23.5801 16.2049 8.77056 1.27871 -6.2637 38.4697
50 70.0929 55.7434 41.0369 33.5594 26.0024 18.3686 10.6678 2.8975 -4.93527 41.2803
55 74.1474 59.3483 44.1592 36.4233 28.6029 20.6947 12.7067 4.64247 -3.49755 44.3569
60 78.4858 63.1972 47.4858 39.4782 31.3711 23.1699 14.8772 6.50119 -1.95985 47.6957
65 83.1034 67.2754 51.0031 42.7034 34.295 25.7833 17.1745 8.46632 -0.337015 51.3006
70 88.1934 71.752 54.8495 46.2243 37.4851 28.6338 19.6746 10.6061 1.4343 55.1668
75 93.8697 76.719 59.1142 50.1343 41.0357 31.8161 22.4779 13.0272 3.46264 59.3055
80 100.91 82.2194 63.7998 54.4245 44.9257 35.3076 25.5661 15.6976 5.70964 63.7169
85 106.99 88.6322 68.9737 59.0892 49.1443 39.0844 28.9006 18.5912 8.15472 68.4858
90 113.59 94.3372 74.6012 64.5062 54.2334 43.1508 32.4765 21.6902 10.7718 73.6511
95 120.596 100.478 79.8003 69.2575 58.5734 47.7099 36.4879 24.9593 13.5363 78.3309
100 128.313 106.968 85.385 74.3301 63.1422 51.813 40.2904 28.3485 16.2566 83.2636
105 137.213 115.365 91.2282 79.7 68.0168 56.1386 44.1201 31.8979 19.0686 88.5016
110 145.068 122.02 98.6527 85.4182 73.1455 60.7471 48.1462 35.402 22.4207 93.9683
115 154.93 129.092 104.573 92.1488 78.9136 65.5967 52.4183 39.0573 25.5288 100.057
120 164.826 137.851 110.768 97.7521 84.622 70.5081 57.138 42.8899 28.7329 105.293
125 173.129 145.04 118.367 103.775 89.8961 76.0138 60.9922 46.8117 32.0423 112.006
130 183.158 154.038 124.862 110.732 95.7419 81.2699 66.5191 50.5597 35.51 117.032
135 192.322 162.141 132.712 117.483 102.215 87.1477 71.4275 55.8354 39.0136 123.7
140 201.794 170.915 139.735 124.179 108.037 92.7321 76.6428 59.9977 43.5857 128.304
145 213.076 179.062 146.589 130.887 114.564 98.1973 81.2634 64.8273 47.1059 134.082
150 220.47 186.327 153.249 137.089 120.244 102.945 86.0959 68.4346 50.7372 139.453
155 226.686 193.126 159.216 142.62 125.345 107.67 90.4599 72.0845 53.9684 143.164
160 234.128 197.836 164.354 147.235 129.728 111.467 93.817 74.8735 56.3046 147.185
165 238.104 203.335 168.423 150.771 133.124 115.334 96.2496 77.8586 57.602 150.441
170 240.371 206.176 170.931 153.262 135.435 116.419 97.6789 78.8362 57.8489 153.226
175 243.183 207.612 172.425 154.585 135.839 117.098 98.0712 78.779 56.9088 154.357
180 243.576 208.427 172.624 154.216 135.621 116.758 97.4086 75.4594 54.9095 154.556
185 242.561 207.622 171.604 153.149 134.353 115.31 95.713 73.0854 52.0203 153.78
190 240.474 205.654 169.614 151.047 132.117 111.18 90.8049 69.7069 48.1177 152.073
195 238.533 202.831 166.732 147.19 127.595 107.495 86.8411 65.3539 40.3543 149.56
200 234.854 199.539 162.431 143.177 123.339 102.962 81.9181 57.4864 34.107 145.992
205 230.387 195.12 157.874 138.478 118.384 97.6716 74.2528 51.2664 27.1802 142.137
210 225.411 190.209 152.781 133.206 112.949 90.34 68.0445 44.6279 17.3922 137.343
215 219.952 184.805 147.224 127.472 107.036 84.1602 61.47 37.5933 9.8261 132.339
220 213.586 178.987 141.237 121.36 99.6161 77.6234 54.621 28.3545 1.97286 126.891
225 207.408 172.809 134.924 114.879 93.0048 70.7911 47.4744 20.9313 -5.99157 121.026
230 200.962 166.303 128.271 108.073 87.0506 63.6487 40.0376 13.2561 -14.1553 114.719
235 194.115 159.484 121.339 100.992 79.7428 56.2035 32.3127 5.31394 -22.6147 107.813
240 186.997 152.429 114.128 93.6192 72.1583 48.4819 24.2835 -2.98613 -31.5661 101.025
245 179.429 145.072 107.087 86.0178 64.3352 40.5128 15.9965 -11.5595 -40.7794 93.7085
250 171.856 137.486 99.3781 78.2158 56.3187 32.3452 7.49515 -20.3641 -51.9677 86.1234
255 164.104 129.818 91.4285 70.7606 48.1131 24.7734 -1.15881 -29.3134 -61.5468 78.5204
260 156.083 121.853 83.325 62.5035 39.7961 16.1606 -9.96048 -37.4594 -71.0972 70.6605
265 147.991 113.763 75.1074 54.1128 31.8798 7.4343 -18.914 -46.8657 -80.6893 62.6708
270 139.814 105.669 67.0892 45.6361 23.1795 -1.42956 -27.28 -56.4444 -90.4008 54.6824
275 131.446 97.3327 58.6237 37.4939 14.4446 -10.3345 -36.5206 -66.1273 -99.3596 46.5246
280 123.102 88.9338 50.137 28.8482 5.68692 -18.7743 -45.7867 -75.7687 -109.346 38.3922
285 114.575 80.5666 41.8329 20.1761 -2.69139 -27.7689 -54.9965 -84.7351 -119.297 30.2226
290 106.033 72.0812 33.2127 11.5396 -11.5182 -36.7351 -63.6868 -94.3705 -128.491 22.1325
295 97.1927 63.4525 24.5949 3.08015 -20.3415 -45.2939 -72.9212 -103.388 -138.428 14.0681
300 88.3001 54.8104 16.1076 -5.65487 -28.863 -54.302 -81.6591 -113.115 -148.274 6.06404
305 79.356 45.9899 7.33119 -14.3744 -37.7594 -63.2926 -90.916 -122.793 -157.491 -1.97614
310 70.3637 37.133 -1.51552 -23.1674 -46.6207 -72.0021 -100.142 -132.137 -167.304 -9.8979
315 61.3071 28.2155 -10.3687 -32.0337 -55.5569 -81.0572 -109.023 -141.895 -176.547 -17.6706
320 52.1831 19.2485 -19.2853 -40.9369 -64.5218 -90.1741 -118.334 -151.185 -186.352 -25.2874
325 43.0015 10.2055 -28.2442 -49.9127 -73.5079 -99.2989 -127.701 -160.859 -196.108 -32.7755
330 33.7401 1.0874 -37.2701 -58.9291 -82.5382 -108.415 -137.09 -170.588 -205.483 -40.1555
335 24.4249 -8.09243 -46.3504 -68.0145 -91.6319 -117.548 -146.382 -180.251 -215.284 -47.4391
340 15.0315 -17.3284 -55.5061 -77.1546 -100.784 -126.769 -155.753 -189.745 -225.187 -54.657
345 5.58365 -26.631 -64.7192 -86.3609 -109.994 -136.04 -165.182 -199.312 -234.818 -61.8066
350 -4.08304 -35.9828 -74.0015 -95.636 -119.262 -145.361 -174.658 -208.892 -244.481 -68.9878
355 -13.9669 -45.4285 -83.332 -104.967 -128.616 -154.756 -184.205 -218.536 -254.2 -76.2591
360 -24.0059 -54.9313 -92.75 -114.363 -138.021 -164.211 -193.81 -228.243 -264.003 -83.5082
365 -34.1886 -64.5118 -102.223 -123.822 -147.503 -173.717 -203.452 -237.987 -273.859 -90.7372
370 -44.5468 -74.1651 -111.772 -133.337 -157.042 -183.305 -213.175 -247.793 -283.765 -97.9634
375 -55.0297 -83.8855 -121.393 -142.933 -166.646 -192.944 -222.954 -257.679 -293.765 -105.183
380 -65.6579 -93.6979 -131.072 -152.58 -176.312 -202.644 -232.781 -267.595 -303.819 -112.402
385 -76.4508 -103.587 -140.838 -162.315 -186.043 -212.417 -242.679 -277.584 -313.927 -119.631
390 -87.3791 -113.582 -150.678 -172.137 -195.858 -222.258 -252.653 -287.653 -324.117 -126.887
395 -98.4582 -123.649 -160.597 -182.015 -205.735 -232.163 -262.696 -297.785 -334.37 -134.164
400 -109.698 -133.8 -170.593 -191.978 -215.675 -242.133 -272.8 -307.974 -344.688 -141.457
