theta V_c35 rpm_c35 CR_c35 Q0_c35 Vvh_c35 V_c45 rpm_c45 CR_c45 Q0_c45 Vvh_c45 V_c55 rpm_c55 CR_c55 Q0_c55 Vvh_c55
-8 7.46242 2071.88 0.786736 39.2559 2.25484 7.32806 1835.76 0.829091 47.8049 2.19649 7.27973 1658.39 0.844903 55.4171 2.17584
-7 7.30937 2021.11 0.835156 34.3363 2.1885 7.24621 1776.74 0.856052 41.807 2.16162 7.2013 1603.41 0.871238 48.4643 2.1427
-6 7.22668 1951.71 0.862623 29.4025 2.15337 7.16575 1714 0.883462 35.7945 2.12783 7.12307 1545.21 0.898378 41.4984 2.11009
-5 7.1447 1877.8 0.890773 24.4772 2.11908 7.08647 1647.89 0.911385 29.7951 2.09498 7.04565 1483.95 0.926136 34.5495 2.07823
-4 7.06431 1798.55 0.919345 19.5729 2.08589 7.00942 1578.33 0.939424 23.8311 2.06347 6.97014 1419.91 0.954099 27.6293 2.04754
-3 6.98664 1712.18 0.947907 14.6589 2.05422 6.93601 1505.16 0.967041 17.8468 2.0338 6.89812 1353.44 0.981635 20.6863 2.01862
-2 6.94404 1627.42 0.963966 9.74801 2.03704 6.90432 1435.93 0.979229 11.8689 2.0211 6.86964 1291.5 0.992748 13.7673 2.00729
-1 6.91035 1541.17 0.976885 4.86231 2.02352 6.86861 1359.07 0.99315 5.92024 2.00688 6.84218 1225.24 1.00361 6.86714 1.9964
0 6.89448 1454.9 0.983042 -1.70299e-14 2.01718 6.85913 1283.52 0.996889 -2.07359e-14 2.00312 6.83566 1157.35 1.0062 -2.40532e-14 1.99383
1 6.90332 1365.43 0.979598 -3.41547 2.02072 6.8811 1204.64 0.98826 -4.15861 2.01184 6.8601 1087.31 0.996518 -4.82375 2.00349
2 6.96411 1286.66 0.956373 -6.83072 2.04511 6.94835 1129.83 0.962339 -8.31688 2.03876 6.93841 1018.11 0.966126 -9.64714 2.03476
