theta V_base rpm_base CR_base V_buhl rpm_buhl CR_buhl V_heli09 rpm_heli09 CR_heli09 V_heli11 rpm_heli11 CR_heli11 V_sinperd rpm_sinperd CR_sinperd V_remolino rpm_remolino CR_remolino V_re50 rpm_re50 CR_re50 V_cd12 rpm_cd12 CR_cd12 V_2d rpm_2d CR_2d
-8 7.32806 1835.76 0.829091 7.17141 1839.79 0.8815 nan nan nan nan nan nan nan nan nan nan nan nan nan nan nan 7.32231 1725.76 0.830958 nan nan nan
-7 7.24621 1776.74 0.856052 7.00639 1789.53 0.940555 nan nan nan nan nan nan nan nan nan nan nan nan nan nan nan 7.24577 1673.42 0.8562 nan nan nan
-6 7.16575 1714 0.883462 6.82949 1735.94 1.00869 7.20212 1711.25 0.870958 7.1309 1716.61 0.895624 6.99323 1736.05 0.945452 7.1642 1712.54 0.883986 7.20812 1776.58 0.868912 7.16964 1617.88 0.8821 7.20812 1776.58 0.868912
-5 7.08647 1647.89 0.911385 6.64441 1678.41 1.08585 nan nan nan nan nan nan nan nan nan nan nan nan nan nan nan 7.09477 1558.97 0.908403 nan nan nan
-4 7.00942 1578.33 0.939424 6.4618 1616.02 1.16858 7.06461 1574.15 0.919237 6.95664 1582.29 0.959179 6.89167 1594.21 0.984142 7.00888 1577.36 0.939639 7.03319 1596.83 0.930685 7.02197 1496.6 0.934807 7.03319 1596.83 0.930685
-3 6.93601 1505.16 0.967041 6.29063 1548.56 1.25278 6.99988 1500.44 0.94296 6.87498 1509.6 0.990666 6.84797 1519.84 1.0013 6.93669 1504.41 0.966782 6.98098 1511.28 0.950028 6.9815 1433.71 0.94982 6.95135 1504.77 0.961197
-2 6.90432 1435.93 0.979229 6.15539 1479.02 1.32432 6.97608 1430.81 0.951853 6.82976 1438.71 1.00856 6.8158 1443.3 1.01418 6.87055 1428.22 0.992403 6.93082 1428.61 0.969025 6.94802 1365.78 0.962454 6.90032 1421.41 0.980776
-1 6.86861 1359.07 0.99315 6.04508 1403.93 1.38626 6.95147 1356.2 0.961139 6.79435 1364.41 1.02284 6.79479 1360.54 1.02268 6.85543 1360.31 0.998365 6.8993 1351.57 0.981173 6.92788 1292.94 0.970137 6.85718 1341.38 0.997671
0 6.85913 1283.52 0.996889 5.96244 1324.92 1.43495 6.9479 1281.09 0.962497 6.77953 1289.24 1.02888 6.79549 1282.14 1.02237 6.84166 1284.48 1.00382 6.89318 1278.9 0.983551 6.94609 1213.36 0.963191 6.82715 1262.2 1.00962
1 6.8811 1204.64 0.98826 5.90324 1240.14 1.47108 nan nan nan nan nan nan nan nan nan nan nan nan nan nan nan 7.01652 1125.99 0.936802 nan nan nan
2 6.94835 1129.83 0.962339 5.87787 1154.79 1.48691 nan nan nan nan nan nan nan nan nan nan nan nan nan nan nan 7.39668 1015.26 0.807169 nan nan nan
