r x a phi alpha cl cd rek dT dQmili F zona LD
0.044975 0.224875 0.799966 9.79251 6.79251 1.33374 0.0632591 22.2009 8.00046 44.6715 0.435523 1 21.0838
0.046925 0.234625 0.780877 10.271 7.27103 1.38006 0.0710808 23.1977 9.03531 54.4832 0.668875 1 19.4154
0.048875 0.244375 0.771109 10.3002 7.30019 1.38492 0.0714834 24.1639 9.83776 61.9824 0.787457 1 19.3741
0.050825 0.254125 0.766845 10.0939 7.09391 1.37648 0.0677874 25.1118 10.5603 68.5137 0.861385 1 20.3058
0.052775 0.263875 0.764441 9.82656 6.82656 1.35573 0.0634329 26.0539 11.1979 74.1092 0.90898 1 21.3726
0.054725 0.273625 0.76327 9.52917 6.52917 1.32835 0.058914 26.9926 11.7795 79.0331 0.940259 1 22.5472
0.056675 0.283375 0.760913 9.29709 6.29709 1.29275 0.0552915 27.9357 12.2817 83.5923 0.960028 1 23.3807
0.058625 0.293125 0.759287 9.05315 6.05315 1.25685 0.0515165 28.877 12.7616 87.9669 0.973274 1 24.397
0.060575 0.302875 0.756426 8.86886 5.86886 1.21766 0.0499507 29.8224 13.1915 91.3225 0.981704 1 24.3772
0.062525 0.312625 0.753877 8.68505 5.68505 1.17982 0.0485429 30.7672 13.6094 94.3789 0.987421 1 24.3047
0.064475 0.322375 0.752228 8.48186 5.48186 1.14485 0.0465197 31.7097 14.0319 97.5635 0.991414 1 24.61
0.066425 0.332125 0.749928 8.31172 5.31172 1.11014 0.0439728 32.6544 14.4318 101.49 0.994038 1 25.2461
0.068375 0.341875 0.747318 8.16102 5.16102 1.07643 0.0415538 33.6003 14.8178 105.6 0.995806 1 25.9044
0.070325 0.351625 0.744433 8.02712 5.02712 1.04384 0.0392545 34.547 15.1919 109.906 0.997011 1 26.5917
0.072275 0.361375 0.740355 7.93634 4.93634 1.01075 0.0393438 35.4971 15.5358 112.218 0.997798 1 25.6901
0.074225 0.371125 0.736156 7.85385 4.85385 0.979043 0.0400525 36.4475 15.8718 113.669 0.998358 1 24.444
0.076175 0.380875 0.732172 7.76942 4.76942 0.949235 0.0404884 37.3975 16.2073 115.117 0.99877 1 23.4446
0.078125 0.390625 0.728416 7.68279 4.68279 0.921213 0.040654 38.347 16.5432 116.619 0.999075 1 22.6598
0.080075 0.400375 0.724902 7.59373 4.59373 0.894875 0.0405499 39.2959 16.8804 118.24 0.999304 1 22.0685
0.082025 0.410125 0.721648 7.50195 4.50195 0.870126 0.0401753 40.2443 17.2197 120.056 0.999475 1 21.6582
0.083975 0.419875 0.719747 7.37917 4.37917 0.848114 0.0398547 41.1895 17.5868 121.126 0.999616 1 21.2802
0.085925 0.429625 0.717086 7.28126 4.28126 0.826172 0.0397311 42.1367 17.9338 122.034 0.999712 1 20.7941
0.087875 0.439375 0.713839 7.20223 4.20223 0.804523 0.0397418 43.0854 18.2641 122.768 0.999779 1 20.2437
0.089825 0.449125 0.71015 7.13738 4.13738 0.783323 0.0398463 44.0353 18.5805 123.306 0.999827 1 19.6586
0.091775 0.458875 0.706119 7.08345 4.08345 0.762667 0.0400168 44.9859 18.8851 123.626 0.999863 1 19.0587
0.093725 0.468625 0.701816 7.03808 4.03808 0.742607 0.0402337 45.9373 19.1794 123.71 0.99989 1 18.4573
0.095675 0.478375 0.69738 6.99762 3.99762 0.723252 0.0404673 46.8889 19.4667 123.547 0.99991 1 17.8725
0.097625 0.488125 0.699168 6.81904 3.81904 0.710882 0.0395293 47.8266 19.9098 123.524 0.999939 1 17.9837
0.099575 0.497875 0.700967 6.64711 3.64711 0.698985 0.038624 48.7646 20.355 123.411 0.999959 1 18.0972
0.101525 0.507625 0.702587 6.48552 3.48552 0.687355 0.0378169 49.7034 20.7974 123.091 0.999972 1 18.1758
0.103475 0.517375 0.704841 6.31647 3.31647 0.676705 0.0373073 50.6413 21.259 121.481 0.999982 1 18.1387
0.105425 0.527125 0.706091 6.17451 3.17451 0.665506 0.0370009 51.5817 21.6948 119.555 0.999987 1 17.9862
0.107375 0.536875 0.705776 6.06966 3.06966 0.653284 0.036938 52.5254 22.0871 117.381 0.999991 1 17.686
0.109325 0.546625 0.704697 5.98388 2.98388 0.640814 0.0369858 53.4709 22.4569 114.947 0.999993 1 17.3259
0.111275 0.556375 0.704768 5.87837 2.87837 0.629781 0.0368269 54.4142 22.8595 112.473 0.999995 1 17.1011
0.113225 0.566125 0.704595 5.78118 2.78118 0.618917 0.0366687 55.3582 23.2549 109.923 0.999996 1 16.8786
0.115175 0.575875 0.704201 5.69148 2.69148 0.608233 0.0365115 56.3027 23.6434 107.287 0.999997 1 16.6587
0.117125 0.585625 0.703605 5.60853 2.60853 0.597737 0.0363555 57.2478 24.0251 104.558 0.999998 1 16.4414
0.119075 0.595375 0.702825 5.53168 2.53168 0.587434 0.036201 58.1933 24.4004 101.728 0.999998 1 16.227
0.121025 0.605125 0.702338 5.45197 2.45197 0.577687 0.0360691 59.1383 24.7844 98.416 0.999998 1 16.0161
0.122975 0.614875 0.702185 5.36877 2.36877 0.568501 0.0359535 60.0829 25.1787 94.605 0.999998 1 15.8121
0.124925 0.624625 0.702049 5.28784 2.28784 0.559611 0.0358378 61.0276 25.5735 90.5545 0.999998 1 15.6151
0.126875 0.634375 0.70193 5.20908 2.20908 0.551004 0.035722 61.9724 25.9687 86.2621 0.999998 1 15.4248
0.128825 0.644125 0.701829 5.13239 2.13239 0.542667 0.0356061 62.9173 26.3643 81.7255 0.999997 1 15.2408
0.130775 0.653875 0.701744 5.0577 2.0577 0.534588 0.0354903 63.8622 26.7604 76.9423 0.999996 1 15.0629
0.132725 0.663625 0.701549 4.98701 1.98701 0.526662 0.0354041 64.8074 27.1526 71.7874 0.999994 1 14.8757
0.134675 0.673375 0.700886 4.92602 1.92602 0.518627 0.0354305 65.7535 27.5278 65.8683 0.999992 1 14.6379
0.136625 0.683125 0.700228 4.86668 1.86668 0.510823 0.0354587 66.6997 27.9026 59.6117 0.999989 1 14.4061
0.138575 0.692875 0.699575 4.80893 1.80893 0.50324 0.0354886 67.6459 28.2768 53.0114 0.999984 1 14.1803
0.140525 0.702625 0.698927 4.75269 1.75269 0.495868 0.0355201 68.5921 28.6506 46.0611 0.999977 1 13.9602
0.142475 0.712375 0.698283 4.69791 1.69791 0.488699 0.035553 69.5385 29.0238 38.7542 0.999967 1 13.7456
0.144425 0.722125 0.697644 4.64453 1.64453 0.481724 0.0355873 70.4848 29.3965 31.0843 0.999953 1 13.5364
0.146375 0.731875 0.69701 4.59248 1.59248 0.474935 0.0356228 71.4313 29.7687 23.0445 0.999932 1 13.3323
0.148325 0.741625 0.696382 4.54172 1.54172 0.468325 0.0356595 72.3778 30.1402 14.6277 0.999904 1 13.1332
0.150275 0.751375 0.695468 4.49647 1.49647 0.461705 0.0356902 73.3247 30.4997 6.09997 0.999863 1 12.9365
0.152225 0.761125 0.692993 4.47503 1.47503 0.454301 0.0356816 74.274 30.7956 -1.29797 0.999796 0 12.7321
0.154175 0.770875 0.690752 4.45078 1.45078 0.447223 0.0356539 75.223 31.0983 -8.984 0.9997 0 12.5435
0.156125 0.780625 0.68947 4.41356 1.41356 0.440884 0.0355802 76.1706 31.437 -17.1602 0.999571 0 12.3913
0.158075 0.790375 0.688313 4.3755 1.3755 0.434759 0.035519 77.118 31.7786 -25.8717 0.999391 0 12.2402
0.160025 0.800125 0.687288 4.33655 1.33655 0.428838 0.0354706 78.0653 32.123 -35.1524 0.99914 0 12.09
0.161975 0.809875 0.686402 4.29663 1.29663 0.42311 0.0354352 79.0124 32.47 -45.0412 0.998792 0 11.9404
0.163925 0.819625 0.685664 4.25566 1.25566 0.417563 0.0354131 79.9593 32.8193 -55.5829 0.99831 0 11.7912
0.165875 0.829375 0.685085 4.21354 1.21354 0.412182 0.0354048 80.9061 33.1705 -66.8299 0.997646 0 11.642
0.167825 0.839125 0.684676 4.17014 1.17014 0.40695 0.0354107 81.8527 33.5227 -78.8442 0.996735 0 11.4923
0.169775 0.848875 0.684451 4.12534 1.12534 0.401846 0.0354315 82.7991 33.8745 -91.7009 0.995488 0 11.3415
0.171725 0.858625 0.684427 4.07896 1.07896 0.396842 0.035468 83.7452 34.2241 -105.491 0.993787 0 11.1887
0.173675 0.868375 0.684627 4.03077 1.03077 0.391906 0.0355211 84.6911 34.5687 -120.329 0.991471 0 11.033
0.175625 0.878125 0.685885 3.97032 0.970317 0.387438 0.0357256 85.6357 34.9442 -139.057 0.988443 0 10.8448
0.177575 0.887875 0.688389 3.89564 0.895642 0.383485 0.0361304 86.5788 35.3574 -162.946 0.984533 0 10.6139
0.179525 0.897625 0.690741 3.82445 0.824453 0.37919 0.0365101 87.5222 35.7312 -187.613 0.979167 0 10.3859
0.181475 0.907375 0.69301 3.7558 0.7558 0.374465 0.0368711 88.4658 36.0548 -213.351 0.971788 0 10.1561
0.183425 0.917125 0.695277 3.68863 0.688627 0.369183 0.0372204 89.4096 36.3128 -240.554 0.961618 0 9.91886
0.185375 0.926875 0.697639 3.62171 0.621711 0.363162 0.0375659 90.3534 36.483 -269.744 0.947573 0 9.66732
0.187325 0.936625 0.700222 3.55357 0.553567 0.356145 0.0379173 91.297 36.5344 -301.631 0.928122 0 9.39266
0.189275 0.946375 0.703367 3.48025 0.480247 0.347889 0.0382884 92.2401 36.4344 -337.327 0.901178 0 9.086
0.191225 0.956125 0.707764 3.3939 0.393897 0.338223 0.0387045 93.182 36.1559 -378.599 0.863882 0 8.7386
0.193175 0.965875 0.71328 3.29645 0.296445 0.326082 0.0391859 94.1228 35.5738 -427.054 0.810939 0 8.32141
0.195125 0.975625 0.720521 3.18132 0.181321 0.310237 0.0397708 95.0622 34.5349 -485.852 0.73356 0 7.80062
0.197075 0.985375 0.730699 3.03542 0.0354196 0.288235 0.0405352 95.9989 32.7365 -561.004 0.613202 0 7.11072
0.199025 0.995125 0.746999 2.82411 -0.175893 0.251838 0.0417706 96.9305 29.1869 -671.439 0.388318 0 6.02907
