sigma P110 P120 P130 P120kd0
0.02 0.000825 1e-05 1e-05 1e-05
0.03 0.00203 1e-05 1e-05 1.25e-05
0.04 0.004025 1e-05 1e-05 0.0002175
0.05 0.00725 3.5e-05 1e-05 0.00142
0.06 0.01166 0.00026 1e-05 0.00431
0.07 0.017093 0.0007725 1e-05 0.0095675
0.08 0.023605 0.0017125 3e-05 0.017462
0.09 0.03091 0.00329 0.000125 0.02777
0.1 0.03892 0.0054 0.0003625 0.04027
0.11 0.047415 0.00818 0.00077 0.05397
0.12 0.05666 0.01176 0.00151 0.068635
0.13 0.066077 0.01607 0.0026275 0.083413
0.14 0.075832 0.02097 0.0041325 0.098263
0.15 0.085708 0.026623 0.0059175 0.11271
0.16 0.095662 0.032528 0.00827 0.12693
0.17 0.10534 0.039258 0.011185 0.14075
0.18 0.11527 0.045867 0.014648 0.15358
0.19 0.12507 0.052998 0.018542 0.16619
0.2 0.13452 0.060375 0.022642 0.17804
0.21 0.14372 0.067655 0.0272 0.18951
0.22 0.15281 0.075365 0.0322 0.2001
0.23 0.16168 0.08325 0.037393 0.21022
0.24 0.1702 0.091005 0.042912 0.21982
0.25 0.17858 0.098882 0.048648 0.22909
