id S O D NPR S2 O2 D2 NPR2
M1 9 5 5 225 9 3 3 81
M2 9 5 3 135 6 5 2 60
M3 9 6 5 270 9 3 3 81
M4 9 6 5 270 9 4 3 108
M5 9 5 4 180 9 1 1 9
M6 6 7 6 252 6 6 2 72
M7 9 5 4 180 9 3 2 54
M8 9 4 3 108 9 2 1 18
M9 9 4 4 144 9 3 3 81
M10 5 5 3 75 5 2 2 20
M11 7 5 4 140 7 4 3 84
M12 9 5 3 135 9 4 2 72
M13 9 7 4 252 9 3 3 81
M14 9 4 5 180 9 3 3 81
M15 10 3 5 150 10 1 2 20
M16 9 4 3 108 9 3 2 54
M17 9 4 4 144 9 3 2 54
M18 9 4 5 180 9 3 3 81
M19 6 5 4 120 6 3 2 36
M20 5 5 2 50 5 2 2 20
M21 9 4 3 108 9 2 2 36
M22 9 4 4 144 9 3 3 81
M23 9 3 3 81 9 2 2 36
M24 7 3 4 84 7 2 3 42
M25 5 3 2 30 5 2 2 20
M26 9 4 3 108 9 3 2 54
M27 10 3 4 120 10 2 2 40
M28 8 3 4 96 8 1 2 16
M29 10 5 5 250 10 5 3 150
M30 8 4 4 128 8 3 2 48
M31 5 3 3 45 5 2 2 20
M32 8 6 6 288 8 5 3 120
M33 9 5 7 315 9 4 5 180
M34 8 3 4 96 8 2 2 32
M35 7 4 3 84 7 2 2 28
M36 6 5 2 60 6 5 1 30
M37 6 4 1 24 6 1 1 6
