F P1 P2
0.005 0.022222 0.011263
0.01 0.02387 0.012322
0.015 0.025076 0.013082
0.02 0.025971 0.013618
0.025 0.026693 0.014079
0.03 0.027307 0.014505
0.035 0.027888 0.014864
0.04 0.028416 0.01522
0.045 0.028899 0.015551
0.05 0.029367 0.015853
0.055 0.02978 0.016122
0.06 0.030181 0.016374
0.065 0.03063 0.016609
0.07 0.03101 0.016836
0.075 0.03139 0.017074
0.08 0.031745 0.017301
0.085 0.032065 0.017525
0.09 0.032363 0.017737
0.095 0.032687 0.01795
0.1 0.032979 0.018146
0.105 0.033296 0.01835
0.11 0.033603 0.018541
0.115 0.0339 0.018728
0.12 0.034196 0.018916
0.125 0.03448 0.0191
0.13 0.034739 0.019277
0.135 0.034996 0.019437
0.14 0.035262 0.019598
0.145 0.03553 0.019777
0.15 0.035765 0.019943
0.155 0.036029 0.020098
0.16 0.036284 0.020257
0.165 0.036517 0.02041
0.17 0.036751 0.020566
0.175 0.036979 0.020716
0.18 0.037194 0.020865
0.185 0.037447 0.021024
0.19 0.03767 0.021187
0.195 0.037893 0.021343
0.2 0.038137 0.02149
0.205 0.038346 0.021627
0.21 0.038576 0.021764
0.215 0.038813 0.021915
0.22 0.039006 0.022063
0.225 0.039231 0.022203
0.23 0.039448 0.022342
0.235 0.039675 0.022479
0.24 0.039878 0.022625
0.245 0.040095 0.022758
0.25 0.0403 0.022901
0.255 0.040518 0.023044
0.26 0.040735 0.023186
0.265 0.040955 0.023326
0.27 0.041162 0.023469
0.275 0.041389 0.023618
0.28 0.041609 0.023754
0.285 0.041827 0.023897
0.29 0.042026 0.024029
0.295 0.042236 0.024171
0.3 0.042458 0.024304
0.305 0.042664 0.024435
0.31 0.042856 0.024575
0.315 0.043065 0.024713
0.32 0.043261 0.024842
0.325 0.043477 0.024975
0.33 0.043695 0.025115
0.335 0.043916 0.025251
0.34 0.044129 0.025386
0.345 0.044341 0.025527
0.35 0.044566 0.025659
0.355 0.04477 0.025786
0.36 0.044988 0.025917
0.365 0.045204 0.026045
0.37 0.045409 0.02618
0.375 0.045624 0.026317
0.38 0.045822 0.026453
0.385 0.046022 0.026596
0.39 0.046241 0.02674
0.395 0.046454 0.026893
0.4 0.046669 0.027037
0.405 0.046894 0.027188
0.41 0.047116 0.02734
0.415 0.047335 0.027489
0.42 0.047541 0.027626
0.425 0.047755 0.027768
0.43 0.047966 0.027911
0.435 0.048192 0.02805
0.44 0.048404 0.028191
0.445 0.048617 0.02833
0.45 0.048835 0.028468
0.455 0.049073 0.028611
0.46 0.049303 0.028759
0.465 0.049549 0.028913
0.47 0.049784 0.029064
0.475 0.050016 0.029207
0.48 0.050271 0.029353
0.485 0.050515 0.029492
0.49 0.050765 0.029642
0.495 0.051005 0.029802
0.5 0.051257 0.029948
0.505 0.05151 0.030099
0.51 0.051758 0.03025
0.515 0.052007 0.030403
0.52 0.052253 0.03056
0.525 0.052492 0.030719
0.53 0.052749 0.030879
0.535 0.053009 0.031036
0.54 0.053247 0.031193
0.545 0.053509 0.031348
0.55 0.053772 0.031513
0.555 0.054048 0.031687
0.56 0.054306 0.031849
0.565 0.054565 0.032019
0.57 0.054852 0.032186
0.575 0.055137 0.032363
0.58 0.05544 0.032541
0.585 0.055711 0.03272
0.59 0.055988 0.032894
0.595 0.056272 0.033073
0.6 0.056558 0.033256
0.605 0.056846 0.033441
0.61 0.057159 0.033605
0.615 0.057442 0.033789
0.62 0.057725 0.033973
0.625 0.058056 0.034161
0.63 0.058368 0.034347
0.635 0.058704 0.034543
0.64 0.059009 0.034738
0.645 0.059334 0.034916
0.65 0.05963 0.035099
0.655 0.059979 0.035303
0.66 0.060316 0.035514
0.665 0.06066 0.035717
0.67 0.061002 0.035919
0.675 0.06137 0.036126
0.68 0.061689 0.036349
0.685 0.062046 0.036548
0.69 0.062404 0.036778
0.695 0.062791 0.036988
0.7 0.063175 0.037214
0.705 0.063543 0.037458
0.71 0.063927 0.037692
0.715 0.064319 0.037935
0.72 0.064717 0.03816
0.725 0.065131 0.038397
0.73 0.065503 0.038648
0.735 0.065908 0.038907
0.74 0.06636 0.039144
0.745 0.066819 0.039413
0.75 0.067263 0.03969
0.755 0.067734 0.039946
0.76 0.068192 0.040197
0.765 0.068661 0.040475
0.77 0.069177 0.040751
0.775 0.069677 0.041028
0.78 0.070216 0.04135
0.785 0.070722 0.041664
0.79 0.071283 0.041983
0.795 0.071859 0.042286
0.8 0.072471 0.042634
0.805 0.073043 0.042961
0.81 0.073595 0.043297
0.815 0.074144 0.043669
0.82 0.074759 0.044039
0.825 0.075412 0.044409
0.83 0.076117 0.044797
0.835 0.076882 0.045212
0.84 0.077589 0.045632
0.845 0.078357 0.046068
0.85 0.079161 0.046501
0.855 0.080008 0.04699
0.86 0.080838 0.047431
0.865 0.081725 0.047898
0.87 0.082702 0.048356
0.875 0.083681 0.048846
0.88 0.084704 0.049404
0.885 0.085763 0.049972
0.89 0.086889 0.050575
0.895 0.088195 0.051182
0.9 0.089468 0.051836
0.905 0.090856 0.052514
0.91 0.092291 0.053217
0.915 0.093811 0.054054
0.92 0.095489 0.054913
0.925 0.097221 0.055856
0.93 0.099283 0.056823
0.935 0.10155 0.057897
0.94 0.10419 0.059079
0.945 0.10713 0.060304
0.95 0.11016 0.061797
0.955 0.11379 0.063445
0.96 0.11796 0.065316
0.965 0.12302 0.067404
0.97 0.12953 0.069795
0.975 0.13806 0.072905
0.98 0.1493 0.077128
0.985 0.16388 0.082708
0.99 0.18813 0.092233
0.995 0.23801 0.11112
