n code P EF FV1 RAW1 FV2 RAW2
0 x17 0.0054 5 0.1582 30.14 0 1
1 x13 0.005 10 0.1465 30.14 0.06855 14.64
2 x3 0.005 5 0.1465 30.14 0.06855 14.64
3 x7 0.003 3 0.0877 30.14 0.04105 14.64
4 x1 0.002 5 0.05841 30.14 0.02734 14.64
5 x9 0.002 5 0.05841 30.14 0.02734 14.64
6 x10 0.002 5 0.05841 30.14 0.02734 14.64
7 x18 0.002 5 0.05841 30.14 0 1
8 x8 0.0018 5 0.05255 30.14 0.0246 14.64
9 x12 0.001 5 0.02917 30.14 0.01365 14.64
10 x2 0.001 10 0.02917 30.14 0.01365 14.64
11 x6 0.001 5 0.02917 30.14 0.01365 14.64
12 x14 0.001 10 0.02917 30.14 0.01365 14.64
13 x11 0.0005 5 0.01458 30.14 0.006824 14.64
14 x15 0.0005 5 0.01458 30.14 0.006824 14.64
15 x16 0.0003 5 0.008746 30.14 0.004093 14.64
16 x4 0.009 3 0.005247 1.578 0.002456 1.27
17 x5 0.02 3 0.005247 1.257 0.002456 1.12
18 x19 0.01 3 0 1 0.1423 15.09
19 x20 0.002 5 0 1 0.02824 15.09
20 x21 0.3 2 0 1 0.3538 1.825
21 x22 0.01 3 0 1 0.006814 1.675
22 x23 0.01 3 0 1 0.4588 46.42
23 x24 0.05 3 0 1 0.006814 1.129
24 x25 0.3 2 0 1 0.006814 1.016
25 x26 0.3 2 0 1 0.1608 1.375
