w a b c d e f g ta tb tc td te tf tg
0.000 0.22839 0.15355 0.22018 0.09710 0.15710 0.08729 0.05639 0.60997 0.63428 0.78966 0.45454 0.66083 0.41695 0.25557
0.010 0.22641 0.15225 0.21957 0.09840 0.15612 0.09063 0.05663 0.60981 0.63397 0.78960 0.45466 0.66068 0.41713 0.25564
0.020 0.22443 0.15096 0.21896 0.09969 0.15513 0.09397 0.05687 0.60933 0.63304 0.78941 0.45503 0.66022 0.41770 0.25583
0.030 0.22245 0.14967 0.21835 0.10099 0.15414 0.09731 0.05710 0.60851 0.63145 0.78910 0.45566 0.65942 0.41866 0.25616
0.040 0.22047 0.14837 0.21774 0.10229 0.15315 0.10064 0.05734 0.60734 0.62919 0.78865 0.45656 0.65827 0.42005 0.25664
0.050 0.21849 0.14708 0.21712 0.10358 0.15216 0.10398 0.05758 0.60580 0.62625 0.78805 0.45775 0.65678 0.42186 0.25727
0.060 0.21651 0.14579 0.21651 0.10488 0.15117 0.10732 0.05782 0.60388 0.62262 0.78731 0.45922 0.65491 0.42412 0.25805
0.070 0.21452 0.14450 0.21590 0.10618 0.15019 0.11065 0.05806 0.60158 0.61834 0.78641 0.46100 0.65268 0.42681 0.25899
0.080 0.21254 0.14320 0.21529 0.10747 0.14920 0.11399 0.05830 0.59889 0.61340 0.78537 0.46308 0.65007 0.42996 0.26010
0.090 0.21056 0.14191 0.21468 0.10877 0.14821 0.11733 0.05854 0.59580 0.60784 0.78416 0.46547 0.64709 0.43355 0.26138
0.100 0.20858 0.14062 0.21407 0.11006 0.14722 0.12067 0.05878 0.59233 0.60169 0.78281 0.46816 0.64374 0.43757 0.26283
0.110 0.20660 0.13932 0.21346 0.11136 0.14623 0.12400 0.05902 0.58846 0.59500 0.78129 0.47117 0.64003 0.44203 0.26445
0.120 0.20462 0.13803 0.21285 0.11266 0.14524 0.12734 0.05926 0.58422 0.58781 0.77962 0.47448 0.63596 0.44690 0.26624
0.130 0.20263 0.13674 0.21224 0.11395 0.14425 0.13068 0.05950 0.57961 0.58016 0.77780 0.47808 0.63155 0.45216 0.26819
0.140 0.20065 0.13545 0.21163 0.11525 0.14327 0.13401 0.05974 0.57463 0.57209 0.77584 0.48197 0.62681 0.45781 0.27032
0.150 0.19867 0.13415 0.21102 0.11655 0.14228 0.13735 0.05997 0.56931 0.56367 0.77373 0.48615 0.62176 0.46381 0.27261
0.160 0.19669 0.13286 0.21041 0.11784 0.14129 0.14069 0.06021 0.56366 0.55494 0.77149 0.49058 0.61643 0.47015 0.27505
0.170 0.19471 0.13157 0.20980 0.11914 0.14030 0.14403 0.06045 0.55769 0.54593 0.76913 0.49528 0.61082 0.47680 0.27765
0.180 0.19273 0.13027 0.20919 0.12044 0.13931 0.14736 0.06069 0.55144 0.53670 0.76664 0.50021 0.60496 0.48373 0.28040
0.190 0.19075 0.12898 0.20858 0.12173 0.13832 0.15070 0.06093 0.54491 0.52728 0.76405 0.50536 0.59887 0.49092 0.28328
0.200 0.18876 0.12769 0.20797 0.12303 0.13734 0.15404 0.06117 0.53812 0.51772 0.76135 0.51071 0.59258 0.49834 0.28629
0.210 0.18678 0.12640 0.20736 0.12433 0.13635 0.15737 0.06141 0.53111 0.50804 0.75857 0.51625 0.58611 0.50597 0.28942
0.220 0.18480 0.12510 0.20675 0.12562 0.13536 0.16071 0.06165 0.52388 0.49828 0.75571 0.52195 0.57948 0.51377 0.29265
0.230 0.18282 0.12381 0.20614 0.12692 0.13437 0.16405 0.06189 0.51645 0.48847 0.75278 0.52781 0.57272 0.52174 0.29599
0.240 0.18084 0.12252 0.20553 0.12822 0.13338 0.16739 0.06213 0.50886 0.47863 0.74980 0.53379 0.56584 0.52984 0.29941
0.250 0.17886 0.12123 0.20492 0.12951 0.13239 0.17072 0.06237 0.50111 0.46878 0.74678 0.53988 0.55886 0.53805 0.30290
0.260 0.17687 0.11993 0.20431 0.13081 0.13140 0.17406 0.06261 0.49323 0.45895 0.74372 0.54606 0.55182 0.54635 0.30645
0.270 0.17489 0.11864 0.20370 0.13211 0.13042 0.17740 0.06284 0.48523 0.44915 0.74065 0.55231 0.54472 0.55472 0.31006
0.280 0.17291 0.11735 0.20309 0.13340 0.12943 0.18073 0.06308 0.47714 0.43940 0.73756 0.55862 0.53759 0.56315 0.31370
0.290 0.17093 0.11605 0.20248 0.13470 0.12844 0.18407 0.06332 0.46896 0.42971 0.73448 0.56496 0.53045 0.57161 0.31738
0.300 0.16895 0.11476 0.20187 0.13600 0.12745 0.18741 0.06356 0.46072 0.42009 0.73140 0.57133 0.52331 0.58010 0.32106
0.310 0.16697 0.11347 0.20126 0.13729 0.12646 0.19075 0.06380 0.45242 0.41056 0.72835 0.57770 0.51619 0.58859 0.32475
0.320 0.16499 0.11218 0.20065 0.13859 0.12547 0.19408 0.06404 0.44409 0.40111 0.72532 0.58406 0.50909 0.59708 0.32844
0.330 0.16300 0.11088 0.20004 0.13989 0.12449 0.19742 0.06428 0.43573 0.39177 0.72233 0.59040 0.50205 0.60555 0.33210
0.340 0.16102 0.10959 0.19943 0.14118 0.12350 0.20076 0.06452 0.42735 0.38253 0.71939 0.59670 0.49507 0.61399 0.33574
0.350 0.15904 0.10830 0.19882 0.14248 0.12251 0.20409 0.06476 0.41897 0.37341 0.71649 0.60295 0.48815 0.62240 0.33935
0.360 0.15706 0.10700 0.19821 0.14378 0.12152 0.20743 0.06500 0.41059 0.36439 0.71366 0.60914 0.48132 0.63076 0.34291
0.370 0.15508 0.10571 0.19760 0.14507 0.12053 0.21077 0.06524 0.40223 0.35550 0.71088 0.61526 0.47459 0.63907 0.34642
0.380 0.15310 0.10442 0.19699 0.14637 0.11954 0.21411 0.06548 0.39389 0.34673 0.70817 0.62131 0.46795 0.64732 0.34986
0.390 0.15111 0.10313 0.19638 0.14767 0.11855 0.21744 0.06571 0.38558 0.33807 0.70554 0.62726 0.46143 0.65551 0.35325
0.400 0.14913 0.10183 0.19577 0.14896 0.11757 0.22078 0.06595 0.37731 0.32954 0.70298 0.63311 0.45502 0.66362 0.35656
0.410 0.14715 0.10054 0.19516 0.15026 0.11658 0.22412 0.06619 0.36908 0.32114 0.70050 0.63887 0.44875 0.67167 0.35979
0.420 0.14517 0.09925 0.19455 0.15156 0.11559 0.22745 0.06643 0.36090 0.31286 0.69809 0.64451 0.44260 0.67963 0.36295
0.430 0.14319 0.09796 0.19394 0.15285 0.11460 0.23079 0.06667 0.35277 0.30471 0.69577 0.65003 0.43659 0.68751 0.36602
0.440 0.14121 0.09666 0.19333 0.15415 0.11361 0.23413 0.06691 0.34471 0.29668 0.69353 0.65544 0.43072 0.69531 0.36899
0.450 0.13923 0.09537 0.19272 0.15545 0.11262 0.23747 0.06715 0.33670 0.28877 0.69137 0.66071 0.42500 0.70302 0.37188
0.460 0.13724 0.09408 0.19211 0.15674 0.11164 0.24080 0.06739 0.32876 0.28099 0.68930 0.66586 0.41943 0.71064 0.37468
0.470 0.13526 0.09278 0.19150 0.15804 0.11065 0.24414 0.06763 0.32089 0.27333 0.68731 0.67088 0.41401 0.71817 0.37738
0.480 0.13328 0.09149 0.19089 0.15934 0.10966 0.24748 0.06787 0.31309 0.26579 0.68540 0.67575 0.40874 0.72561 0.37999
0.490 0.13130 0.09020 0.19028 0.16063 0.10867 0.25081 0.06811 0.30537 0.25837 0.68357 0.68049 0.40364 0.73296 0.38250
0.500 0.12932 0.08891 0.18967 0.16193 0.10768 0.25415 0.06835 0.29772 0.25107 0.68183 0.68509 0.39869 0.74021 0.38491
0.510 0.12734 0.08761 0.18906 0.16323 0.10669 0.25749 0.06858 0.29015 0.24389 0.68016 0.68955 0.39390 0.74737 0.38723
0.520 0.12535 0.08632 0.18845 0.16452 0.10570 0.26083 0.06882 0.28267 0.23683 0.67857 0.69386 0.38928 0.75444 0.38945
0.530 0.12337 0.08503 0.18784 0.16582 0.10472 0.26416 0.06906 0.27526 0.22987 0.67705 0.69803 0.38481 0.76141 0.39158
0.540 0.12139 0.08373 0.18723 0.16712 0.10373 0.26750 0.06930 0.26794 0.22303 0.67561 0.70206 0.38050 0.76829 0.39362
0.550 0.11941 0.08244 0.18662 0.16841 0.10274 0.27084 0.06954 0.26071 0.21630 0.67424 0.70594 0.37636 0.77508 0.39556
0.560 0.11743 0.08115 0.18601 0.16971 0.10175 0.27417 0.06978 0.25356 0.20968 0.67294 0.70968 0.37237 0.78177 0.39741
0.570 0.11545 0.07986 0.18540 0.17101 0.10076 0.27751 0.07002 0.24650 0.20317 0.67171 0.71327 0.36854 0.78837 0.39918
0.580 0.11347 0.07856 0.18479 0.17230 0.09977 0.28085 0.07026 0.23953 0.19676 0.67054 0.71673 0.36487 0.79488 0.40086
0.590 0.11148 0.07727 0.18418 0.17360 0.09879 0.28419 0.07050 0.23264 0.19045 0.66943 0.72005 0.36135 0.80130 0.40246
0.600 0.10950 0.07598 0.18357 0.17490 0.09780 0.28752 0.07074 0.22585 0.18424 0.66838 0.72322 0.35798 0.80763 0.40398
0.610 0.10752 0.07469 0.18296 0.17619 0.09681 0.29086 0.07098 0.21915 0.17814 0.66739 0.72627 0.35476 0.81388 0.40542
0.620 0.10554 0.07339 0.18235 0.17749 0.09582 0.29420 0.07122 0.21253 0.17213 0.66646 0.72917 0.35169 0.82003 0.40678
0.630 0.10356 0.07210 0.18174 0.17879 0.09483 0.29753 0.07146 0.20601 0.16621 0.66558 0.73195 0.34876 0.82610 0.40807
0.640 0.10158 0.07081 0.18112 0.18008 0.09384 0.30087 0.07169 0.19958 0.16039 0.66475 0.73460 0.34597 0.83208 0.40929
0.650 0.09959 0.06951 0.18051 0.18138 0.09285 0.30421 0.07193 0.19325 0.15466 0.66397 0.73711 0.34332 0.83797 0.41044
0.660 0.09761 0.06822 0.17990 0.18268 0.09187 0.30755 0.07217 0.18701 0.14903 0.66324 0.73951 0.34080 0.84378 0.41153
0.670 0.09563 0.06693 0.17929 0.18397 0.09088 0.31088 0.07241 0.18086 0.14348 0.66255 0.74178 0.33841 0.84951 0.41255
0.680 0.09365 0.06564 0.17868 0.18527 0.08989 0.31422 0.07265 0.17481 0.13801 0.66190 0.74394 0.33615 0.85516 0.41351
0.690 0.09167 0.06434 0.17807 0.18657 0.08890 0.31756 0.07289 0.16885 0.13263 0.66129 0.74598 0.33402 0.86073 0.41442
0.700 0.08969 0.06305 0.17746 0.18786 0.08791 0.32089 0.07313 0.16300 0.12734 0.66073 0.74791 0.33200 0.86622 0.41526
0.710 0.08771 0.06176 0.17685 0.18916 0.08692 0.32423 0.07337 0.15724 0.12213 0.66020 0.74973 0.33010 0.87163 0.41606
0.720 0.08572 0.06046 0.17624 0.19046 0.08594 0.32757 0.07361 0.15158 0.11699 0.65970 0.75145 0.32831 0.87697 0.41680
0.730 0.08374 0.05917 0.17563 0.19175 0.08495 0.33091 0.07385 0.14603 0.11194 0.65924 0.75306 0.32662 0.88223 0.41750
0.740 0.08176 0.05788 0.17502 0.19305 0.08396 0.33424 0.07409 0.14058 0.10696 0.65881 0.75458 0.32505 0.88742 0.41815
0.750 0.07978 0.05659 0.17441 0.19435 0.08297 0.33758 0.07433 0.13523 0.10205 0.65840 0.75600 0.32357 0.89253 0.41875
0.760 0.07780 0.05529 0.17380 0.19564 0.08198 0.34092 0.07456 0.13000 0.09722 0.65803 0.75733 0.32219 0.89757 0.41932
0.770 0.07582 0.05400 0.17319 0.19694 0.08099 0.34425 0.07480 0.12488 0.09247 0.65769 0.75857 0.32090 0.90254 0.41984
0.780 0.07383 0.05271 0.17258 0.19824 0.08000 0.34759 0.07504 0.11988 0.08778 0.65737 0.75973 0.31970 0.90745 0.42033
0.790 0.07185 0.05142 0.17197 0.19953 0.07902 0.35093 0.07528 0.11499 0.08316 0.65707 0.76081 0.31859 0.91228 0.42077
0.800 0.06987 0.05012 0.17136 0.20083 0.07803 0.35427 0.07552 0.11023 0.07861 0.65680 0.76180 0.31755 0.91705 0.42119
0.810 0.06789 0.04883 0.17075 0.20213 0.07704 0.35760 0.07576 0.10561 0.07413 0.65655 0.76272 0.31660 0.92175 0.42157
0.820 0.06591 0.04754 0.17014 0.20342 0.07605 0.36094 0.07600 0.10112 0.06971 0.65632 0.76358 0.31572 0.92639 0.42192
0.830 0.06393 0.04624 0.16953 0.20472 0.07506 0.36428 0.07624 0.09677 0.06536 0.65610 0.76436 0.31491 0.93096 0.42224
0.840 0.06194 0.04495 0.16892 0.20602 0.07407 0.36761 0.07648 0.09258 0.06107 0.65591 0.76507 0.31417 0.93547 0.42254
0.850 0.05996 0.04366 0.16831 0.20731 0.07309 0.37095 0.07672 0.08854 0.05684 0.65574 0.76573 0.31350 0.93992 0.42280
0.860 0.05798 0.04237 0.16770 0.20861 0.07210 0.37429 0.07696 0.08469 0.05267 0.65558 0.76632 0.31289 0.94431 0.42305
0.870 0.05600 0.04107 0.16709 0.20991 0.07111 0.37763 0.07720 0.08101 0.04856 0.65544 0.76686 0.31234 0.94864 0.42326
0.880 0.05402 0.03978 0.16648 0.21120 0.07012 0.38096 0.07743 0.07753 0.04450 0.65531 0.76734 0.31184 0.95292 0.42346
0.890 0.05204 0.03849 0.16587 0.21250 0.06913 0.38430 0.07767 0.07426 0.04051 0.65519 0.76777 0.31139 0.95713 0.42363
0.900 0.05006 0.03719 0.16526 0.21380 0.06814 0.38764 0.07791 0.07122 0.03657 0.65509 0.76815 0.31100 0.96129 0.42379
