V a b c d e f g
2.0625 0.00000 0.00572 0.00000 0.00000 0.00000 0.00000 0.00000
2.1875 0.00000 0.01556 0.00000 0.00000 0.00000 0.00000 0.00000
2.3125 0.00000 0.03000 0.00000 0.00000 0.00000 0.00000 0.00000
2.4375 0.00000 0.04856 0.00000 0.00000 0.00000 0.00000 0.00000
2.5625 0.00000 0.07460 0.00000 0.00000 0.00000 0.00000 0.00000
2.6875 0.00000 0.10437 0.00000 0.00000 0.00000 0.00000 0.00000
2.8125 0.00000 0.13661 0.00000 0.00000 0.00000 0.00000 0.00000
2.9375 0.00000 0.17149 0.00000 0.00000 0.00000 0.00000 0.00000
3.0625 0.00000 0.20137 0.00000 0.00000 0.00000 0.00000 0.00000
3.1875 0.00000 0.22745 0.00000 0.00000 0.00000 0.00000 0.00000
3.3125 0.00000 0.25701 0.00000 0.00000 0.00000 0.00000 0.00000
3.4375 0.00000 0.28829 0.00000 0.00000 0.00000 0.00000 0.00000
3.5625 0.00000 0.31362 0.00000 0.00000 0.00000 0.00000 0.00000
3.6875 0.00000 0.33350 0.00000 0.00000 0.00000 0.00000 0.00000
3.8125 0.00000 0.37434 0.00000 0.00000 0.00000 0.00000 0.00000
3.9375 0.00000 0.40826 0.00000 0.00000 0.00000 0.00000 0.00000
4.0625 0.00000 0.43142 0.00000 0.00000 0.00000 0.00000 0.00000
4.1875 0.00000 0.43082 0.00000 0.00000 0.00000 0.00000 0.00000
4.3125 0.00000 0.42482 0.00000 0.00000 0.00000 0.00000 0.00000
4.4375 0.00000 0.41706 0.00000 0.00000 0.00000 0.00000 0.00000
4.5625 0.00000 0.38630 0.00000 0.00000 0.00000 0.00000 0.00000
4.6875 0.00056 0.35918 0.00000 0.00000 0.00000 0.00000 0.00000
4.8125 0.08476 0.34394 0.00000 0.00000 0.00000 0.00000 0.00000
4.9375 0.51640 0.31546 0.00000 0.00000 0.00000 0.00000 0.00000
5.0625 1.23664 0.29309 0.00000 0.00000 0.00000 0.00000 0.00000
5.1875 1.79492 0.26877 0.00000 0.00000 0.00000 0.00000 0.00000
5.3125 1.83608 0.24965 0.00000 0.00000 0.00000 0.00000 0.00000
5.4375 1.38092 0.22753 0.00000 0.00000 0.00000 0.00000 0.00000
5.5625 0.77748 0.19989 0.00000 0.00000 0.00000 0.00000 0.00000
5.6875 0.29860 0.17925 0.00000 0.00000 0.00000 0.00000 0.00000
5.8125 0.07012 0.15129 0.00000 0.00000 0.00000 0.00000 0.00000
5.9375 0.00352 0.12509 0.00000 0.00000 0.00004 0.00000 0.00000
6.0625 0.00000 0.09180 0.00008 0.00000 0.00884 0.00000 0.00000
6.1875 0.00000 0.06276 0.02248 0.00000 0.08048 0.00000 0.00000
6.3125 0.00000 0.03224 0.12520 0.00000 0.24208 0.00000 0.00000
6.4375 0.00000 0.01512 0.30860 0.00004 0.45212 0.00000 0.00000
6.5625 0.00000 0.00356 0.56260 0.00448 0.69540 0.00000 0.00000
6.6875 0.00000 0.00020 0.79688 0.04292 0.87936 0.00000 0.00000
6.8125 0.00000 0.00000 0.98592 0.12900 1.00172 0.00000 0.00000
6.9375 0.00000 0.00000 1.07948 0.24140 1.03396 0.00000 0.00000
7.0625 0.00000 0.00000 1.03964 0.36736 0.94936 0.00000 0.00000
7.1875 0.00000 0.00000 0.89852 0.47956 0.79928 0.00000 0.00000
7.3125 0.00000 0.00000 0.73252 0.57576 0.62708 0.00000 0.00000
7.4375 0.00000 0.00000 0.54892 0.64716 0.46764 0.00000 0.00000
7.5625 0.00000 0.00000 0.39264 0.69896 0.33680 0.00000 0.00000
7.6875 0.00000 0.00000 0.26324 0.70428 0.21584 0.00000 0.00000
7.8125 0.00000 0.00000 0.14520 0.68476 0.12576 0.00000 0.00000
7.9375 0.00000 0.00000 0.06952 0.62448 0.06012 0.00000 0.00000
8.0625 0.00000 0.00000 0.02488 0.55692 0.02052 0.00000 0.00000
8.1875 0.00000 0.00000 0.00360 0.48160 0.00356 0.00000 0.00000
8.3125 0.00000 0.00000 0.00008 0.40808 0.00004 0.00000 0.00000
8.4375 0.00000 0.00000 0.00000 0.33636 0.00000 0.00000 0.00000
8.5625 0.00000 0.00000 0.00000 0.27480 0.00000 0.00000 0.00000
8.6875 0.00000 0.00000 0.00000 0.21916 0.00000 0.00000 0.00000
8.8125 0.00000 0.00000 0.00000 0.16976 0.00000 0.00000 0.00000
8.9375 0.00000 0.00000 0.00000 0.13388 0.00000 0.00028 0.00000
9.0625 0.00000 0.00000 0.00000 0.09372 0.00000 0.00784 0.00000
9.1875 0.00000 0.00000 0.00000 0.06288 0.00000 0.03132 0.00000
9.3125 0.00000 0.00000 0.00000 0.03508 0.00000 0.07368 0.00000
9.4375 0.00000 0.00000 0.00000 0.01972 0.00000 0.13440 0.00000
9.5625 0.00000 0.00000 0.00000 0.00652 0.00000 0.20188 0.00000
9.6875 0.00000 0.00000 0.00000 0.00136 0.00000 0.27948 0.00000
9.8125 0.00000 0.00000 0.00000 0.00000 0.00000 0.33456 0.00000
9.9375 0.00000 0.00000 0.00000 0.00000 0.00000 0.37948 0.00000
10.0625 0.00000 0.00000 0.00000 0.00000 0.00000 0.39408 0.00000
10.1875 0.00000 0.00000 0.00000 0.00000 0.00000 0.39160 0.00000
10.3125 0.00000 0.00000 0.00000 0.00000 0.00000 0.38068 0.00000
10.4375 0.00000 0.00000 0.00000 0.00000 0.00000 0.36960 0.00026
10.5625 0.00000 0.00000 0.00000 0.00000 0.00000 0.36408 0.00263
10.6875 0.00000 0.00000 0.00000 0.00000 0.00000 0.35180 0.01248
10.8125 0.00000 0.00000 0.00000 0.00000 0.00000 0.33536 0.03903
10.9375 0.00000 0.00000 0.00000 0.00000 0.00000 0.32296 0.08903
11.0625 0.00000 0.00000 0.00000 0.00000 0.00000 0.31620 0.16328
11.1875 0.00000 0.00000 0.00000 0.00000 0.00000 0.30016 0.22616
11.3125 0.00000 0.00000 0.00000 0.00000 0.00000 0.29920 0.30225
11.4375 0.00000 0.00000 0.00000 0.00000 0.00000 0.28808 0.35765
11.5625 0.00000 0.00000 0.00000 0.00000 0.00000 0.27872 0.39891
11.6875 0.00000 0.00000 0.00000 0.00000 0.00000 0.26704 0.41435
11.8125 0.00000 0.00000 0.00000 0.00000 0.00000 0.25736 0.41244
11.9375 0.00000 0.00000 0.00000 0.00000 0.00000 0.24572 0.40804
12.0625 0.00000 0.00000 0.00000 0.00000 0.00000 0.22872 0.38932
12.1875 0.00000 0.00000 0.00000 0.00000 0.00000 0.20372 0.38872
12.3125 0.00000 0.00000 0.00000 0.00000 0.00000 0.18512 0.36947
12.4375 0.00000 0.00000 0.00000 0.00000 0.00000 0.16488 0.36527
12.5625 0.00000 0.00000 0.00000 0.00000 0.00000 0.14116 0.35981
12.6875 0.00000 0.00000 0.00000 0.00000 0.00000 0.11752 0.35134
12.8125 0.00000 0.00000 0.00000 0.00000 0.00000 0.09812 0.33603
12.9375 0.00000 0.00000 0.00000 0.00000 0.00000 0.07944 0.33169
13.0625 0.00000 0.00000 0.00000 0.00000 0.00000 0.06108 0.31625
13.1875 0.00000 0.00000 0.00000 0.00000 0.00000 0.04352 0.30948
13.3125 0.00000 0.00000 0.00000 0.00000 0.00000 0.03172 0.29351
13.4375 0.00000 0.00000 0.00000 0.00000 0.00000 0.01816 0.28234
13.5625 0.00000 0.00000 0.00000 0.00000 0.00000 0.01208 0.28425
13.6875 0.00000 0.00000 0.00000 0.00000 0.00000 0.00556 0.27525
13.8125 0.00000 0.00000 0.00000 0.00000 0.00000 0.00252 0.26119
13.9375 0.00000 0.00000 0.00000 0.00000 0.00000 0.00108 0.25954
