w a b c d e f g ta tb tc td te tf tg
0.000 0.21858 0.14296 0.22476 0.09128 0.16006 0.10383 0.05853 0.60331 0.62223 0.78895 0.45195 0.66607 0.41939 0.25618
0.010 0.21843 0.14357 0.22343 0.09344 0.15867 0.10408 0.05839 0.60336 0.62230 0.78892 0.45211 0.66580 0.41948 0.25621
0.020 0.21828 0.14417 0.22210 0.09560 0.15727 0.10433 0.05825 0.60350 0.62251 0.78883 0.45263 0.66499 0.41974 0.25632
0.030 0.21813 0.14478 0.22078 0.09776 0.15587 0.10459 0.05810 0.60374 0.62287 0.78867 0.45350 0.66360 0.42020 0.25651
0.040 0.21798 0.14538 0.21945 0.09991 0.15447 0.10484 0.05796 0.60408 0.62338 0.78843 0.45475 0.66162 0.42085 0.25678
0.050 0.21783 0.14599 0.21813 0.10207 0.15308 0.10509 0.05781 0.60454 0.62406 0.78813 0.45640 0.65905 0.42171 0.25714
0.060 0.21768 0.14659 0.21680 0.10423 0.15168 0.10535 0.05767 0.60511 0.62492 0.78774 0.45844 0.65586 0.42279 0.25759
0.070 0.21752 0.14720 0.21547 0.10639 0.15028 0.10560 0.05753 0.60580 0.62594 0.78728 0.46089 0.65208 0.42409 0.25814
0.080 0.21737 0.14780 0.21415 0.10855 0.14889 0.10585 0.05738 0.60662 0.62716 0.78673 0.46375 0.64770 0.42563 0.25878
0.090 0.21722 0.14841 0.21282 0.11071 0.14749 0.10610 0.05724 0.60757 0.62856 0.78610 0.46702 0.64276 0.42740 0.25953
0.100 0.21707 0.14901 0.21150 0.11287 0.14609 0.10636 0.05710 0.60866 0.63015 0.78538 0.47069 0.63727 0.42942 0.26037
0.110 0.21692 0.14962 0.21017 0.11503 0.14470 0.10661 0.05695 0.60989 0.63194 0.78457 0.47477 0.63125 0.43168 0.26133
0.120 0.21677 0.15022 0.20884 0.11719 0.14330 0.10686 0.05681 0.61126 0.63394 0.78368 0.47924 0.62475 0.43420 0.26239
0.130 0.21662 0.15083 0.20752 0.11935 0.14190 0.10712 0.05667 0.61279 0.63613 0.78269 0.48408 0.61780 0.43697 0.26356
0.140 0.21647 0.15143 0.20619 0.12151 0.14050 0.10737 0.05652 0.61446 0.63852 0.78161 0.48928 0.61043 0.43999 0.26484
0.150 0.21632 0.15204 0.20487 0.12367 0.13911 0.10762 0.05638 0.61630 0.64112 0.78045 0.49482 0.60268 0.44327 0.26624
0.160 0.21617 0.15264 0.20354 0.12583 0.13771 0.10787 0.05624 0.61829 0.64392 0.77920 0.50069 0.59460 0.44679 0.26774
0.170 0.21601 0.15325 0.20221 0.12799 0.13631 0.10813 0.05609 0.62045 0.64691 0.77786 0.50686 0.58622 0.45057 0.26935
0.180 0.21586 0.15385 0.20089 0.13015 0.13492 0.10838 0.05595 0.62276 0.65010 0.77643 0.51331 0.57758 0.45458 0.27107
0.190 0.21571 0.15446 0.19956 0.13231 0.13352 0.10863 0.05581 0.62524 0.65348 0.77493 0.52001 0.56871 0.45884 0.27289
0.200 0.21556 0.15506 0.19824 0.13447 0.13212 0.10889 0.05566 0.62789 0.65704 0.77334 0.52694 0.55964 0.46332 0.27482
0.210 0.21541 0.15567 0.19691 0.13663 0.13073 0.10914 0.05552 0.63069 0.66079 0.77169 0.53408 0.55042 0.46803 0.27685
0.220 0.21526 0.15627 0.19558 0.13879 0.12933 0.10939 0.05538 0.63366 0.66470 0.76996 0.54141 0.54106 0.47295 0.27897
0.230 0.21511 0.15688 0.19426 0.14095 0.12793 0.10965 0.05523 0.63679 0.66877 0.76817 0.54889 0.53160 0.47808 0.28118
0.240 0.21496 0.15749 0.19293 0.14311 0.12653 0.10990 0.05509 0.64008 0.67300 0.76633 0.55652 0.52205 0.48339 0.28348
0.250 0.21481 0.15809 0.19161 0.14526 0.12514 0.11015 0.05495 0.64352 0.67736 0.76443 0.56426 0.51245 0.48890 0.28585
0.260 0.21465 0.15870 0.19028 0.14742 0.12374 0.11040 0.05480 0.64712 0.68187 0.76248 0.57210 0.50281 0.49457 0.28830
0.270 0.21450 0.15930 0.18895 0.14958 0.12234 0.11066 0.05466 0.65086 0.68649 0.76049 0.58002 0.49315 0.50040 0.29081
0.280 0.21435 0.15991 0.18763 0.15174 0.12095 0.11091 0.05452 0.65474 0.69123 0.75847 0.58800 0.48348 0.50638 0.29339
0.290 0.21420 0.16051 0.18630 0.15390 0.11955 0.11116 0.05437 0.65876 0.69607 0.75641 0.59603 0.47383 0.51249 0.29601
0.300 0.21405 0.16112 0.18497 0.15606 0.11815 0.11142 0.05423 0.66291 0.70101 0.75434 0.60408 0.46421 0.51873 0.29868
0.310 0.21390 0.16172 0.18365 0.15822 0.11676 0.11167 0.05409 0.66719 0.70602 0.75226 0.61215 0.45462 0.52507 0.30138
0.320 0.21375 0.16233 0.18232 0.16038 0.11536 0.11192 0.05394 0.67158 0.71110 0.75016 0.62021 0.44508 0.53151 0.30412
0.330 0.21360 0.16293 0.18100 0.16254 0.11396 0.11217 0.05380 0.67608 0.71624 0.74806 0.62827 0.43559 0.53804 0.30687
0.340 0.21345 0.16354 0.17967 0.16470 0.11256 0.11243 0.05366 0.68069 0.72143 0.74597 0.63631 0.42617 0.54463 0.30964
0.350 0.21329 0.16414 0.17834 0.16686 0.11117 0.11268 0.05351 0.68539 0.72666 0.74389 0.64431 0.41682 0.55129 0.31241
0.360 0.21314 0.16475 0.17702 0.16902 0.10977 0.11293 0.05337 0.69018 0.73192 0.74182 0.65228 0.40754 0.55800 0.31518
0.370 0.21299 0.16535 0.17569 0.17118 0.10837 0.11319 0.05323 0.69505 0.73719 0.73978 0.66019 0.39835 0.56474 0.31795
0.380 0.21284 0.16596 0.17437 0.17334 0.10698 0.11344 0.05308 0.70000 0.74248 0.73776 0.66805 0.38925 0.57151 0.32069
0.390 0.21269 0.16656 0.17304 0.17550 0.10558 0.11369 0.05294 0.70500 0.74777 0.73577 0.67585 0.38023 0.57829 0.32342
0.400 0.21254 0.16717 0.17171 0.17766 0.10418 0.11394 0.05280 0.71006 0.75306 0.73382 0.68359 0.37131 0.58508 0.32611
0.410 0.21239 0.16777 0.17039 0.17982 0.10279 0.11420 0.05265 0.71517 0.75833 0.73190 0.69125 0.36249 0.59187 0.32877
0.420 0.21224 0.16838 0.16906 0.18198 0.10139 0.11445 0.05251 0.72032 0.76358 0.73003 0.69884 0.35376 0.59864 0.33139
0.430 0.21209 0.16898 0.16774 0.18414 0.09999 0.11470 0.05237 0.72550 0.76881 0.72820 0.70635 0.34513 0.60538 0.33396
0.440 0.21193 0.16959 0.16641 0.18630 0.09859 0.11496 0.05222 0.73071 0.77400 0.72642 0.71377 0.33660 0.61210 0.33649
0.450 0.21178 0.17019 0.16508 0.18846 0.09720 0.11521 0.05208 0.73593 0.77916 0.72469 0.72112 0.32818 0.61877 0.33896
0.460 0.21163 0.17080 0.16376 0.19061 0.09580 0.11546 0.05193 0.74117 0.78427 0.72301 0.72837 0.31986 0.62540 0.34137
0.470 0.21148 0.17140 0.16243 0.19277 0.09440 0.11572 0.05179 0.74640 0.78933 0.72138 0.73554 0.31164 0.63197 0.34372
0.480 0.21133 0.17201 0.16111 0.19493 0.09301 0.11597 0.05165 0.75164 0.79434 0.71981 0.74262 0.30352 0.63848 0.34601
0.490 0.21118 0.17261 0.15978 0.19709 0.09161 0.11622 0.05150 0.75686 0.79929 0.71830 0.74960 0.29551 0.64491 0.34823
0.500 0.21103 0.17322 0.15845 0.19925 0.09021 0.11647 0.05136 0.76207 0.80417 0.71684 0.75650 0.28760 0.65127 0.35038
0.510 0.21088 0.17382 0.15713 0.20141 0.08882 0.11673 0.05122 0.76725 0.80900 0.71543 0.76330 0.27979 0.65755 0.35246
0.520 0.21073 0.17443 0.15580 0.20357 0.08742 0.11698 0.05107 0.77241 0.81375 0.71408 0.77001 0.27208 0.66373 0.35447
0.530 0.21057 0.17503 0.15448 0.20573 0.08602 0.11723 0.05093 0.77753 0.81844 0.71279 0.77663 0.26447 0.66982 0.35641
0.540 0.21042 0.17564 0.15315 0.20789 0.08462 0.11749 0.05079 0.78261 0.82304 0.71155 0.78316 0.25697 0.67581 0.35828
0.550 0.21027 0.17624 0.15182 0.21005 0.08323 0.11774 0.05064 0.78765 0.82758 0.71036 0.78959 0.24956 0.68170 0.36008
0.560 0.21012 0.17685 0.15050 0.21221 0.08183 0.11799 0.05050 0.79264 0.83203 0.70923 0.79593 0.24226 0.68747 0.36180
0.570 0.20997 0.17745 0.14917 0.21437 0.08043 0.11824 0.05036 0.79758 0.83640 0.70815 0.80219 0.23505 0.69313 0.36345
0.580 0.20982 0.17806 0.14785 0.21653 0.07904 0.11850 0.05021 0.80246 0.84069 0.70712 0.80835 0.22793 0.69867 0.36503
0.590 0.20967 0.17866 0.14652 0.21869 0.07764 0.11875 0.05007 0.80727 0.84489 0.70614 0.81442 0.22091 0.70408 0.36654
0.600 0.20952 0.17927 0.14519 0.22085 0.07624 0.11900 0.04993 0.81202 0.84901 0.70521 0.82040 0.21399 0.70937 0.36798
0.610 0.20937 0.17987 0.14387 0.22301 0.07485 0.11926 0.04978 0.81669 0.85304 0.70433 0.82630 0.20716 0.71453 0.36935
0.620 0.20921 0.18048 0.14254 0.22517 0.07345 0.11951 0.04964 0.82130 0.85698 0.70350 0.83211 0.20042 0.71955 0.37066
0.630 0.20906 0.18108 0.14122 0.22733 0.07205 0.11976 0.04950 0.82582 0.86082 0.70271 0.83783 0.19377 0.72443 0.37190
0.640 0.20891 0.18169 0.13989 0.22949 0.07065 0.12001 0.04935 0.83026 0.86458 0.70196 0.84347 0.18721 0.72917 0.37308
0.650 0.20876 0.18229 0.13856 0.23165 0.06926 0.12027 0.04921 0.83462 0.86824 0.70125 0.84902 0.18074 0.73376 0.37419
0.660 0.20861 0.18290 0.13724 0.23381 0.06786 0.12052 0.04907 0.83888 0.87180 0.70059 0.85449 0.17435 0.73821 0.37525
0.670 0.20846 0.18350 0.13591 0.23596 0.06646 0.12077 0.04892 0.84306 0.87527 0.69996 0.85989 0.16805 0.74251 0.37625
0.680 0.20831 0.18411 0.13459 0.23812 0.06507 0.12103 0.04878 0.84714 0.87864 0.69937 0.86520 0.16183 0.74666 0.37719
0.690 0.20816 0.18471 0.13326 0.24028 0.06367 0.12128 0.04864 0.85112 0.88191 0.69881 0.87043 0.15570 0.75066 0.37808
0.700 0.20801 0.18532 0.13193 0.24244 0.06227 0.12153 0.04849 0.85499 0.88508 0.69829 0.87558 0.14965 0.75450 0.37892
0.710 0.20785 0.18593 0.13061 0.24460 0.06088 0.12178 0.04835 0.85876 0.88815 0.69780 0.88066 0.14367 0.75819 0.37970
0.720 0.20770 0.18653 0.12928 0.24676 0.05948 0.12204 0.04821 0.86243 0.89112 0.69734 0.88566 0.13778 0.76172 0.38044
0.730 0.20755 0.18714 0.12796 0.24892 0.05808 0.12229 0.04806 0.86598 0.89398 0.69692 0.89059 0.13196 0.76510 0.38113
0.740 0.20740 0.18774 0.12663 0.25108 0.05668 0.12254 0.04792 0.86941 0.89673 0.69652 0.89545 0.12622 0.76832 0.38178
0.750 0.20725 0.18835 0.12530 0.25324 0.05529 0.12280 0.04778 0.87273 0.89938 0.69614 0.90024 0.12056 0.77139 0.38238
0.760 0.20710 0.18895 0.12398 0.25540 0.05389 0.12305 0.04763 0.87593 0.90193 0.69580 0.90495 0.11497 0.77430 0.38294
0.770 0.20695 0.18956 0.12265 0.25756 0.05249 0.12330 0.04749 0.87900 0.90436 0.69547 0.90960 0.10945 0.77705 0.38347
0.780 0.20680 0.19016 0.12132 0.25972 0.05110 0.12356 0.04735 0.88195 0.90668 0.69518 0.91418 0.10400 0.77965 0.38395
0.790 0.20665 0.19077 0.12000 0.26188 0.04970 0.12381 0.04720 0.88476 0.90889 0.69490 0.91869 0.09862 0.78210 0.38440
0.800 0.20650 0.19137 0.11867 0.26404 0.04830 0.12406 0.04706 0.88745 0.91099 0.69464 0.92313 0.09332 0.78440 0.38482
0.810 0.20634 0.19198 0.11735 0.26620 0.04691 0.12431 0.04692 0.89000 0.91298 0.69441 0.92752 0.08808 0.78655 0.38521
0.820 0.20619 0.19258 0.11602 0.26836 0.04551 0.12457 0.04677 0.89241 0.91486 0.69419 0.93183 0.08290 0.78856 0.38556
0.830 0.20604 0.19319 0.11469 0.27052 0.04411 0.12482 0.04663 0.89469 0.91662 0.69400 0.93609 0.07779 0.79042 0.38588
0.840 0.20589 0.19379 0.11337 0.27268 0.04271 0.12507 0.04649 0.89683 0.91826 0.69381 0.94029 0.07275 0.79214 0.38618
0.850 0.20574 0.19440 0.11204 0.27484 0.04132 0.12533 0.04634 0.89882 0.91980 0.69365 0.94442 0.06777 0.79373 0.38645
0.860 0.20559 0.19500 0.11072 0.27700 0.03992 0.12558 0.04620 0.90067 0.92122 0.69350 0.94850 0.06285 0.79518 0.38670
0.870 0.20544 0.19561 0.10939 0.27916 0.03852 0.12583 0.04605 0.90238 0.92252 0.69337 0.95252 0.05800 0.79651 0.38692
0.880 0.20529 0.19621 0.10806 0.28131 0.03713 0.12608 0.04591 0.90395 0.92372 0.69325 0.95649 0.05320 0.79771 0.38712
0.890 0.20514 0.19682 0.10674 0.28347 0.03573 0.12634 0.04577 0.90537 0.92480 0.69314 0.96039 0.04846 0.79879 0.38729
0.900 0.20498 0.19742 0.10541 0.28563 0.03433 0.12659 0.04562 0.90665 0.92577 0.69304 0.96425 0.04379 0.79975 0.38745
