w2 w7ahp w7top
0.000 0.2400 0.2370
0.010 0.2400 0.2340
0.020 0.2410 0.2310
0.030 0.2410 0.2280
0.040 0.2410 0.2240
0.050 0.2410 0.2190
0.060 0.2420 0.2140
0.070 0.2420 0.2090
0.080 0.2420 0.2030
0.090 0.2420 0.1960
0.100 0.2420 0.1890
0.110 0.2430 0.1800
0.120 0.2430 0.1710
0.130 0.2430 0.1620
0.140 0.2430 0.1510
0.150 0.2440 0.1380
0.160 0.2440 0.1360
0.170 0.2440 0.1340
0.180 0.2440 0.1310
0.190 0.2450 0.1290
0.200 0.2450 0.1270
0.210 0.2450 0.1250
0.220 0.2450 0.1230
0.230 0.2450 0.1210
0.240 0.2460 0.1190
0.250 0.2460 0.1170
0.260 0.2460 0.1150
0.270 0.2460 0.1130
0.280 0.2470 0.1110
0.290 0.2470 0.1090
0.300 0.2470 0.1070
0.310 0.2470 0.1050
0.320 0.2480 0.1030
0.330 0.2480 0.1010
0.340 0.2480 0.0990
0.350 0.2480 0.0980
0.360 0.2480 0.0960
0.370 0.2490 0.0940
0.380 0.2490 0.0930
0.390 0.2490 0.0910
0.400 0.2490 0.0890
0.410 0.2500 0.0880
0.420 0.2500 0.0870
0.430 0.2500 0.0850
0.440 0.2500 0.0840
0.450 0.2510 0.0820
0.460 0.2510 0.0810
0.470 0.2510 0.0800
0.480 0.2510 0.0790
0.490 0.2510 0.0770
0.500 0.2520 0.0760
0.510 0.2520 0.0750
0.520 0.2520 0.0740
0.530 0.2520 0.0730
0.540 0.2530 0.0720
0.550 0.2530 0.0710
0.560 0.2530 0.0700
0.570 0.2530 0.0690
0.580 0.2540 0.0690
0.590 0.2540 0.0680
0.600 0.2540 0.0670
