pf dAHPbase dAHPmision dTOPbase
0.01000 0.08252 0.10270 0.19623
0.01011 0.08252 0.10270 0.19617
0.01023 0.08242 0.10262 0.19611
0.01035 0.08242 0.10262 0.19605
0.01047 0.08242 0.10262 0.19599
0.01059 0.08242 0.10262 0.19593
0.01071 0.08242 0.10262 0.19587
0.01083 0.08242 0.10262 0.19581
0.01095 0.08043 0.10093 0.19574
0.01108 0.08043 0.10093 0.19568
0.01120 0.08043 0.10093 0.19562
0.01133 0.07939 0.10004 0.19555
0.01146 0.07939 0.10004 0.19549
0.01159 0.07939 0.10004 0.19542
0.01173 0.07935 0.10001 0.19536
0.01186 0.07935 0.10001 0.19529
0.01200 0.07540 0.09665 0.19522
0.01213 0.07540 0.09665 0.19515
0.01227 0.07540 0.09665 0.19509
0.01241 0.07540 0.09665 0.19502
0.01255 0.07478 0.09613 0.19495
0.01270 0.07478 0.09613 0.19488
0.01284 0.07478 0.09613 0.19480
0.01299 0.06798 0.09035 0.19473
0.01314 0.06798 0.09035 0.19466
0.01329 0.06798 0.09035 0.19459
0.01344 0.06798 0.09035 0.19451
0.01360 0.06660 0.08918 0.19444
0.01375 0.06660 0.08918 0.19436
0.01391 0.06660 0.08918 0.19429
0.01407 0.06660 0.08918 0.19421
0.01423 0.06660 0.08918 0.19414
0.01439 0.06660 0.08918 0.19406
0.01456 0.06660 0.08918 0.19398
0.01472 0.06660 0.08918 0.19390
0.01489 0.06660 0.08918 0.19382
0.01506 0.06641 0.08902 0.19374
0.01523 0.06641 0.08902 0.19366
0.01541 0.06641 0.08902 0.19358
0.01558 0.06641 0.08902 0.19350
0.01576 0.06641 0.08902 0.19341
0.01594 0.06638 0.08899 0.19333
0.01612 0.06638 0.08899 0.19324
0.01631 0.06638 0.08899 0.19316
0.01650 0.06638 0.08899 0.19307
0.01668 0.06638 0.08899 0.19299
0.01688 0.06493 0.08776 0.19290
0.01707 0.06493 0.08776 0.19281
0.01726 0.06493 0.08776 0.19272
0.01746 0.06113 0.08453 0.19263
0.01766 0.06113 0.08453 0.19254
0.01786 0.06113 0.08453 0.19245
0.01807 0.06113 0.08453 0.19236
0.01827 0.06113 0.08453 0.19227
0.01848 0.06113 0.08453 0.19218
0.01869 0.06113 0.08453 0.19208
0.01891 0.06113 0.08453 0.19199
0.01912 0.06019 0.08373 0.19190
0.01934 0.05957 0.08320 0.19180
0.01956 0.05957 0.08320 0.19170
0.01979 0.05051 0.07551 0.19161
0.02001 0.05051 0.07551 0.19151
0.02024 0.05051 0.07551 0.19141
0.02048 0.05051 0.07551 0.19131
0.02071 0.05051 0.07551 0.19121
0.02095 0.04816 0.07352 0.19111
0.02119 0.04816 0.07352 0.19101
0.02143 0.04801 0.07338 0.19091
0.02167 0.04801 0.07338 0.19081
0.02192 0.04801 0.07338 0.19071
0.02217 0.04801 0.07338 0.19060
0.02243 0.04801 0.07338 0.19050
0.02268 0.04801 0.07338 0.19039
0.02294 0.04801 0.07338 0.19029
0.02320 0.04801 0.07338 0.19018
0.02347 0.04801 0.07338 0.19007
0.02374 0.04801 0.07338 0.18997
0.02401 0.04801 0.07338 0.18986
0.02428 0.04795 0.07334 0.18975
0.02456 0.04795 0.07334 0.18964
0.02484 0.04795 0.07334 0.18953
0.02513 0.04553 0.07128 0.18942
0.02542 0.04553 0.07128 0.18931
0.02571 0.04553 0.07128 0.18920
0.02600 0.04536 0.07114 0.18909
0.02630 0.04536 0.07114 0.18898
0.02660 0.04342 0.06949 0.18886
0.02690 0.04346 0.06952 0.18875
0.02721 0.02483 0.05370 0.18864
0.02752 0.02383 0.05285 0.18852
0.02784 0.02383 0.05285 0.18841
0.02816 0.02383 0.05285 0.18829
0.02848 0.02383 0.05285 0.18818
0.02880 0.02383 0.05285 0.18806
0.02913 0.02383 0.05285 0.18794
0.02947 0.02383 0.05285 0.18783
0.02980 0.02383 0.05285 0.18771
0.03014 0.02383 0.05285 0.18759
0.03049 0.02383 0.05285 0.18747
0.03084 0.02383 0.05285 0.18734
0.03119 0.02383 0.05285 0.18721
0.03155 0.02383 0.05285 0.18707
0.03191 0.02383 0.05285 0.18693
0.03227 0.02286 0.05203 0.18678
0.03264 0.02286 0.05203 0.18663
0.03302 0.02146 0.05083 0.18647
0.03339 0.00758 0.03905 0.18630
0.03378 0.00758 0.03905 0.18613
0.03416 0.00697 0.03853 0.18595
0.03455 0.00697 0.03853 0.18576
0.03495 0.00697 0.03853 0.18557
0.03535 0.00437 0.03633 0.18537
0.03575 -0.00081 0.03193 0.18516
0.03616 -0.00081 0.03193 0.18495
0.03657 -0.00081 0.03193 0.18473
0.03699 -0.00081 0.03193 0.18450
0.03742 -0.00081 0.03193 0.18426
0.03784 -0.00081 0.03193 0.18401
0.03828 -0.00081 0.03193 0.18376
0.03872 -0.00081 0.03193 0.18350
0.03916 -0.00081 0.03193 0.18323
0.03961 -0.00081 0.03193 0.18295
0.04006 -0.00081 0.03193 0.18266
0.04052 -0.00081 0.03193 0.18236
0.04098 -0.00179 0.03109 0.18205
0.04145 -0.00179 0.03109 0.18174
0.04192 -0.00325 0.02985 0.18141
0.04240 -0.01159 0.02276 0.18107
0.04289 -0.01159 0.02276 0.18072
0.04338 -0.01220 0.02225 0.18036
0.04388 -0.01220 0.02225 0.17999
0.04438 -0.01220 0.02225 0.17961
0.04489 -0.01497 0.01990 0.17922
0.04540 -0.02058 0.01514 0.17882
0.04592 -0.02058 0.01514 0.17840
0.04644 -0.02058 0.01514 0.17797
0.04698 -0.02058 0.01514 0.17753
0.04751 -0.02058 0.01514 0.17708
0.04806 -0.02058 0.01514 0.17661
0.04861 -0.02058 0.01514 0.17613
0.04916 -0.02058 0.01514 0.17564
0.04972 -0.02058 0.01514 0.17513
0.05029 -0.02058 0.01514 0.17461
0.05087 -0.02058 0.01514 0.17407
0.05145 -0.02058 0.01514 0.17352
0.05204 -0.02159 0.01427 0.17296
0.05263 -0.02159 0.01427 0.17238
0.05324 -0.02314 0.01295 0.17179
0.05385 -0.02864 0.00828 0.17117
0.05446 -0.02864 0.00828 0.17055
0.05508 -0.02928 0.00774 0.16991
0.05571 -0.03199 0.00544 0.16925
0.05635 -0.03199 0.00544 0.16857
0.05700 -0.03512 0.00278 0.16788
0.05765 -0.03512 0.00278 0.16717
0.05831 -0.03512 0.00278 0.16645
0.05898 -0.03512 0.00278 0.16570
0.05965 -0.03512 0.00278 0.16494
0.06033 -0.03512 0.00278 0.16416
0.06102 -0.03512 0.00278 0.16336
0.06172 -0.03512 0.00278 0.16255
0.06243 -0.03512 0.00278 0.16171
0.06314 -0.03512 0.00278 0.16086
0.06386 -0.03512 0.00278 0.15998
0.06459 -0.03512 0.00278 0.15909
0.06533 -0.03512 0.00278 0.15818
0.06608 -0.03618 0.00188 0.15724
0.06684 -0.03618 0.00188 0.15629
0.06760 -0.03783 0.00048 0.15532
0.06837 -0.04155 -0.00268 0.15433
0.06916 -0.04155 -0.00268 0.15331
0.06995 -0.04224 -0.00326 0.15228
0.07075 -0.04287 -0.00380 0.15122
0.07156 -0.04287 -0.00380 0.15015
0.07238 -0.04287 -0.00380 0.14905
0.07320 -0.04620 -0.00663 0.14793
0.07404 -0.04620 -0.00663 0.14679
0.07489 -0.04620 -0.00663 0.14563
0.07575 -0.04620 -0.00663 0.14445
0.07661 -0.04620 -0.00663 0.14324
0.07749 -0.04620 -0.00663 0.14201
0.07837 -0.04620 -0.00663 0.14077
0.07927 -0.04620 -0.00663 0.13950
0.08018 -0.04620 -0.00663 0.13821
0.08110 -0.04620 -0.00663 0.13689
0.08202 -0.04620 -0.00663 0.13556
0.08296 -0.04620 -0.00663 0.13420
0.08391 -0.04733 -0.00759 0.13282
0.08487 -0.04733 -0.00759 0.13142
0.08584 -0.04911 -0.00910 0.13000
0.08682 -0.05166 -0.01127 0.12856
0.08782 -0.05243 -0.01192 0.12709
0.08882 -0.05400 -0.01325 0.12560
0.08984 -0.05416 -0.01339 0.12410
0.09087 -0.05416 -0.01339 0.12257
0.09191 -0.05416 -0.01339 0.12102
0.09296 -0.05416 -0.01339 0.11945
0.09402 -0.05416 -0.01339 0.11786
0.09510 -0.05416 -0.01339 0.11625
0.09618 -0.05416 -0.01339 0.11462
0.09728 -0.05416 -0.01339 0.11296
0.09840 -0.05416 -0.01339 0.11129
0.09952 -0.05416 -0.01339 0.10961
0.10066 -0.05416 -0.01339 0.10790
0.10181 -0.05416 -0.01339 0.10617
0.10298 -0.05416 -0.01339 0.10443
0.10416 -0.05416 -0.01339 0.10266
0.10535 -0.05416 -0.01339 0.10088
0.10655 -0.05537 -0.01442 0.09909
0.10777 -0.05537 -0.01442 0.09727
0.10900 -0.05725 -0.01601 0.09544
0.11025 -0.05900 -0.01750 0.09360
0.11151 -0.05988 -0.01825 0.09174
0.11279 -0.05988 -0.01825 0.08986
0.11408 -0.06029 -0.01860 0.08797
0.11538 -0.06029 -0.01860 0.08607
0.11670 -0.06029 -0.01860 0.08415
0.11804 -0.06029 -0.01860 0.08223
0.11939 -0.06029 -0.01860 0.08029
0.12075 -0.06029 -0.01860 0.07834
0.12214 -0.06029 -0.01860 0.07638
0.12353 -0.06029 -0.01860 0.07441
0.12495 -0.06029 -0.01860 0.07243
0.12638 -0.06029 -0.01860 0.07044
0.12782 -0.06029 -0.01860 0.06844
0.12928 -0.06029 -0.01860 0.06644
0.13076 -0.06029 -0.01860 0.06443
0.13226 -0.06029 -0.01860 0.06242
0.13377 -0.06101 -0.01921 0.06040
0.13530 -0.06101 -0.01921 0.05838
0.13685 -0.06234 -0.02033 0.05635
0.13842 -0.06234 -0.02033 0.05433
0.14000 -0.06359 -0.02140 0.05230
0.14160 -0.06359 -0.02140 0.05027
0.14322 -0.06459 -0.02225 0.04824
0.14486 -0.06477 -0.02240 0.04621
0.14652 -0.06477 -0.02240 0.04419
0.14819 -0.06477 -0.02240 0.04217
0.14989 -0.06477 -0.02240 0.04015
0.15160 -0.06477 -0.02240 0.03814
0.15334 -0.06477 -0.02240 0.03613
0.15509 -0.06477 -0.02240 0.03413
0.15687 -0.06477 -0.02240 0.03214
0.15866 -0.06477 -0.02240 0.03016
0.16048 -0.06477 -0.02240 0.02818
0.16231 -0.06477 -0.02240 0.02622
0.16417 -0.06477 -0.02240 0.02427
0.16605 -0.06518 -0.02275 0.02233
0.16795 -0.06518 -0.02275 0.02040
0.16987 -0.06532 -0.02286 0.01849
0.17181 -0.06532 -0.02286 0.01660
0.17378 -0.06532 -0.02286 0.01472
0.17576 -0.06532 -0.02286 0.01285
0.17778 -0.06628 -0.02368 0.01100
0.17981 -0.06628 -0.02368 0.00918
0.18187 -0.06730 -0.02455 0.00737
0.18395 -0.06744 -0.02467 0.00558
0.18605 -0.06744 -0.02467 0.00381
0.18818 -0.06744 -0.02467 0.00207
0.19033 -0.06744 -0.02467 0.00035
0.19251 -0.06744 -0.02467 -0.00135
0.19471 -0.06744 -0.02467 -0.00303
0.19694 -0.06744 -0.02467 -0.00468
0.19919 -0.06744 -0.02467 -0.00630
0.20147 -0.06744 -0.02467 -0.00857
0.20378 -0.06744 -0.02467 -0.01121
0.20611 -0.06744 -0.02467 -0.01384
0.20847 -0.06744 -0.02467 -0.01647
0.21085 -0.06744 -0.02467 -0.01910
0.21326 -0.06744 -0.02467 -0.02172
0.21570 -0.06775 -0.02493 -0.02433
0.21817 -0.06775 -0.02493 -0.02694
0.22067 -0.06673 -0.02407 -0.02954
0.22319 -0.06707 -0.02435 -0.03213
0.22574 -0.06762 -0.02482 -0.03472
0.22833 -0.06564 -0.02314 -0.03730
0.23094 -0.06592 -0.02338 -0.03986
0.23358 -0.06592 -0.02338 -0.04242
0.23625 -0.06592 -0.02338 -0.04497
0.23896 -0.06592 -0.02338 -0.04751
0.24169 -0.06592 -0.02338 -0.05004
0.24445 -0.06592 -0.02338 -0.05256
0.24725 -0.06592 -0.02338 -0.05506
0.25008 -0.06609 -0.02352 -0.05755
0.25294 -0.06609 -0.02352 -0.06003
0.25583 -0.06609 -0.02352 -0.06250
0.25876 -0.06609 -0.02352 -0.06495
0.26172 -0.06609 -0.02352 -0.06739
0.26472 -0.06609 -0.02352 -0.06982
0.26774 -0.06609 -0.02352 -0.07223
0.27081 -0.06609 -0.02352 -0.07462
0.27390 -0.06609 -0.02352 -0.07700
0.27704 -0.06609 -0.02352 -0.07936
0.28021 -0.06614 -0.02357 -0.08171
0.28341 -0.06660 -0.02395 -0.08404
0.28666 -0.06660 -0.02395 -0.08635
0.28993 -0.06410 -0.02183 -0.08865
0.29325 -0.06410 -0.02183 -0.09093
0.29661 -0.06410 -0.02183 -0.09319
0.30000 -0.06410 -0.02183 -0.09543
