r Vpar Vrot Vmono Val Vesf
0.0500 12.5254 12.1348 12.4066 13.2371 12.8302
0.0550 12.3714 11.9197 12.2333 13.0257 12.7291
0.0600 12.2091 11.6969 12.0515 12.8241 12.6211
0.0650 12.0397 11.4682 11.8628 12.6316 12.5068
0.0700 11.8645 11.2358 11.6687 12.4475 12.3868
0.0750 11.6845 11.0012 11.4705 12.2712 12.2616
0.0800 11.5009 10.7660 11.2693 12.1022 12.1320
0.0850 11.3147 10.5315 11.0664 11.9400 11.9983
0.0900 11.1267 10.2988 10.8628 11.7842 11.8614
0.0950 10.9379 10.0688 10.6593 11.6343 11.7215
0.1000 10.7489 9.8423 10.4567 11.4900 11.5793
0.1050 10.5604 9.6200 10.2556 11.3509 11.4353
0.1100 10.3730 9.4023 10.0568 11.2168 11.2899
0.1150 10.1872 9.1895 9.8606 11.0873 11.1435
0.1200 10.0034 8.9821 9.6675 10.9622 10.9965
0.1250 9.8219 8.7801 9.4778 10.8412 10.8493
0.1300 9.6432 8.5837 9.2917 10.7241 10.7022
0.1350 9.4675 8.3929 9.1095 10.6108 10.5555
0.1400 9.2949 8.2078 8.9313 10.5010 10.4094
0.1450 9.1256 8.0284 8.7573 10.3945 10.2643
0.1500 8.9598 7.8545 8.5874 10.2912 10.1203
0.1550 8.7975 7.6860 8.4218 10.1909 9.9776
0.1600 8.6388 7.5230 8.2604 10.0935 9.8364
0.1650 8.4838 7.3652 8.1033 9.9988 9.6968
0.1700 8.3324 7.2125 7.9503 9.9068 9.5589
0.1750 8.1847 7.0648 7.8015 9.8172 9.4229
0.1800 8.0406 6.9219 7.6568 9.7300 9.2889
0.1850 7.9001 6.7836 7.5161 9.6452 9.1569
0.1900 7.7631 6.6499 7.3793 9.5625 9.0269
0.1950 7.6297 6.5204 7.2464 9.4818 8.8991
0.2000 7.4997 6.3952 7.1172 9.4032 8.7735
0.2050 7.3731 6.2740 6.9917 9.3265 8.6500
0.2100 7.2498 6.1568 6.8697 9.2517 8.5287
0.2150 7.1297 6.0432 6.7512 9.1786 8.4097
0.2200 7.0128 5.9333 6.6360 9.1073 8.2929
0.2250 6.8989 5.8268 6.5241 9.0375 8.1783
0.2300 6.7880 5.7236 6.4153 8.9694 8.0659
0.2350 6.6801 5.6236 6.3096 8.9028 7.9557
0.2400 6.5750 5.5267 6.2068 8.8376 7.8476
0.2450 6.4726 5.4328 6.1069 8.7739 7.7417
0.2500 6.3729 5.3417 6.0097 8.7115 7.6379
0.2550 6.2758 5.2533 5.9152 8.6504 7.5362
0.2600 6.1812 5.1676 5.8233 8.5906 7.4366
0.2650 6.0890 5.0843 5.7338 8.5320 7.3390
0.2700 5.9992 5.0035 5.6468 8.4746 7.2434
0.2750 5.9117 4.9250 5.5621 8.4183 7.1497
0.2800 5.8264 4.8488 5.4797 8.3631 7.0580
0.2850 5.7432 4.7747 5.3994 8.3090 6.9681
0.2900 5.6622 4.7027 5.3212 8.2560 6.8801
0.2950 5.5831 4.6326 5.2450 8.2039 6.7939
0.3000 5.5060 4.5645 5.1708 8.1529 6.7095
0.3050 5.4308 4.4983 5.0985 8.1027 6.6268
0.3100 5.3574 4.4338 5.0280 8.0535 6.5458
0.3150 5.2858 4.3710 4.9593 8.0052 6.4664
0.3200 5.2159 4.3099 4.8923 7.9577 6.3887
0.3250 5.1477 4.2503 4.8270 7.9111 6.3125
0.3300 5.0810 4.1923 4.7632 7.8652 6.2379
0.3350 5.0160 4.1358 4.7010 7.8202 6.1648
0.3400 4.9524 4.0807 4.6403 7.7759 6.0931
0.3450 4.8904 4.0270 4.5810 7.7324 6.0229
0.3500 4.8297 3.9746 4.5231 7.6896 5.9541
0.3550 4.7704 3.9235 4.4666 7.6475 5.8866
0.3600 4.7125 3.8736 4.4114 7.6060 5.8205
0.3650 4.6558 3.8249 4.3574 7.5653 5.7557
0.3700 4.6004 3.7774 4.3047 7.5252 5.6921
0.3750 4.5463 3.7310 4.2532 7.4857 5.6298
0.3800 4.4933 3.6857 4.2028 7.4468 5.5687
0.3850 4.4414 3.6414 4.1535 7.4086 5.5088
0.3900 4.3907 3.5981 4.1053 7.3709 5.4500
0.3950 4.3410 3.5558 4.0582 7.3338 5.3923
0.4000 4.2924 3.5145 4.0121 7.2972 5.3357
0.4050 4.2448 3.4741 3.9670 7.2612 5.2802
0.4100 4.1982 3.4345 3.9228 7.2257 5.2257
0.4150 4.1525 3.3958 3.8795 7.1908 5.1723
0.4200 4.1078 3.3580 3.8372 7.1563 5.1198
0.4250 4.0640 3.3209 3.7957 7.1223 5.0683
0.4300 4.0210 3.2847 3.7551 7.0888 5.0178
0.4350 3.9789 3.2492 3.7153 7.0558 4.9681
0.4400 3.9377 3.2144 3.6763 7.0232 4.9194
0.4450 3.8972 3.1803 3.6381 6.9911 4.8715
0.4500 3.8576 3.1470 3.6006 6.9594 4.8245
