w a b c d e f g ta tb tc td te tf tg
0.000 0.17575 0.11109 0.24128 0.11831 0.15500 0.13041 0.06816 0.52474 0.53044 0.83819 0.49605 0.63937 0.54275 0.31664
0.010 0.17754 0.11260 0.24024 0.11771 0.15486 0.12934 0.06771 0.52486 0.53061 0.83810 0.49599 0.63940 0.54253 0.31655
0.020 0.17933 0.11412 0.23920 0.11710 0.15472 0.12827 0.06727 0.52525 0.53111 0.83782 0.49581 0.63947 0.54186 0.31627
0.030 0.18112 0.11563 0.23816 0.11649 0.15458 0.12720 0.06682 0.52591 0.53196 0.83736 0.49551 0.63960 0.54071 0.31578
0.040 0.18291 0.11714 0.23712 0.11589 0.15445 0.12613 0.06637 0.52686 0.53318 0.83668 0.49507 0.63979 0.53907 0.31508
0.050 0.18470 0.11865 0.23608 0.11528 0.15431 0.12506 0.06593 0.52810 0.53478 0.83581 0.49449 0.64004 0.53692 0.31417
0.060 0.18648 0.12017 0.23504 0.11468 0.15417 0.12399 0.06548 0.52965 0.53677 0.83472 0.49376 0.64035 0.53426 0.31303
0.070 0.18827 0.12168 0.23399 0.11407 0.15403 0.12292 0.06503 0.53152 0.53916 0.83341 0.49289 0.64072 0.53109 0.31166
0.080 0.19006 0.12319 0.23295 0.11346 0.15389 0.12185 0.06458 0.53370 0.54193 0.83190 0.49187 0.64116 0.52742 0.31005
0.090 0.19185 0.12471 0.23191 0.11286 0.15376 0.12078 0.06414 0.53621 0.54510 0.83017 0.49070 0.64166 0.52324 0.30820
0.100 0.19364 0.12622 0.23087 0.11225 0.15362 0.11971 0.06369 0.53905 0.54864 0.82824 0.48937 0.64223 0.51858 0.30611
0.110 0.19543 0.12773 0.22983 0.11165 0.15348 0.11864 0.06324 0.54221 0.55257 0.82611 0.48789 0.64287 0.51346 0.30379
0.120 0.19722 0.12924 0.22879 0.11104 0.15334 0.11757 0.06280 0.54569 0.55685 0.82378 0.48625 0.64358 0.50790 0.30122
0.130 0.19900 0.13076 0.22775 0.11043 0.15320 0.11650 0.06235 0.54949 0.56148 0.82128 0.48446 0.64436 0.50192 0.29842
0.140 0.20079 0.13227 0.22671 0.10983 0.15307 0.11543 0.06190 0.55359 0.56644 0.81860 0.48253 0.64521 0.49556 0.29540
0.150 0.20258 0.13378 0.22567 0.10922 0.15293 0.11436 0.06146 0.55799 0.57170 0.81577 0.48045 0.64612 0.48885 0.29216
0.160 0.20437 0.13530 0.22463 0.10862 0.15279 0.11329 0.06101 0.56268 0.57724 0.81280 0.47824 0.64709 0.48182 0.28870
0.170 0.20616 0.13681 0.22359 0.10801 0.15265 0.11222 0.06056 0.56764 0.58304 0.80970 0.47590 0.64813 0.47451 0.28505
0.180 0.20795 0.13832 0.22254 0.10741 0.15251 0.11115 0.06011 0.57286 0.58907 0.80649 0.47343 0.64923 0.46694 0.28121
0.190 0.20974 0.13983 0.22150 0.10680 0.15238 0.11008 0.05967 0.57832 0.59531 0.80318 0.47085 0.65038 0.45916 0.27719
0.200 0.21152 0.14135 0.22046 0.10619 0.15224 0.10901 0.05922 0.58401 0.60173 0.79980 0.46817 0.65158 0.45119 0.27301
0.210 0.21331 0.14286 0.21942 0.10559 0.15210 0.10795 0.05877 0.58990 0.60830 0.79636 0.46540 0.65283 0.44306 0.26868
0.220 0.21510 0.14437 0.21838 0.10498 0.15196 0.10688 0.05833 0.59599 0.61500 0.79286 0.46255 0.65413 0.43481 0.26422
0.230 0.21689 0.14589 0.21734 0.10438 0.15182 0.10581 0.05788 0.60224 0.62181 0.78934 0.45963 0.65546 0.42646 0.25964
0.240 0.21868 0.14740 0.21630 0.10377 0.15169 0.10474 0.05743 0.60865 0.62869 0.78580 0.45665 0.65683 0.41804 0.25495
0.250 0.22047 0.14891 0.21526 0.10316 0.15155 0.10367 0.05698 0.61519 0.63564 0.78226 0.45362 0.65822 0.40956 0.25017
0.260 0.22226 0.15042 0.21422 0.10256 0.15141 0.10260 0.05654 0.62185 0.64263 0.77873 0.45056 0.65964 0.40106 0.24532
0.270 0.22404 0.15194 0.21318 0.10195 0.15127 0.10153 0.05609 0.62861 0.64964 0.77522 0.44748 0.66108 0.39254 0.24040
0.280 0.22583 0.15345 0.21214 0.10135 0.15113 0.10046 0.05564 0.63545 0.65665 0.77174 0.44438 0.66252 0.38404 0.23544
0.290 0.22762 0.15496 0.21110 0.10074 0.15100 0.09939 0.05520 0.64236 0.66364 0.76831 0.44129 0.66398 0.37555 0.23044
0.300 0.22941 0.15648 0.21005 0.10013 0.15086 0.09832 0.05475 0.64933 0.67061 0.76493 0.43820 0.66543 0.36711 0.22541
0.310 0.23120 0.15799 0.20901 0.09953 0.15072 0.09725 0.05430 0.65633 0.67753 0.76162 0.43513 0.66688 0.35871 0.22037
0.320 0.23299 0.15950 0.20797 0.09892 0.15058 0.09618 0.05386 0.66337 0.68440 0.75838 0.43210 0.66833 0.35038 0.21533
0.330 0.23477 0.16101 0.20693 0.09832 0.15044 0.09511 0.05341 0.67041 0.69120 0.75521 0.42910 0.66976 0.34212 0.21029
0.340 0.23656 0.16253 0.20589 0.09771 0.15030 0.09404 0.05296 0.67746 0.69793 0.75212 0.42615 0.67117 0.33393 0.20527
0.350 0.23835 0.16404 0.20485 0.09711 0.15017 0.09297 0.05251 0.68450 0.70457 0.74912 0.42324 0.67257 0.32583 0.20027
0.360 0.24014 0.16555 0.20381 0.09650 0.15003 0.09190 0.05207 0.69153 0.71112 0.74621 0.42040 0.67394 0.31782 0.19531
0.370 0.24193 0.16707 0.20277 0.09589 0.14989 0.09083 0.05162 0.69852 0.71757 0.74339 0.41762 0.67528 0.30991 0.19038
0.380 0.24372 0.16858 0.20173 0.09529 0.14975 0.08976 0.05117 0.70549 0.72392 0.74067 0.41491 0.67659 0.30210 0.18549
0.390 0.24551 0.17009 0.20069 0.09468 0.14961 0.08869 0.05073 0.71241 0.73015 0.73805 0.41228 0.67787 0.29440 0.18065
0.400 0.24729 0.17160 0.19965 0.09408 0.14948 0.08762 0.05028 0.71929 0.73627 0.73552 0.40972 0.67912 0.28680 0.17586
0.410 0.24908 0.17312 0.19861 0.09347 0.14934 0.08656 0.04983 0.72611 0.74228 0.73309 0.40724 0.68033 0.27931 0.17113
0.420 0.25087 0.17463 0.19756 0.09286 0.14920 0.08549 0.04938 0.73288 0.74816 0.73076 0.40484 0.68151 0.27193 0.16647
0.430 0.25266 0.17614 0.19652 0.09226 0.14906 0.08442 0.04894 0.73958 0.75391 0.72853 0.40253 0.68264 0.26466 0.16186
0.440 0.25445 0.17765 0.19548 0.09165 0.14892 0.08335 0.04849 0.74622 0.75954 0.72639 0.40029 0.68374 0.25751 0.15732
0.450 0.25624 0.17917 0.19444 0.09105 0.14879 0.08228 0.04804 0.75278 0.76505 0.72434 0.39815 0.68479 0.25047 0.15285
0.460 0.25803 0.18068 0.19340 0.09044 0.14865 0.08121 0.04760 0.75928 0.77042 0.72239 0.39608 0.68581 0.24354 0.14844
0.470 0.25981 0.18219 0.19236 0.08984 0.14851 0.08014 0.04715 0.76570 0.77566 0.72053 0.39410 0.68678 0.23673 0.14411
0.480 0.26160 0.18371 0.19132 0.08923 0.14837 0.07907 0.04670 0.77204 0.78077 0.71876 0.39221 0.68772 0.23002 0.13985
0.490 0.26339 0.18522 0.19028 0.08862 0.14823 0.07800 0.04625 0.77830 0.78575 0.71708 0.39040 0.68861 0.22343 0.13566
0.500 0.26518 0.18673 0.18924 0.08802 0.14810 0.07693 0.04581 0.78448 0.79060 0.71547 0.38866 0.68947 0.21695 0.13154
0.510 0.26697 0.18824 0.18820 0.08741 0.14796 0.07586 0.04536 0.79058 0.79531 0.71395 0.38701 0.69029 0.21058 0.12749
0.520 0.26876 0.18976 0.18716 0.08681 0.14782 0.07479 0.04491 0.79660 0.79990 0.71251 0.38543 0.69107 0.20432 0.12352
0.530 0.27054 0.19127 0.18611 0.08620 0.14768 0.07372 0.04447 0.80253 0.80435 0.71114 0.38394 0.69181 0.19816 0.11962
0.540 0.27233 0.19278 0.18507 0.08559 0.14754 0.07265 0.04402 0.80838 0.80867 0.70985 0.38251 0.69252 0.19211 0.11579
0.550 0.27412 0.19430 0.18403 0.08499 0.14741 0.07158 0.04357 0.81415 0.81285 0.70863 0.38116 0.69319 0.18617 0.11204
0.560 0.27591 0.19581 0.18299 0.08438 0.14727 0.07051 0.04313 0.81983 0.81691 0.70747 0.37987 0.69383 0.18033 0.10835
0.570 0.27770 0.19732 0.18195 0.08378 0.14713 0.06944 0.04268 0.82543 0.82084 0.70638 0.37865 0.69443 0.17458 0.10473
0.580 0.27949 0.19883 0.18091 0.08317 0.14699 0.06837 0.04223 0.83095 0.82464 0.70534 0.37750 0.69500 0.16894 0.10119
0.590 0.28128 0.20035 0.17987 0.08256 0.14685 0.06730 0.04178 0.83638 0.82831 0.70437 0.37641 0.69555 0.16339 0.09771
0.600 0.28306 0.20186 0.17883 0.08196 0.14672 0.06623 0.04134 0.84174 0.83185 0.70345 0.37538 0.69606 0.15794 0.09430
0.610 0.28485 0.20337 0.17779 0.08135 0.14658 0.06517 0.04089 0.84701 0.83527 0.70259 0.37440 0.69654 0.15259 0.09095
0.620 0.28664 0.20489 0.17675 0.08075 0.14644 0.06410 0.04044 0.85220 0.83856 0.70178 0.37348 0.69700 0.14732 0.08767
0.630 0.28843 0.20640 0.17571 0.08014 0.14630 0.06303 0.04000 0.85731 0.84173 0.70102 0.37262 0.69743 0.14215 0.08445
0.640 0.29022 0.20791 0.17467 0.07954 0.14616 0.06196 0.03955 0.86234 0.84477 0.70030 0.37180 0.69783 0.13706 0.08130
0.650 0.29201 0.20942 0.17362 0.07893 0.14603 0.06089 0.03910 0.86729 0.84770 0.69963 0.37104 0.69822 0.13206 0.07820
0.660 0.29380 0.21094 0.17258 0.07832 0.14589 0.05982 0.03865 0.87217 0.85050 0.69899 0.37032 0.69857 0.12715 0.07517
0.670 0.29558 0.21245 0.17154 0.07772 0.14575 0.05875 0.03821 0.87697 0.85318 0.69840 0.36964 0.69891 0.12232 0.07220
0.680 0.29737 0.21396 0.17050 0.07711 0.14561 0.05768 0.03776 0.88170 0.85575 0.69785 0.36900 0.69923 0.11757 0.06928
0.690 0.29916 0.21548 0.16946 0.07651 0.14547 0.05661 0.03731 0.88635 0.85820 0.69733 0.36841 0.69952 0.11290 0.06642
0.700 0.30095 0.21699 0.16842 0.07590 0.14534 0.05554 0.03687 0.89093 0.86054 0.69685 0.36785 0.69980 0.10832 0.06362
0.710 0.30274 0.21850 0.16738 0.07529 0.14520 0.05447 0.03642 0.89543 0.86276 0.69639 0.36733 0.70006 0.10380 0.06087
0.720 0.30453 0.22001 0.16634 0.07469 0.14506 0.05340 0.03597 0.89987 0.86488 0.69597 0.36685 0.70030 0.09936 0.05818
0.730 0.30632 0.22153 0.16530 0.07408 0.14492 0.05233 0.03553 0.90424 0.86688 0.69558 0.36639 0.70053 0.09500 0.05553
0.740 0.30810 0.22304 0.16426 0.07348 0.14478 0.05126 0.03508 0.90854 0.86878 0.69521 0.36597 0.70074 0.09071 0.05294
0.750 0.30989 0.22455 0.16322 0.07287 0.14464 0.05019 0.03463 0.91277 0.87058 0.69487 0.36558 0.70093 0.08649 0.05040
0.760 0.31168 0.22607 0.16218 0.07226 0.14451 0.04912 0.03418 0.91694 0.87227 0.69456 0.36521 0.70111 0.08233 0.04790
0.770 0.31347 0.22758 0.16113 0.07166 0.14437 0.04805 0.03374 0.92104 0.87386 0.69427 0.36487 0.70128 0.07825 0.04545
0.780 0.31526 0.22909 0.16009 0.07105 0.14423 0.04698 0.03329 0.92508 0.87536 0.69400 0.36456 0.70144 0.07423 0.04305
0.790 0.31705 0.23060 0.15905 0.07045 0.14409 0.04591 0.03284 0.92905 0.87676 0.69375 0.36427 0.70158 0.07028 0.04070
0.800 0.31883 0.23212 0.15801 0.06984 0.14395 0.04484 0.03240 0.93297 0.87806 0.69352 0.36400 0.70171 0.06638 0.03839
0.810 0.32062 0.23363 0.15697 0.06924 0.14382 0.04377 0.03195 0.93682 0.87928 0.69331 0.36376 0.70184 0.06256 0.03612
0.820 0.32241 0.23514 0.15593 0.06863 0.14368 0.04271 0.03150 0.94062 0.88041 0.69311 0.36353 0.70195 0.05879 0.03389
0.830 0.32420 0.23666 0.15489 0.06802 0.14354 0.04164 0.03105 0.94435 0.88145 0.69294 0.36332 0.70205 0.05508 0.03171
0.840 0.32599 0.23817 0.15385 0.06742 0.14340 0.04057 0.03061 0.94803 0.88241 0.69278 0.36314 0.70215 0.05143 0.02956
0.850 0.32778 0.23968 0.15281 0.06681 0.14326 0.03950 0.03016 0.95166 0.88329 0.69263 0.36296 0.70223 0.04783 0.02745
0.860 0.32957 0.24119 0.15177 0.06621 0.14313 0.03843 0.02971 0.95523 0.88410 0.69250 0.36281 0.70231 0.04430 0.02539
0.870 0.33135 0.24271 0.15073 0.06560 0.14299 0.03736 0.02927 0.95874 0.88483 0.69238 0.36267 0.70238 0.04081 0.02336
0.880 0.33314 0.24422 0.14968 0.06499 0.14285 0.03629 0.02882 0.96221 0.88549 0.69227 0.36254 0.70244 0.03738 0.02136
0.890 0.33493 0.24573 0.14864 0.06439 0.14271 0.03522 0.02837 0.96562 0.88608 0.69217 0.36243 0.70250 0.03400 0.01941
0.900 0.33672 0.24725 0.14760 0.06378 0.14257 0.03415 0.02792 0.96898 0.88660 0.69209 0.36233 0.70254 0.03068 0.01748
