w a b c d e f g ta tb tc td te tf tg
0.000 0.23301 0.15031 0.21332 0.11145 0.13012 0.10493 0.05686 0.61153 0.62926 0.78633 0.47314 0.64738 0.42076 0.25513
0.010 0.23134 0.14990 0.21371 0.11065 0.13248 0.10497 0.05695 0.61146 0.62922 0.78634 0.47298 0.64747 0.42078 0.25516
0.020 0.22966 0.14949 0.21409 0.10985 0.13484 0.10502 0.05704 0.61126 0.62908 0.78639 0.47250 0.64775 0.42084 0.25524
0.030 0.22799 0.14908 0.21448 0.10905 0.13721 0.10506 0.05713 0.61090 0.62884 0.78647 0.47167 0.64823 0.42095 0.25537
0.040 0.22632 0.14867 0.21487 0.10825 0.13957 0.10510 0.05722 0.61040 0.62849 0.78658 0.47048 0.64891 0.42110 0.25556
0.050 0.22465 0.14826 0.21526 0.10744 0.14193 0.10515 0.05731 0.60973 0.62803 0.78673 0.46892 0.64982 0.42130 0.25581
0.060 0.22298 0.14786 0.21565 0.10664 0.14429 0.10519 0.05740 0.60890 0.62746 0.78692 0.46698 0.65095 0.42156 0.25613
0.070 0.22130 0.14745 0.21604 0.10584 0.14665 0.10524 0.05749 0.60789 0.62677 0.78714 0.46466 0.65231 0.42186 0.25651
0.080 0.21963 0.14704 0.21643 0.10504 0.14901 0.10528 0.05758 0.60669 0.62596 0.78741 0.46195 0.65390 0.42223 0.25695
0.090 0.21796 0.14663 0.21681 0.10424 0.15137 0.10532 0.05767 0.60532 0.62503 0.78771 0.45885 0.65574 0.42265 0.25747
0.100 0.21629 0.14622 0.21720 0.10344 0.15374 0.10537 0.05775 0.60374 0.62396 0.78806 0.45537 0.65782 0.42313 0.25806
0.110 0.21462 0.14581 0.21759 0.10264 0.15610 0.10541 0.05784 0.60198 0.62277 0.78846 0.45152 0.66014 0.42367 0.25873
0.120 0.21294 0.14540 0.21798 0.10183 0.15846 0.10546 0.05793 0.60001 0.62145 0.78889 0.44730 0.66271 0.42427 0.25946
0.130 0.21127 0.14499 0.21837 0.10103 0.16082 0.10550 0.05802 0.59785 0.62001 0.78937 0.44273 0.66552 0.42494 0.26027
0.140 0.20960 0.14458 0.21876 0.10023 0.16318 0.10554 0.05811 0.59548 0.61843 0.78990 0.43782 0.66856 0.42567 0.26116
0.150 0.20793 0.14417 0.21915 0.09943 0.16554 0.10559 0.05820 0.59290 0.61673 0.79047 0.43260 0.67183 0.42647 0.26211
0.160 0.20626 0.14376 0.21953 0.09863 0.16790 0.10563 0.05829 0.59013 0.61490 0.79108 0.42708 0.67533 0.42733 0.26314
0.170 0.20458 0.14335 0.21992 0.09783 0.17026 0.10568 0.05838 0.58715 0.61295 0.79174 0.42128 0.67904 0.42825 0.26424
0.180 0.20291 0.14294 0.22031 0.09703 0.17263 0.10572 0.05847 0.58397 0.61089 0.79243 0.41523 0.68296 0.42925 0.26542
0.190 0.20124 0.14253 0.22070 0.09622 0.17499 0.10576 0.05856 0.58060 0.60872 0.79317 0.40896 0.68707 0.43030 0.26665
0.200 0.19957 0.14212 0.22109 0.09542 0.17735 0.10581 0.05865 0.57704 0.60644 0.79395 0.40248 0.69136 0.43142 0.26796
0.210 0.19790 0.14171 0.22148 0.09462 0.17971 0.10585 0.05874 0.57329 0.60407 0.79476 0.39582 0.69582 0.43260 0.26932
0.220 0.19622 0.14130 0.22187 0.09382 0.18207 0.10589 0.05883 0.56937 0.60161 0.79561 0.38900 0.70043 0.43384 0.27074
0.230 0.19455 0.14089 0.22225 0.09302 0.18443 0.10594 0.05892 0.56527 0.59907 0.79649 0.38205 0.70519 0.43514 0.27221
0.240 0.19288 0.14048 0.22264 0.09222 0.18679 0.10598 0.05901 0.56101 0.59645 0.79740 0.37498 0.71008 0.43649 0.27373
0.250 0.19121 0.14007 0.22303 0.09142 0.18916 0.10603 0.05910 0.55660 0.59377 0.79834 0.36782 0.71508 0.43789 0.27530
0.260 0.18954 0.13966 0.22342 0.09061 0.19152 0.10607 0.05919 0.55205 0.59104 0.79930 0.36059 0.72018 0.43934 0.27690
0.270 0.18786 0.13925 0.22381 0.08981 0.19388 0.10611 0.05928 0.54736 0.58826 0.80028 0.35331 0.72536 0.44083 0.27854
0.280 0.18619 0.13884 0.22420 0.08901 0.19624 0.10616 0.05936 0.54255 0.58544 0.80128 0.34600 0.73062 0.44237 0.28020
0.290 0.18452 0.13843 0.22459 0.08821 0.19860 0.10620 0.05945 0.53763 0.58260 0.80230 0.33866 0.73594 0.44393 0.28189
0.300 0.18285 0.13802 0.22497 0.08741 0.20096 0.10625 0.05954 0.53261 0.57975 0.80332 0.33132 0.74130 0.44553 0.28359
0.310 0.18118 0.13761 0.22536 0.08661 0.20332 0.10629 0.05963 0.52750 0.57688 0.80435 0.32399 0.74670 0.44716 0.28531
0.320 0.17950 0.13720 0.22575 0.08581 0.20569 0.10633 0.05972 0.52231 0.57402 0.80539 0.31668 0.75212 0.44880 0.28703
0.330 0.17783 0.13679 0.22614 0.08501 0.20805 0.10638 0.05981 0.51706 0.57117 0.80642 0.30940 0.75756 0.45047 0.28875
0.340 0.17616 0.13638 0.22653 0.08420 0.21041 0.10642 0.05990 0.51176 0.56833 0.80745 0.30216 0.76300 0.45214 0.29046
0.350 0.17449 0.13597 0.22692 0.08340 0.21277 0.10647 0.05999 0.50642 0.56552 0.80848 0.29498 0.76843 0.45382 0.29217
0.360 0.17282 0.13556 0.22731 0.08260 0.21513 0.10651 0.06008 0.50104 0.56275 0.80950 0.28785 0.77385 0.45551 0.29386
0.370 0.17114 0.13515 0.22769 0.08180 0.21749 0.10655 0.06017 0.49565 0.56002 0.81051 0.28079 0.77925 0.45719 0.29553
0.380 0.16947 0.13474 0.22808 0.08100 0.21985 0.10660 0.06026 0.49026 0.55733 0.81150 0.27380 0.78461 0.45886 0.29718
0.390 0.16780 0.13433 0.22847 0.08020 0.22222 0.10664 0.06035 0.48487 0.55469 0.81248 0.26689 0.78995 0.46052 0.29880
0.400 0.16613 0.13392 0.22886 0.07940 0.22458 0.10669 0.06044 0.47949 0.55211 0.81344 0.26006 0.79524 0.46217 0.30039
0.410 0.16446 0.13351 0.22925 0.07859 0.22694 0.10673 0.06053 0.47414 0.54959 0.81438 0.25331 0.80048 0.46380 0.30195
0.420 0.16278 0.13310 0.22964 0.07779 0.22930 0.10677 0.06062 0.46883 0.54714 0.81530 0.24665 0.80568 0.46540 0.30347
0.430 0.16111 0.13269 0.23002 0.07699 0.23166 0.10682 0.06071 0.46356 0.54475 0.81620 0.24008 0.81082 0.46698 0.30496
0.440 0.15944 0.13228 0.23041 0.07619 0.23402 0.10686 0.06080 0.45834 0.54244 0.81707 0.23361 0.81590 0.46852 0.30640
0.450 0.15777 0.13187 0.23080 0.07539 0.23638 0.10691 0.06089 0.45319 0.54020 0.81791 0.22723 0.82091 0.47004 0.30780
0.460 0.15609 0.13146 0.23119 0.07459 0.23875 0.10695 0.06097 0.44810 0.53803 0.81873 0.22094 0.82587 0.47152 0.30916
0.470 0.15442 0.13105 0.23158 0.07379 0.24111 0.10699 0.06106 0.44310 0.53593 0.81953 0.21475 0.83076 0.47296 0.31047
0.480 0.15275 0.13064 0.23197 0.07298 0.24347 0.10704 0.06115 0.43818 0.53392 0.82029 0.20866 0.83558 0.47436 0.31174
0.490 0.15108 0.13023 0.23236 0.07218 0.24583 0.10708 0.06124 0.43335 0.53198 0.82103 0.20266 0.84033 0.47572 0.31296
0.500 0.14941 0.12982 0.23274 0.07138 0.24819 0.10712 0.06133 0.42862 0.53011 0.82174 0.19676 0.84501 0.47704 0.31413
0.510 0.14773 0.12941 0.23313 0.07058 0.25055 0.10717 0.06142 0.42399 0.52833 0.82242 0.19096 0.84962 0.47832 0.31526
0.520 0.14606 0.12900 0.23352 0.06978 0.25291 0.10721 0.06151 0.41947 0.52661 0.82307 0.18525 0.85415 0.47955 0.31634
0.530 0.14439 0.12859 0.23391 0.06898 0.25528 0.10726 0.06160 0.41507 0.52498 0.82370 0.17964 0.85862 0.48074 0.31738
0.540 0.14272 0.12818 0.23430 0.06818 0.25764 0.10730 0.06169 0.41078 0.52341 0.82430 0.17412 0.86301 0.48188 0.31837
0.550 0.14105 0.12777 0.23469 0.06737 0.26000 0.10734 0.06178 0.40661 0.52192 0.82487 0.16870 0.86733 0.48298 0.31932
0.560 0.13937 0.12736 0.23508 0.06657 0.26236 0.10739 0.06187 0.40256 0.52050 0.82542 0.16337 0.87158 0.48403 0.32022
0.570 0.13770 0.12695 0.23546 0.06577 0.26472 0.10743 0.06196 0.39864 0.51914 0.82594 0.15813 0.87575 0.48504 0.32108
0.580 0.13603 0.12654 0.23585 0.06497 0.26708 0.10748 0.06205 0.39484 0.51786 0.82643 0.15298 0.87985 0.48600 0.32190
0.590 0.13436 0.12613 0.23624 0.06417 0.26944 0.10752 0.06214 0.39118 0.51664 0.82690 0.14792 0.88388 0.48692 0.32268
0.600 0.13269 0.12572 0.23663 0.06337 0.27181 0.10756 0.06223 0.38765 0.51548 0.82735 0.14295 0.88784 0.48780 0.32342
0.610 0.13101 0.12531 0.23702 0.06257 0.27417 0.10761 0.06232 0.38424 0.51438 0.82777 0.13806 0.89174 0.48864 0.32412
0.620 0.12934 0.12490 0.23741 0.06177 0.27653 0.10765 0.06241 0.38097 0.51334 0.82817 0.13326 0.89556 0.48943 0.32478
0.630 0.12767 0.12449 0.23780 0.06096 0.27889 0.10770 0.06250 0.37783 0.51236 0.82855 0.12854 0.89931 0.49019 0.32541
0.640 0.12600 0.12408 0.23818 0.06016 0.28125 0.10774 0.06259 0.37482 0.51143 0.82891 0.12391 0.90300 0.49091 0.32600
0.650 0.12433 0.12367 0.23857 0.05936 0.28361 0.10778 0.06267 0.37194 0.51056 0.82924 0.11935 0.90662 0.49158 0.32656
0.660 0.12265 0.12326 0.23896 0.05856 0.28597 0.10783 0.06276 0.36919 0.50974 0.82956 0.11488 0.91018 0.49223 0.32708
0.670 0.12098 0.12285 0.23935 0.05776 0.28834 0.10787 0.06285 0.36657 0.50896 0.82986 0.11048 0.91367 0.49283 0.32758
0.680 0.11931 0.12244 0.23974 0.05696 0.29070 0.10792 0.06294 0.36407 0.50823 0.83014 0.10616 0.91710 0.49340 0.32805
0.690 0.11764 0.12203 0.24013 0.05616 0.29306 0.10796 0.06303 0.36169 0.50755 0.83041 0.10191 0.92046 0.49394 0.32848
0.700 0.11597 0.12162 0.24052 0.05535 0.29542 0.10800 0.06312 0.35944 0.50691 0.83065 0.09774 0.92377 0.49445 0.32890
0.710 0.11429 0.12121 0.24090 0.05455 0.29778 0.10805 0.06321 0.35731 0.50631 0.83089 0.09363 0.92702 0.49492 0.32928
0.720 0.11262 0.12080 0.24129 0.05375 0.30014 0.10809 0.06330 0.35529 0.50575 0.83110 0.08960 0.93021 0.49537 0.32964
0.730 0.11095 0.12039 0.24168 0.05295 0.30250 0.10814 0.06339 0.35338 0.50522 0.83131 0.08564 0.93334 0.49579 0.32998
0.740 0.10928 0.11998 0.24207 0.05215 0.30486 0.10818 0.06348 0.35159 0.50473 0.83150 0.08174 0.93641 0.49618 0.33029
0.750 0.10761 0.11957 0.24246 0.05135 0.30723 0.10822 0.06357 0.34991 0.50428 0.83167 0.07791 0.93943 0.49654 0.33059
0.760 0.10593 0.11916 0.24285 0.05055 0.30959 0.10827 0.06366 0.34832 0.50385 0.83184 0.07415 0.94240 0.49688 0.33086
0.770 0.10426 0.11875 0.24324 0.04974 0.31195 0.10831 0.06375 0.34684 0.50346 0.83199 0.07044 0.94531 0.49720 0.33111
0.780 0.10259 0.11834 0.24362 0.04894 0.31431 0.10835 0.06384 0.34546 0.50309 0.83213 0.06680 0.94817 0.49749 0.33135
0.790 0.10092 0.11793 0.24401 0.04814 0.31667 0.10840 0.06393 0.34418 0.50275 0.83226 0.06322 0.95098 0.49777 0.33156
0.800 0.09925 0.11752 0.24440 0.04734 0.31903 0.10844 0.06402 0.34298 0.50244 0.83239 0.05970 0.95374 0.49802 0.33176
0.810 0.09757 0.11711 0.24479 0.04654 0.32139 0.10849 0.06411 0.34187 0.50216 0.83250 0.05624 0.95645 0.49825 0.33195
0.820 0.09590 0.11670 0.24518 0.04574 0.32376 0.10853 0.06420 0.34085 0.50189 0.83260 0.05284 0.95911 0.49846 0.33212
0.830 0.09423 0.11629 0.24557 0.04494 0.32612 0.10857 0.06428 0.33991 0.50165 0.83269 0.04949 0.96173 0.49866 0.33227
0.840 0.09256 0.11588 0.24596 0.04413 0.32848 0.10862 0.06437 0.33904 0.50143 0.83278 0.04619 0.96430 0.49884 0.33241
0.850 0.09089 0.11547 0.24634 0.04333 0.33084 0.10866 0.06446 0.33825 0.50123 0.83286 0.04295 0.96683 0.49900 0.33254
0.860 0.08921 0.11506 0.24673 0.04253 0.33320 0.10871 0.06455 0.33753 0.50105 0.83293 0.03976 0.96931 0.49915 0.33266
0.870 0.08754 0.11465 0.24712 0.04173 0.33556 0.10875 0.06464 0.33688 0.50088 0.83299 0.03662 0.97176 0.49928 0.33276
0.880 0.08587 0.11424 0.24751 0.04093 0.33792 0.10879 0.06473 0.33630 0.50074 0.83305 0.03353 0.97415 0.49940 0.33286
0.890 0.08420 0.11383 0.24790 0.04013 0.34029 0.10884 0.06482 0.33577 0.50061 0.83310 0.03049 0.97651 0.49951 0.33294
0.900 0.08253 0.11342 0.24829 0.03933 0.34265 0.10888 0.06491 0.33531 0.50049 0.83314 0.02750 0.97883 0.49960 0.33302
