w a b c d e f g ta tb tc td te tf tg
0.000 0.21222 0.13347 0.23469 0.10261 0.16595 0.10664 0.04443 0.59314 0.60741 0.81542 0.43638 0.72022 0.40972 0.18331
0.010 0.21279 0.13482 0.23285 0.10276 0.16448 0.10651 0.04580 0.59325 0.60758 0.81514 0.43659 0.71949 0.40984 0.18423
0.020 0.21335 0.13617 0.23101 0.10292 0.16302 0.10637 0.04716 0.59360 0.60810 0.81427 0.43725 0.71726 0.41022 0.18701
0.030 0.21391 0.13752 0.22917 0.10307 0.16155 0.10623 0.04853 0.59419 0.60898 0.81279 0.43836 0.71351 0.41086 0.19164
0.040 0.21448 0.13887 0.22733 0.10323 0.16009 0.10610 0.04990 0.59503 0.61024 0.81070 0.43996 0.70829 0.41179 0.19800
0.050 0.21504 0.14023 0.22549 0.10338 0.15863 0.10596 0.05127 0.59614 0.61188 0.80799 0.44204 0.70168 0.41300 0.20592
0.060 0.21561 0.14158 0.22365 0.10354 0.15716 0.10583 0.05264 0.59752 0.61393 0.80469 0.44462 0.69378 0.41451 0.21519
0.070 0.21617 0.14293 0.22181 0.10369 0.15570 0.10569 0.05401 0.59918 0.61637 0.80080 0.44768 0.68475 0.41632 0.22560
0.080 0.21673 0.14428 0.21998 0.10385 0.15423 0.10556 0.05537 0.60113 0.61920 0.79637 0.45124 0.67473 0.41844 0.23693
0.090 0.21730 0.14563 0.21814 0.10400 0.15277 0.10542 0.05674 0.60337 0.62243 0.79143 0.45528 0.66389 0.42088 0.24898
0.100 0.21786 0.14698 0.21630 0.10416 0.15130 0.10529 0.05811 0.60590 0.62604 0.78601 0.45977 0.65237 0.42362 0.26159
0.110 0.21843 0.14834 0.21446 0.10431 0.14984 0.10515 0.05948 0.60872 0.63001 0.78018 0.46471 0.64032 0.42667 0.27461
0.120 0.21899 0.14969 0.21262 0.10446 0.14837 0.10502 0.06085 0.61183 0.63434 0.77398 0.47006 0.62786 0.43002 0.28791
0.130 0.21955 0.15104 0.21078 0.10462 0.14691 0.10488 0.06222 0.61521 0.63899 0.76745 0.47580 0.61511 0.43367 0.30140
0.140 0.22012 0.15239 0.20894 0.10477 0.14544 0.10475 0.06358 0.61888 0.64395 0.76064 0.48189 0.60217 0.43760 0.31500
0.150 0.22068 0.15374 0.20710 0.10493 0.14398 0.10461 0.06495 0.62281 0.64920 0.75360 0.48830 0.58910 0.44181 0.32863
0.160 0.22125 0.15509 0.20527 0.10508 0.14251 0.10448 0.06632 0.62700 0.65470 0.74638 0.49500 0.57599 0.44627 0.34225
0.170 0.22181 0.15645 0.20343 0.10524 0.14105 0.10434 0.06769 0.63143 0.66043 0.73901 0.50195 0.56290 0.45098 0.35581
0.180 0.22238 0.15780 0.20159 0.10539 0.13958 0.10421 0.06906 0.63610 0.66636 0.73153 0.50912 0.54986 0.45591 0.36928
0.190 0.22294 0.15915 0.19975 0.10555 0.13812 0.10407 0.07043 0.64097 0.67246 0.72398 0.51647 0.53692 0.46105 0.38263
0.200 0.22350 0.16050 0.19791 0.10570 0.13665 0.10394 0.07180 0.64605 0.67872 0.71639 0.52396 0.52411 0.46638 0.39584
0.210 0.22407 0.16185 0.19607 0.10586 0.13519 0.10380 0.07316 0.65132 0.68509 0.70880 0.53158 0.51146 0.47188 0.40889
0.220 0.22463 0.16320 0.19423 0.10601 0.13372 0.10367 0.07453 0.65675 0.69156 0.70122 0.53928 0.49898 0.47753 0.42176
0.230 0.22520 0.16455 0.19240 0.10617 0.13226 0.10353 0.07590 0.66233 0.69811 0.69369 0.54704 0.48669 0.48330 0.43446
0.240 0.22576 0.16591 0.19056 0.10632 0.13079 0.10340 0.07727 0.66805 0.70470 0.68622 0.55484 0.47460 0.48919 0.44697
0.250 0.22632 0.16726 0.18872 0.10648 0.12933 0.10326 0.07864 0.67388 0.71133 0.67883 0.56264 0.46272 0.49516 0.45929
0.260 0.22689 0.16861 0.18688 0.10663 0.12786 0.10312 0.08001 0.67982 0.71796 0.67155 0.57042 0.45105 0.50120 0.47141
0.270 0.22745 0.16996 0.18504 0.10679 0.12640 0.10299 0.08137 0.68584 0.72460 0.66439 0.57817 0.43960 0.50730 0.48333
0.280 0.22802 0.17131 0.18320 0.10694 0.12493 0.10285 0.08274 0.69193 0.73121 0.65736 0.58587 0.42837 0.51342 0.49504
0.290 0.22858 0.17266 0.18136 0.10710 0.12347 0.10272 0.08411 0.69807 0.73778 0.65048 0.59349 0.41737 0.51956 0.50656
0.300 0.22914 0.17402 0.17952 0.10725 0.12200 0.10258 0.08548 0.70425 0.74431 0.64375 0.60103 0.40658 0.52570 0.51788
0.310 0.22971 0.17537 0.17769 0.10740 0.12054 0.10245 0.08685 0.71047 0.75078 0.63718 0.60847 0.39602 0.53182 0.52899
0.320 0.23027 0.17672 0.17585 0.10756 0.11907 0.10231 0.08822 0.71669 0.75719 0.63078 0.61580 0.38567 0.53791 0.53991
0.330 0.23084 0.17807 0.17401 0.10771 0.11761 0.10218 0.08958 0.72293 0.76352 0.62457 0.62301 0.37553 0.54395 0.55063
0.340 0.23140 0.17942 0.17217 0.10787 0.11614 0.10204 0.09095 0.72915 0.76977 0.61853 0.63009 0.36561 0.54993 0.56115
0.350 0.23196 0.18077 0.17033 0.10802 0.11468 0.10191 0.09232 0.73536 0.77593 0.61268 0.63702 0.35590 0.55584 0.57149
0.360 0.23253 0.18213 0.16849 0.10818 0.11321 0.10177 0.09369 0.74155 0.78200 0.60703 0.64382 0.34639 0.56167 0.58163
0.370 0.23309 0.18348 0.16665 0.10833 0.11175 0.10164 0.09506 0.74770 0.78798 0.60156 0.65046 0.33707 0.56741 0.59158
0.380 0.23366 0.18483 0.16482 0.10849 0.11028 0.10150 0.09643 0.75382 0.79385 0.59628 0.65695 0.32796 0.57304 0.60135
0.390 0.23422 0.18618 0.16298 0.10864 0.10882 0.10137 0.09780 0.75988 0.79962 0.59120 0.66328 0.31904 0.57857 0.61093
0.400 0.23479 0.18753 0.16114 0.10880 0.10735 0.10123 0.09916 0.76590 0.80530 0.58630 0.66944 0.31030 0.58399 0.62034
0.410 0.23535 0.18888 0.15930 0.10895 0.10589 0.10110 0.10053 0.77186 0.81086 0.58160 0.67544 0.30174 0.58928 0.62957
0.420 0.23591 0.19024 0.15746 0.10911 0.10442 0.10096 0.10190 0.77775 0.81632 0.57708 0.68127 0.29337 0.59444 0.63862
0.430 0.23648 0.19159 0.15562 0.10926 0.10296 0.10083 0.10327 0.78358 0.82168 0.57275 0.68694 0.28517 0.59947 0.64750
0.440 0.23704 0.19294 0.15378 0.10942 0.10149 0.10069 0.10464 0.78935 0.82693 0.56861 0.69243 0.27713 0.60437 0.65622
0.450 0.23761 0.19429 0.15194 0.10957 0.10003 0.10056 0.10601 0.79504 0.83208 0.56464 0.69775 0.26926 0.60913 0.66476
0.460 0.23817 0.19564 0.15011 0.10973 0.09856 0.10042 0.10737 0.80065 0.83712 0.56085 0.70291 0.26156 0.61374 0.67314
0.470 0.23873 0.19699 0.14827 0.10988 0.09710 0.10028 0.10874 0.80619 0.84206 0.55723 0.70790 0.25401 0.61821 0.68136
0.480 0.23930 0.19835 0.14643 0.11003 0.09563 0.10015 0.11011 0.81166 0.84690 0.55377 0.71271 0.24661 0.62254 0.68942
0.490 0.23986 0.19970 0.14459 0.11019 0.09417 0.10001 0.11148 0.81704 0.85164 0.55048 0.71736 0.23936 0.62672 0.69732
0.500 0.24043 0.20105 0.14275 0.11034 0.09270 0.09988 0.11285 0.82234 0.85628 0.54735 0.72185 0.23225 0.63075 0.70506
0.510 0.24099 0.20240 0.14091 0.11050 0.09124 0.09974 0.11422 0.82757 0.86082 0.54437 0.72617 0.22529 0.63464 0.71266
0.520 0.24155 0.20375 0.13907 0.11065 0.08977 0.09961 0.11558 0.83271 0.86527 0.54154 0.73032 0.21846 0.63838 0.72009
0.530 0.24212 0.20510 0.13724 0.11081 0.08831 0.09947 0.11695 0.83777 0.86962 0.53886 0.73432 0.21177 0.64197 0.72738
0.540 0.24268 0.20646 0.13540 0.11096 0.08684 0.09934 0.11832 0.84275 0.87388 0.53631 0.73816 0.20521 0.64543 0.73452
0.550 0.24325 0.20781 0.13356 0.11112 0.08538 0.09920 0.11969 0.84765 0.87805 0.53389 0.74185 0.19877 0.64874 0.74152
0.560 0.24381 0.20916 0.13172 0.11127 0.08391 0.09907 0.12106 0.85247 0.88214 0.53160 0.74538 0.19245 0.65191 0.74836
0.570 0.24437 0.21051 0.12988 0.11143 0.08245 0.09893 0.12243 0.85721 0.88613 0.52944 0.74876 0.18626 0.65494 0.75506
0.580 0.24494 0.21186 0.12804 0.11158 0.08098 0.09880 0.12380 0.86187 0.89004 0.52739 0.75199 0.18018 0.65784 0.76162
0.590 0.24550 0.21321 0.12620 0.11174 0.07952 0.09866 0.12516 0.86645 0.89387 0.52546 0.75509 0.17422 0.66060 0.76803
0.600 0.24607 0.21456 0.12436 0.11189 0.07805 0.09853 0.12653 0.87096 0.89762 0.52364 0.75804 0.16837 0.66324 0.77431
0.610 0.24663 0.21592 0.12253 0.11205 0.07659 0.09839 0.12790 0.87538 0.90129 0.52192 0.76085 0.16262 0.66575 0.78044
0.620 0.24719 0.21727 0.12069 0.11220 0.07512 0.09826 0.12927 0.87973 0.90489 0.52029 0.76353 0.15698 0.66813 0.78642
0.630 0.24776 0.21862 0.11885 0.11236 0.07366 0.09812 0.13064 0.88401 0.90841 0.51877 0.76608 0.15145 0.67040 0.79227
0.640 0.24832 0.21997 0.11701 0.11251 0.07219 0.09799 0.13201 0.88821 0.91185 0.51733 0.76850 0.14601 0.67255 0.79798
0.650 0.24889 0.22132 0.11517 0.11266 0.07073 0.09785 0.13337 0.89234 0.91523 0.51598 0.77080 0.14067 0.67458 0.80354
0.660 0.24945 0.22267 0.11333 0.11282 0.06926 0.09772 0.13474 0.89639 0.91854 0.51471 0.77298 0.13542 0.67651 0.80896
0.670 0.25002 0.22403 0.11149 0.11297 0.06780 0.09758 0.13611 0.90038 0.92177 0.51352 0.77505 0.13027 0.67833 0.81424
0.680 0.25058 0.22538 0.10966 0.11313 0.06633 0.09745 0.13748 0.90430 0.92495 0.51241 0.77700 0.12521 0.68005 0.81938
0.690 0.25114 0.22673 0.10782 0.11328 0.06487 0.09731 0.13885 0.90814 0.92805 0.51136 0.77884 0.12023 0.68167 0.82437
0.700 0.25171 0.22808 0.10598 0.11344 0.06340 0.09717 0.14022 0.91193 0.93110 0.51039 0.78058 0.11535 0.68319 0.82922
0.710 0.25227 0.22943 0.10414 0.11359 0.06194 0.09704 0.14158 0.91564 0.93408 0.50947 0.78222 0.11054 0.68462 0.83392
0.720 0.25284 0.23078 0.10230 0.11375 0.06047 0.09690 0.14295 0.91929 0.93701 0.50862 0.78376 0.10582 0.68597 0.83847
0.730 0.25340 0.23214 0.10046 0.11390 0.05901 0.09677 0.14432 0.92288 0.93988 0.50783 0.78520 0.10117 0.68723 0.84287
0.740 0.25396 0.23349 0.09862 0.11406 0.05754 0.09663 0.14569 0.92641 0.94269 0.50709 0.78656 0.09661 0.68841 0.84712
0.750 0.25453 0.23484 0.09678 0.11421 0.05608 0.09650 0.14706 0.92988 0.94544 0.50640 0.78783 0.09212 0.68951 0.85122
0.760 0.25509 0.23619 0.09495 0.11437 0.05461 0.09636 0.14843 0.93328 0.94815 0.50576 0.78901 0.08770 0.69054 0.85516
0.770 0.25566 0.23754 0.09311 0.11452 0.05315 0.09623 0.14980 0.93663 0.95080 0.50517 0.79011 0.08335 0.69150 0.85895
0.780 0.25622 0.23889 0.09127 0.11468 0.05168 0.09609 0.15116 0.93992 0.95340 0.50462 0.79114 0.07908 0.69239 0.86258
0.790 0.25678 0.24025 0.08943 0.11483 0.05022 0.09596 0.15253 0.94315 0.95595 0.50411 0.79209 0.07488 0.69321 0.86604
0.800 0.25735 0.24160 0.08759 0.11499 0.04875 0.09582 0.15390 0.94633 0.95845 0.50364 0.79298 0.07074 0.69397 0.86934
0.810 0.25791 0.24295 0.08575 0.11514 0.04729 0.09569 0.15527 0.94946 0.96090 0.50321 0.79379 0.06667 0.69468 0.87247
0.820 0.25848 0.24430 0.08391 0.11530 0.04583 0.09555 0.15664 0.95253 0.96331 0.50282 0.79454 0.06266 0.69532 0.87544
0.830 0.25904 0.24565 0.08207 0.11545 0.04436 0.09542 0.15801 0.95555 0.96568 0.50246 0.79523 0.05871 0.69592 0.87824
0.840 0.25960 0.24700 0.08024 0.11560 0.04290 0.09528 0.15937 0.95852 0.96800 0.50213 0.79587 0.05483 0.69646 0.88086
0.850 0.26017 0.24836 0.07840 0.11576 0.04143 0.09515 0.16074 0.96145 0.97027 0.50183 0.79644 0.05100 0.69695 0.88331
0.860 0.26073 0.24971 0.07656 0.11591 0.03997 0.09501 0.16211 0.96432 0.97251 0.50156 0.79696 0.04724 0.69740 0.88559
0.870 0.26130 0.25106 0.07472 0.11607 0.03850 0.09488 0.16348 0.96715 0.97471 0.50132 0.79744 0.04353 0.69781 0.88769
0.880 0.26186 0.25241 0.07288 0.11622 0.03704 0.09474 0.16485 0.96993 0.97686 0.50110 0.79786 0.03988 0.69817 0.88962
0.890 0.26242 0.25376 0.07104 0.11638 0.03557 0.09461 0.16622 0.97266 0.97898 0.50090 0.79824 0.03628 0.69849 0.89138
0.900 0.26299 0.25511 0.06920 0.11653 0.03411 0.09447 0.16758 0.97535 0.98106 0.50073 0.79857 0.03274 0.69878 0.89296
