w a b c d e f g ta tb tc td te tf tg
0.000 0.17514 0.17467 0.20573 0.12432 0.16834 0.08448 0.06732 0.54196 0.67800 0.75266 0.50962 0.64197 0.26670 0.30397
0.010 0.17707 0.17340 0.20623 0.12341 0.16759 0.08543 0.06688 0.54207 0.67791 0.75272 0.50953 0.64199 0.26708 0.30389
0.020 0.17899 0.17213 0.20674 0.12249 0.16684 0.08637 0.06645 0.54240 0.67761 0.75290 0.50925 0.64206 0.26825 0.30365
0.030 0.18092 0.17085 0.20724 0.12157 0.16609 0.08732 0.06601 0.54296 0.67711 0.75321 0.50878 0.64218 0.27023 0.30323
0.040 0.18285 0.16958 0.20775 0.12066 0.16533 0.08826 0.06557 0.54377 0.67639 0.75365 0.50811 0.64236 0.27304 0.30264
0.050 0.18478 0.16830 0.20825 0.11974 0.16458 0.08921 0.06514 0.54483 0.67545 0.75424 0.50722 0.64259 0.27668 0.30186
0.060 0.18670 0.16703 0.20876 0.11883 0.16383 0.09015 0.06470 0.54615 0.67427 0.75497 0.50611 0.64288 0.28112 0.30088
0.070 0.18863 0.16576 0.20926 0.11791 0.16308 0.09109 0.06426 0.54775 0.67286 0.75585 0.50478 0.64322 0.28634 0.29971
0.080 0.19056 0.16448 0.20977 0.11700 0.16233 0.09204 0.06383 0.54962 0.67121 0.75689 0.50322 0.64363 0.29229 0.29832
0.090 0.19248 0.16321 0.21027 0.11608 0.16158 0.09298 0.06339 0.55178 0.66931 0.75808 0.50142 0.64411 0.29893 0.29674
0.100 0.19441 0.16194 0.21078 0.11516 0.16083 0.09393 0.06295 0.55423 0.66717 0.75943 0.49939 0.64464 0.30621 0.29493
0.110 0.19634 0.16066 0.21128 0.11425 0.16008 0.09487 0.06252 0.55696 0.66480 0.76095 0.49712 0.64525 0.31405 0.29292
0.120 0.19827 0.15939 0.21179 0.11333 0.15933 0.09582 0.06208 0.55998 0.66218 0.76262 0.49463 0.64591 0.32240 0.29070
0.130 0.20019 0.15812 0.21229 0.11242 0.15858 0.09676 0.06164 0.56328 0.65934 0.76446 0.49191 0.64665 0.33120 0.28826
0.140 0.20212 0.15684 0.21280 0.11150 0.15783 0.09771 0.06121 0.56687 0.65627 0.76645 0.48896 0.64744 0.34039 0.28562
0.150 0.20405 0.15557 0.21330 0.11059 0.15707 0.09865 0.06077 0.57073 0.65299 0.76860 0.48580 0.64831 0.34991 0.28278
0.160 0.20598 0.15430 0.21381 0.10967 0.15632 0.09959 0.06033 0.57486 0.64951 0.77090 0.48244 0.64923 0.35971 0.27974
0.170 0.20790 0.15302 0.21431 0.10875 0.15557 0.10054 0.05990 0.57924 0.64584 0.77335 0.47888 0.65022 0.36974 0.27651
0.180 0.20983 0.15175 0.21482 0.10784 0.15482 0.10148 0.05946 0.58388 0.64200 0.77594 0.47514 0.65126 0.37996 0.27311
0.190 0.21176 0.15047 0.21532 0.10692 0.15407 0.10243 0.05902 0.58875 0.63799 0.77866 0.47123 0.65236 0.39032 0.26953
0.200 0.21369 0.14920 0.21583 0.10601 0.15332 0.10337 0.05859 0.59384 0.63385 0.78150 0.46717 0.65352 0.40079 0.26579
0.210 0.21561 0.14793 0.21633 0.10509 0.15257 0.10432 0.05815 0.59915 0.62958 0.78446 0.46297 0.65472 0.41133 0.26190
0.220 0.21754 0.14665 0.21684 0.10418 0.15182 0.10526 0.05771 0.60465 0.62519 0.78753 0.45864 0.65597 0.42192 0.25787
0.230 0.21947 0.14538 0.21735 0.10326 0.15107 0.10620 0.05728 0.61033 0.62072 0.79070 0.45420 0.65726 0.43254 0.25372
0.240 0.22139 0.14411 0.21785 0.10234 0.15032 0.10715 0.05684 0.61617 0.61617 0.79396 0.44968 0.65859 0.44315 0.24945
0.250 0.22332 0.14283 0.21836 0.10143 0.14957 0.10809 0.05640 0.62217 0.61156 0.79730 0.44507 0.65995 0.45375 0.24509
0.260 0.22525 0.14156 0.21886 0.10051 0.14882 0.10904 0.05597 0.62830 0.60691 0.80070 0.44041 0.66133 0.46431 0.24063
0.270 0.22718 0.14029 0.21937 0.09960 0.14806 0.10998 0.05553 0.63454 0.60224 0.80417 0.43571 0.66274 0.47481 0.23610
0.280 0.22910 0.13901 0.21987 0.09868 0.14731 0.11093 0.05509 0.64090 0.59756 0.80768 0.43098 0.66416 0.48525 0.23150
0.290 0.23103 0.13774 0.22038 0.09777 0.14656 0.11187 0.05466 0.64734 0.59288 0.81124 0.42624 0.66560 0.49562 0.22685
0.300 0.23296 0.13646 0.22088 0.09685 0.14581 0.11281 0.05422 0.65385 0.58823 0.81482 0.42150 0.66704 0.50589 0.22216
0.310 0.23489 0.13519 0.22139 0.09593 0.14506 0.11376 0.05378 0.66043 0.58360 0.81842 0.41677 0.66848 0.51608 0.21743
0.320 0.23681 0.13392 0.22189 0.09502 0.14431 0.11470 0.05335 0.66706 0.57902 0.82204 0.41208 0.66992 0.52616 0.21269
0.330 0.23874 0.13264 0.22240 0.09410 0.14356 0.11565 0.05291 0.67372 0.57450 0.82566 0.40742 0.67136 0.53613 0.20793
0.340 0.24067 0.13137 0.22290 0.09319 0.14281 0.11659 0.05247 0.68041 0.57005 0.82927 0.40282 0.67278 0.54599 0.20318
0.350 0.24260 0.13010 0.22341 0.09227 0.14206 0.11754 0.05204 0.68711 0.56568 0.83288 0.39828 0.67419 0.55573 0.19843
0.360 0.24452 0.12882 0.22391 0.09136 0.14131 0.11848 0.05160 0.69382 0.56138 0.83646 0.39382 0.67557 0.56535 0.19369
0.370 0.24645 0.12755 0.22442 0.09044 0.14056 0.11943 0.05116 0.70052 0.55719 0.84002 0.38943 0.67694 0.57485 0.18897
0.380 0.24838 0.12628 0.22492 0.08952 0.13980 0.12037 0.05073 0.70721 0.55309 0.84355 0.38514 0.67828 0.58422 0.18428
0.390 0.25030 0.12500 0.22543 0.08861 0.13905 0.12131 0.05029 0.71388 0.54910 0.84704 0.38093 0.67958 0.59345 0.17963
0.400 0.25223 0.12373 0.22593 0.08769 0.13830 0.12226 0.04985 0.72052 0.54522 0.85049 0.37683 0.68086 0.60256 0.17501
0.410 0.25416 0.12246 0.22644 0.08678 0.13755 0.12320 0.04942 0.72712 0.54145 0.85390 0.37283 0.68211 0.61154 0.17044
0.420 0.25609 0.12118 0.22694 0.08586 0.13680 0.12415 0.04898 0.73368 0.53780 0.85725 0.36895 0.68332 0.62038 0.16591
0.430 0.25801 0.11991 0.22745 0.08495 0.13605 0.12509 0.04854 0.74020 0.53427 0.86055 0.36517 0.68449 0.62908 0.16143
0.440 0.25994 0.11863 0.22795 0.08403 0.13530 0.12604 0.04811 0.74667 0.53086 0.86380 0.36152 0.68563 0.63765 0.15701
0.450 0.26187 0.11736 0.22846 0.08311 0.13455 0.12698 0.04767 0.75308 0.52757 0.86698 0.35798 0.68673 0.64609 0.15265
0.460 0.26380 0.11609 0.22896 0.08220 0.13380 0.12792 0.04723 0.75943 0.52440 0.87010 0.35456 0.68779 0.65438 0.14834
0.470 0.26572 0.11481 0.22947 0.08128 0.13305 0.12887 0.04680 0.76572 0.52136 0.87316 0.35126 0.68881 0.66255 0.14409
0.480 0.26765 0.11354 0.22998 0.08037 0.13230 0.12981 0.04636 0.77195 0.51844 0.87615 0.34808 0.68979 0.67057 0.13991
0.490 0.26958 0.11227 0.23048 0.07945 0.13154 0.13076 0.04592 0.77810 0.51564 0.87907 0.34502 0.69073 0.67846 0.13579
0.500 0.27150 0.11099 0.23099 0.07854 0.13079 0.13170 0.04549 0.78419 0.51295 0.88193 0.34209 0.69163 0.68621 0.13173
0.510 0.27343 0.10972 0.23149 0.07762 0.13004 0.13265 0.04505 0.79021 0.51039 0.88471 0.33927 0.69250 0.69382 0.12774
0.520 0.27536 0.10845 0.23200 0.07670 0.12929 0.13359 0.04461 0.79615 0.50794 0.88742 0.33657 0.69332 0.70129 0.12382
0.530 0.27729 0.10717 0.23250 0.07579 0.12854 0.13453 0.04418 0.80202 0.50560 0.89006 0.33398 0.69411 0.70863 0.11996
0.540 0.27921 0.10590 0.23301 0.07487 0.12779 0.13548 0.04374 0.80781 0.50338 0.89263 0.33151 0.69486 0.71583 0.11617
0.550 0.28114 0.10462 0.23351 0.07396 0.12704 0.13642 0.04330 0.81353 0.50126 0.89512 0.32915 0.69557 0.72289 0.11244
0.560 0.28307 0.10335 0.23402 0.07304 0.12629 0.13737 0.04287 0.81917 0.49924 0.89754 0.32690 0.69625 0.72982 0.10878
0.570 0.28500 0.10208 0.23452 0.07213 0.12554 0.13831 0.04243 0.82473 0.49733 0.89989 0.32476 0.69690 0.73660 0.10519
0.580 0.28692 0.10080 0.23503 0.07121 0.12479 0.13926 0.04199 0.83022 0.49551 0.90217 0.32272 0.69751 0.74325 0.10166
0.590 0.28885 0.09953 0.23553 0.07029 0.12404 0.14020 0.04156 0.83562 0.49379 0.90437 0.32079 0.69809 0.74975 0.09819
0.600 0.29078 0.09826 0.23604 0.06938 0.12328 0.14115 0.04112 0.84096 0.49216 0.90649 0.31895 0.69864 0.75612 0.09479
0.610 0.29271 0.09698 0.23654 0.06846 0.12253 0.14209 0.04068 0.84621 0.49062 0.90855 0.31720 0.69916 0.76235 0.09145
0.620 0.29463 0.09571 0.23705 0.06755 0.12178 0.14303 0.04025 0.85139 0.48916 0.91053 0.31555 0.69965 0.76844 0.08818
0.630 0.29656 0.09444 0.23755 0.06663 0.12103 0.14398 0.03981 0.85649 0.48778 0.91244 0.31399 0.70011 0.77438 0.08496
0.640 0.29849 0.09316 0.23806 0.06572 0.12028 0.14492 0.03937 0.86152 0.48649 0.91428 0.31251 0.70055 0.78018 0.08181
0.650 0.30041 0.09189 0.23856 0.06480 0.11953 0.14587 0.03894 0.86648 0.48527 0.91604 0.31111 0.70096 0.78584 0.07871
0.660 0.30234 0.09062 0.23907 0.06388 0.11878 0.14681 0.03850 0.87136 0.48412 0.91774 0.30980 0.70135 0.79135 0.07568
0.670 0.30427 0.08934 0.23957 0.06297 0.11803 0.14776 0.03806 0.87616 0.48303 0.91936 0.30856 0.70171 0.79672 0.07270
0.680 0.30620 0.08807 0.24008 0.06205 0.11728 0.14870 0.03763 0.88090 0.48202 0.92092 0.30739 0.70205 0.80193 0.06977
0.690 0.30812 0.08679 0.24058 0.06114 0.11653 0.14964 0.03719 0.88556 0.48106 0.92241 0.30630 0.70237 0.80700 0.06691
0.700 0.31005 0.08552 0.24109 0.06022 0.11578 0.15059 0.03675 0.89015 0.48017 0.92383 0.30527 0.70267 0.81192 0.06409
0.710 0.31198 0.08425 0.24159 0.05931 0.11502 0.15153 0.03632 0.89467 0.47934 0.92518 0.30430 0.70295 0.81668 0.06133
0.720 0.31391 0.08297 0.24210 0.05839 0.11427 0.15248 0.03588 0.89913 0.47855 0.92647 0.30340 0.70321 0.82129 0.05863
0.730 0.31583 0.08170 0.24261 0.05747 0.11352 0.15342 0.03544 0.90351 0.47782 0.92769 0.30256 0.70346 0.82574 0.05597
0.740 0.31776 0.08043 0.24311 0.05656 0.11277 0.15437 0.03501 0.90783 0.47714 0.92885 0.30177 0.70369 0.83003 0.05336
0.750 0.31969 0.07915 0.24362 0.05564 0.11202 0.15531 0.03457 0.91209 0.47651 0.92994 0.30103 0.70390 0.83416 0.05081
0.760 0.32161 0.07788 0.24412 0.05473 0.11127 0.15625 0.03413 0.91627 0.47592 0.93098 0.30035 0.70410 0.83812 0.04830
0.770 0.32354 0.07661 0.24463 0.05381 0.11052 0.15720 0.03370 0.92040 0.47538 0.93195 0.29971 0.70428 0.84192 0.04583
0.780 0.32547 0.07533 0.24513 0.05290 0.10977 0.15814 0.03326 0.92446 0.47487 0.93286 0.29912 0.70445 0.84555 0.04342
0.790 0.32740 0.07406 0.24564 0.05198 0.10902 0.15909 0.03282 0.92846 0.47440 0.93372 0.29858 0.70461 0.84902 0.04105
0.800 0.32932 0.07279 0.24614 0.05106 0.10827 0.16003 0.03239 0.93240 0.47397 0.93452 0.29807 0.70475 0.85231 0.03872
0.810 0.33125 0.07151 0.24665 0.05015 0.10752 0.16098 0.03195 0.93628 0.47357 0.93527 0.29761 0.70488 0.85543 0.03643
0.820 0.33318 0.07024 0.24715 0.04923 0.10677 0.16192 0.03151 0.94011 0.47321 0.93596 0.29718 0.70501 0.85837 0.03419
0.830 0.33511 0.06896 0.24766 0.04832 0.10601 0.16287 0.03108 0.94387 0.47287 0.93660 0.29679 0.70512 0.86113 0.03199
0.840 0.33703 0.06769 0.24816 0.04740 0.10526 0.16381 0.03064 0.94758 0.47257 0.93720 0.29644 0.70522 0.86372 0.02983
0.850 0.33896 0.06642 0.24867 0.04649 0.10451 0.16475 0.03020 0.95123 0.47229 0.93774 0.29611 0.70531 0.86614 0.02770
0.860 0.34089 0.06514 0.24917 0.04557 0.10376 0.16570 0.02977 0.95483 0.47204 0.93823 0.29582 0.70540 0.86837 0.02562
0.870 0.34282 0.06387 0.24968 0.04465 0.10301 0.16664 0.02933 0.95837 0.47181 0.93869 0.29555 0.70547 0.87043 0.02357
0.880 0.34474 0.06260 0.25018 0.04374 0.10226 0.16759 0.02889 0.96187 0.47161 0.93909 0.29531 0.70554 0.87231 0.02156
0.890 0.34667 0.06132 0.25069 0.04282 0.10151 0.16853 0.02846 0.96531 0.47143 0.93946 0.29510 0.70560 0.87402 0.01959
0.900 0.34860 0.06005 0.25119 0.04191 0.10076 0.16948 0.02802 0.96869 0.47127 0.93978 0.29491 0.70566 0.87556 0.01765
