w a b c d e f g ta tb tc td te tf tg
0.000 0.27751 0.16033 0.17281 0.08661 0.12348 0.12476 0.05451 0.82940 0.66359 0.74731 0.39036 0.61233 0.47147 0.23693
0.010 0.27504 0.15976 0.17462 0.08733 0.12465 0.12396 0.05464 0.82877 0.66354 0.74736 0.39046 0.61238 0.47141 0.23695
0.020 0.27258 0.15919 0.17644 0.08805 0.12581 0.12316 0.05477 0.82684 0.66338 0.74753 0.39075 0.61256 0.47122 0.23704
0.030 0.27012 0.15863 0.17825 0.08877 0.12698 0.12236 0.05490 0.82360 0.66310 0.74781 0.39126 0.61286 0.47089 0.23717
0.040 0.26765 0.15806 0.18007 0.08949 0.12814 0.12156 0.05503 0.81909 0.66271 0.74822 0.39199 0.61329 0.47043 0.23737
0.050 0.26519 0.15749 0.18188 0.09021 0.12931 0.12076 0.05516 0.81338 0.66220 0.74876 0.39294 0.61386 0.46981 0.23764
0.060 0.26273 0.15693 0.18370 0.09093 0.13047 0.11996 0.05529 0.80658 0.66155 0.74943 0.39414 0.61457 0.46904 0.23797
0.070 0.26026 0.15636 0.18551 0.09165 0.13164 0.11916 0.05542 0.79881 0.66077 0.75024 0.39557 0.61543 0.46811 0.23837
0.080 0.25780 0.15579 0.18732 0.09237 0.13280 0.11836 0.05555 0.79018 0.65985 0.75120 0.39726 0.61644 0.46701 0.23884
0.090 0.25534 0.15522 0.18914 0.09309 0.13396 0.11756 0.05568 0.78083 0.65879 0.75230 0.39921 0.61762 0.46574 0.23939
0.100 0.25287 0.15466 0.19095 0.09382 0.13513 0.11676 0.05581 0.77086 0.65758 0.75356 0.40141 0.61895 0.46428 0.24001
0.110 0.25041 0.15409 0.19277 0.09454 0.13629 0.11596 0.05595 0.76040 0.65623 0.75497 0.40386 0.62045 0.46265 0.24071
0.120 0.24795 0.15352 0.19458 0.09526 0.13746 0.11516 0.05608 0.74953 0.65472 0.75653 0.40658 0.62212 0.46082 0.24150
0.130 0.24548 0.15296 0.19640 0.09598 0.13862 0.11436 0.05621 0.73834 0.65307 0.75826 0.40955 0.62396 0.45880 0.24236
0.140 0.24302 0.15239 0.19821 0.09670 0.13979 0.11356 0.05634 0.72690 0.65127 0.76013 0.41278 0.62598 0.45659 0.24330
0.150 0.24056 0.15182 0.20003 0.09742 0.14095 0.11276 0.05647 0.71527 0.64932 0.76216 0.41624 0.62816 0.45419 0.24433
0.160 0.23809 0.15126 0.20184 0.09814 0.14212 0.11196 0.05660 0.70350 0.64722 0.76435 0.41995 0.63051 0.45158 0.24544
0.170 0.23563 0.15069 0.20366 0.09886 0.14328 0.11116 0.05673 0.69164 0.64498 0.76668 0.42388 0.63303 0.44879 0.24663
0.180 0.23317 0.15012 0.20547 0.09958 0.14444 0.11036 0.05686 0.67971 0.64261 0.76917 0.42804 0.63572 0.44579 0.24789
0.190 0.23070 0.14955 0.20729 0.10030 0.14561 0.10956 0.05699 0.66777 0.64009 0.77179 0.43240 0.63857 0.44261 0.24924
0.200 0.22824 0.14899 0.20910 0.10102 0.14677 0.10876 0.05712 0.65582 0.63745 0.77455 0.43695 0.64157 0.43923 0.25067
0.210 0.22578 0.14842 0.21092 0.10174 0.14794 0.10796 0.05725 0.64389 0.63469 0.77744 0.44168 0.64473 0.43567 0.25216
0.220 0.22331 0.14785 0.21273 0.10246 0.14910 0.10716 0.05738 0.63200 0.63181 0.78045 0.44658 0.64803 0.43192 0.25373
0.230 0.22085 0.14729 0.21455 0.10318 0.15027 0.10636 0.05751 0.62017 0.62883 0.78359 0.45163 0.65146 0.42801 0.25537
0.240 0.21839 0.14672 0.21636 0.10390 0.15143 0.10556 0.05764 0.60841 0.62575 0.78683 0.45681 0.65503 0.42392 0.25707
0.250 0.21592 0.14615 0.21818 0.10462 0.15259 0.10476 0.05777 0.59672 0.62259 0.79017 0.46211 0.65871 0.41966 0.25883
0.260 0.21346 0.14559 0.21999 0.10534 0.15376 0.10396 0.05790 0.58512 0.61934 0.79360 0.46751 0.66251 0.41526 0.26064
0.270 0.21100 0.14502 0.22181 0.10606 0.15492 0.10316 0.05803 0.57361 0.61603 0.79712 0.47300 0.66641 0.41071 0.26250
0.280 0.20853 0.14445 0.22362 0.10678 0.15609 0.10236 0.05816 0.56220 0.61266 0.80071 0.47856 0.67040 0.40602 0.26441
0.290 0.20607 0.14388 0.22543 0.10750 0.15725 0.10156 0.05830 0.55090 0.60924 0.80437 0.48417 0.67448 0.40120 0.26635
0.300 0.20361 0.14332 0.22725 0.10822 0.15842 0.10076 0.05843 0.53970 0.60579 0.80808 0.48982 0.67862 0.39627 0.26833
0.310 0.20114 0.14275 0.22906 0.10894 0.15958 0.09996 0.05856 0.52862 0.60231 0.81185 0.49550 0.68282 0.39122 0.27034
0.320 0.19868 0.14218 0.23088 0.10967 0.16075 0.09916 0.05869 0.51764 0.59881 0.81565 0.50118 0.68708 0.38608 0.27236
0.330 0.19622 0.14162 0.23269 0.11039 0.16191 0.09836 0.05882 0.50678 0.59531 0.81949 0.50686 0.69137 0.38086 0.27440
0.340 0.19375 0.14105 0.23451 0.11111 0.16307 0.09756 0.05895 0.49604 0.59181 0.82335 0.51252 0.69569 0.37555 0.27645
0.350 0.19129 0.14048 0.23632 0.11183 0.16424 0.09676 0.05908 0.48542 0.58833 0.82723 0.51815 0.70003 0.37018 0.27850
0.360 0.18883 0.13991 0.23814 0.11255 0.16540 0.09596 0.05921 0.47491 0.58487 0.83112 0.52374 0.70438 0.36476 0.28054
0.370 0.18636 0.13935 0.23995 0.11327 0.16657 0.09516 0.05934 0.46452 0.58144 0.83502 0.52927 0.70873 0.35929 0.28258
0.380 0.18390 0.13878 0.24177 0.11399 0.16773 0.09436 0.05947 0.45425 0.57805 0.83891 0.53474 0.71306 0.35378 0.28461
0.390 0.18144 0.13821 0.24358 0.11471 0.16890 0.09356 0.05960 0.44409 0.57470 0.84279 0.54014 0.71738 0.34825 0.28662
0.400 0.17897 0.13765 0.24540 0.11543 0.17006 0.09276 0.05973 0.43405 0.57141 0.84665 0.54545 0.72167 0.34271 0.28860
0.410 0.17651 0.13708 0.24721 0.11615 0.17123 0.09196 0.05986 0.42413 0.56818 0.85050 0.55067 0.72593 0.33716 0.29056
0.420 0.17405 0.13651 0.24903 0.11687 0.17239 0.09116 0.05999 0.41432 0.56501 0.85432 0.55580 0.73014 0.33161 0.29248
0.430 0.17158 0.13595 0.25084 0.11759 0.17355 0.09036 0.06012 0.40463 0.56191 0.85812 0.56082 0.73431 0.32608 0.29437
0.440 0.16912 0.13538 0.25266 0.11831 0.17472 0.08956 0.06025 0.39505 0.55889 0.86188 0.56572 0.73841 0.32057 0.29622
0.450 0.16666 0.13481 0.25447 0.11903 0.17588 0.08876 0.06038 0.38558 0.55595 0.86561 0.57052 0.74245 0.31508 0.29803
0.460 0.16419 0.13424 0.25629 0.11975 0.17705 0.08796 0.06051 0.37622 0.55309 0.86930 0.57519 0.74643 0.30964 0.29979
0.470 0.16173 0.13368 0.25810 0.12047 0.17821 0.08716 0.06065 0.36698 0.55031 0.87295 0.57973 0.75033 0.30424 0.30151
0.480 0.15927 0.13311 0.25992 0.12119 0.17938 0.08636 0.06078 0.35784 0.54762 0.87655 0.58415 0.75415 0.29889 0.30317
0.490 0.15680 0.13254 0.26173 0.12191 0.18054 0.08556 0.06091 0.34880 0.54502 0.88011 0.58844 0.75789 0.29360 0.30479
0.500 0.15434 0.13198 0.26355 0.12263 0.18171 0.08476 0.06104 0.33988 0.54251 0.88363 0.59259 0.76154 0.28838 0.30635
0.510 0.15188 0.13141 0.26536 0.12335 0.18287 0.08396 0.06117 0.33106 0.54009 0.88709 0.59661 0.76511 0.28323 0.30786
0.520 0.14941 0.13084 0.26717 0.12407 0.18403 0.08316 0.06130 0.32234 0.53777 0.89051 0.60049 0.76858 0.27815 0.30932
0.530 0.14695 0.13028 0.26899 0.12479 0.18520 0.08236 0.06143 0.31372 0.53553 0.89387 0.60424 0.77195 0.27316 0.31072
0.540 0.14449 0.12971 0.27080 0.12551 0.18636 0.08156 0.06156 0.30520 0.53338 0.89718 0.60785 0.77523 0.26826 0.31207
0.550 0.14202 0.12914 0.27262 0.12624 0.18753 0.08076 0.06169 0.29679 0.53132 0.90045 0.61132 0.77841 0.26345 0.31337
0.560 0.13956 0.12857 0.27443 0.12696 0.18869 0.07996 0.06182 0.28847 0.52936 0.90365 0.61466 0.78148 0.25874 0.31461
0.570 0.13710 0.12801 0.27625 0.12768 0.18986 0.07916 0.06195 0.28024 0.52747 0.90681 0.61786 0.78446 0.25413 0.31580
0.580 0.13463 0.12744 0.27806 0.12840 0.19102 0.07836 0.06208 0.27211 0.52568 0.90991 0.62093 0.78733 0.24962 0.31693
0.590 0.13217 0.12687 0.27988 0.12912 0.19219 0.07756 0.06221 0.26407 0.52397 0.91296 0.62387 0.79010 0.24522 0.31802
0.600 0.12971 0.12631 0.28169 0.12984 0.19335 0.07676 0.06234 0.25613 0.52234 0.91596 0.62667 0.79277 0.24094 0.31905
0.610 0.12724 0.12574 0.28351 0.13056 0.19451 0.07596 0.06247 0.24828 0.52079 0.91890 0.62935 0.79533 0.23677 0.32003
0.620 0.12478 0.12517 0.28532 0.13128 0.19568 0.07516 0.06260 0.24051 0.51933 0.92180 0.63191 0.79779 0.23273 0.32097
0.630 0.12232 0.12460 0.28714 0.13200 0.19684 0.07436 0.06273 0.23284 0.51793 0.92464 0.63434 0.80015 0.22880 0.32185
0.640 0.11985 0.12404 0.28895 0.13272 0.19801 0.07356 0.06286 0.22525 0.51661 0.92743 0.63665 0.80241 0.22499 0.32269
0.650 0.11739 0.12347 0.29077 0.13344 0.19917 0.07276 0.06300 0.21774 0.51537 0.93017 0.63885 0.80457 0.22131 0.32349
0.660 0.11493 0.12290 0.29258 0.13416 0.20034 0.07196 0.06313 0.21032 0.51419 0.93286 0.64093 0.80663 0.21776 0.32424
0.670 0.11246 0.12234 0.29440 0.13488 0.20150 0.07116 0.06326 0.20298 0.51308 0.93550 0.64290 0.80859 0.21433 0.32495
0.680 0.11000 0.12177 0.29621 0.13560 0.20267 0.07036 0.06339 0.19573 0.51203 0.93809 0.64476 0.81046 0.21103 0.32562
0.690 0.10754 0.12120 0.29803 0.13632 0.20383 0.06956 0.06352 0.18855 0.51104 0.94063 0.64652 0.81223 0.20787 0.32625
0.700 0.10507 0.12064 0.29984 0.13704 0.20499 0.06877 0.06365 0.18145 0.51011 0.94313 0.64818 0.81391 0.20483 0.32684
0.710 0.10261 0.12007 0.30166 0.13776 0.20616 0.06797 0.06378 0.17443 0.50924 0.94558 0.64975 0.81550 0.20192 0.32740
0.720 0.10015 0.11950 0.30347 0.13848 0.20732 0.06717 0.06391 0.16749 0.50843 0.94798 0.65122 0.81701 0.19914 0.32792
0.730 0.09768 0.11893 0.30529 0.13920 0.20849 0.06637 0.06404 0.16062 0.50767 0.95034 0.65259 0.81843 0.19649 0.32841
0.740 0.09522 0.11837 0.30710 0.13992 0.20965 0.06557 0.06417 0.15383 0.50695 0.95266 0.65389 0.81976 0.19398 0.32887
0.750 0.09276 0.11780 0.30891 0.14064 0.21082 0.06477 0.06430 0.14711 0.50629 0.95493 0.65509 0.82102 0.19159 0.32929
0.760 0.09029 0.11723 0.31073 0.14136 0.21198 0.06397 0.06443 0.14046 0.50567 0.95716 0.65622 0.82219 0.18932 0.32969
0.770 0.08783 0.11667 0.31254 0.14208 0.21315 0.06317 0.06456 0.13389 0.50509 0.95935 0.65727 0.82329 0.18718 0.33006
0.780 0.08537 0.11610 0.31436 0.14281 0.21431 0.06237 0.06469 0.12738 0.50456 0.96150 0.65825 0.82432 0.18517 0.33041
0.790 0.08290 0.11553 0.31617 0.14353 0.21547 0.06157 0.06482 0.12094 0.50406 0.96360 0.65916 0.82528 0.18328 0.33072
0.800 0.08044 0.11497 0.31799 0.14425 0.21664 0.06077 0.06495 0.11457 0.50360 0.96567 0.66000 0.82617 0.18151 0.33102
0.810 0.07798 0.11440 0.31980 0.14497 0.21780 0.05997 0.06508 0.10827 0.50318 0.96770 0.66077 0.82699 0.17986 0.33129
0.820 0.07551 0.11383 0.32162 0.14569 0.21897 0.05917 0.06521 0.10203 0.50279 0.96969 0.66149 0.82775 0.17832 0.33154
0.830 0.07305 0.11326 0.32343 0.14641 0.22013 0.05837 0.06535 0.09586 0.50244 0.97165 0.66214 0.82845 0.17689 0.33177
0.840 0.07059 0.11270 0.32525 0.14713 0.22130 0.05757 0.06548 0.08975 0.50211 0.97357 0.66274 0.82909 0.17558 0.33197
0.850 0.06812 0.11213 0.32706 0.14785 0.22246 0.05677 0.06561 0.08371 0.50182 0.97545 0.66329 0.82968 0.17437 0.33216
0.860 0.06566 0.11156 0.32888 0.14857 0.22363 0.05597 0.06574 0.07773 0.50155 0.97730 0.66379 0.83021 0.17326 0.33234
0.870 0.06320 0.11100 0.33069 0.14929 0.22479 0.05517 0.06587 0.07181 0.50131 0.97912 0.66424 0.83070 0.17225 0.33249
0.880 0.06073 0.11043 0.33251 0.15001 0.22595 0.05437 0.06600 0.06594 0.50109 0.98091 0.66464 0.83113 0.17134 0.33263
0.890 0.05827 0.10986 0.33432 0.15073 0.22712 0.05357 0.06613 0.06014 0.50090 0.98266 0.66500 0.83152 0.17053 0.33276
0.900 0.05581 0.10930 0.33614 0.15145 0.22828 0.05277 0.06626 0.05440 0.50073 0.98438 0.66532 0.83186 0.16980 0.33287
