x m915a m2400a m915b m2400b
0.010 20.88 10.86 81.34 71.42
0.015 20.88 10.86 75.06 70.36
0.020 20.88 10.86 70.33 67.10
0.025 20.87 10.86 66.58 63.99
0.030 20.87 10.85 63.48 61.23
0.035 20.87 10.85 60.84 58.79
0.040 20.86 10.84 58.54 56.63
0.045 20.86 10.84 56.52 54.69
0.050 20.85 10.83 54.70 52.93
0.055 20.84 10.82 53.05 51.33
0.060 21.48 11.46 51.55 49.86
0.065 22.16 12.14 50.16 48.51
0.070 22.79 12.77 48.88 47.25
0.075 23.38 13.36 47.69 46.07
0.080 23.92 13.90 46.57 44.96
0.085 24.43 14.41 45.52 43.93
0.090 24.91 14.89 44.53 42.94
0.095 25.36 15.34 43.59 42.02
0.100 25.79 15.77 42.70 41.13
0.105 26.19 16.17 41.85 40.29
0.110 26.57 16.55 41.05 39.49
0.115 26.93 16.92 40.27 38.72
0.120 27.28 17.26 39.54 37.99
0.125 27.61 17.59 38.83 37.29
0.130 27.93 17.91 38.15 36.61
0.135 28.23 18.21 37.49 35.96
0.140 28.51 18.50 36.86 35.33
0.145 28.79 18.77 36.25 34.72
0.150 29.06 19.04 35.66 34.13
0.155 29.31 19.29 35.09 33.57
0.160 29.55 19.54 34.54 33.02
0.165 29.79 19.77 34.01 32.48
0.170 30.02 20.00 33.49 31.97
0.175 30.23 20.21 32.99 31.47
0.180 30.44 20.42 32.50 30.98
0.185 30.65 20.63 32.02 30.50
0.190 30.84 20.82 31.56 30.04
0.195 31.03 21.01 31.11 29.59
0.200 31.21 21.19 30.67 29.15
0.205 31.39 21.37 30.24 28.72
0.210 31.56 21.54 29.82 28.31
0.215 31.72 21.70 29.41 27.90
0.220 31.88 21.86 29.01 27.50
0.225 32.03 22.01 28.62 27.11
0.230 32.18 22.16 28.24 26.73
0.235 32.32 22.30 27.87 26.36
0.240 32.46 22.44 27.50 25.99
0.245 32.60 22.58 27.14 25.63
0.250 32.73 22.71 26.79 25.28
0.255 32.85 22.83 26.45 24.94
0.260 32.97 22.95 26.11 24.60
0.265 33.09 23.07 25.78 24.27
0.270 33.20 23.19 25.46 23.95
0.275 33.31 23.30 25.14 23.63
0.280 33.42 23.40 24.82 23.32
0.285 33.53 23.51 24.52 23.01
0.290 33.63 23.61 24.22 22.71
0.295 33.72 23.70 23.92 22.41
0.300 33.82 23.80 23.63 22.12
0.305 33.91 23.89 23.34 21.83
0.310 33.99 23.98 23.06 21.55
0.315 34.08 24.06 22.78 21.27
0.320 34.16 24.14 22.51 21.00
0.325 34.24 24.22 22.24 20.73
0.330 34.32 24.30 21.97 20.46
0.335 34.39 24.37 21.71 20.20
0.340 34.47 24.45 21.45 19.95
0.345 34.54 24.52 21.20 19.69
0.350 34.60 24.58 20.95 19.44
0.355 34.67 24.65 20.70 19.20
0.360 34.73 24.71 20.46 18.95
0.365 34.79 24.77 20.22 18.71
0.370 34.85 24.83 19.98 18.48
0.375 34.91 24.89 19.75 18.25
0.380 34.96 24.94 19.52 18.02
0.385 35.02 25.00 19.29 17.79
0.390 35.07 25.05 19.07 17.56
0.395 35.12 25.10 18.85 17.34
0.400 35.17 25.15 18.63 17.13
0.405 35.21 25.19 18.41 16.91
0.410 35.26 25.24 18.20 16.70
0.415 35.30 25.28 17.99 16.49
0.420 35.34 25.32 17.78 16.28
0.425 35.38 25.36 17.58 16.07
0.430 35.42 25.40 17.37 15.87
0.435 35.45 25.43 17.17 15.67
0.440 35.49 25.47 16.97 15.47
0.445 35.52 25.50 16.78 15.27
0.450 35.55 25.54 16.58 15.08
0.455 35.59 25.57 16.39 14.89
0.460 35.62 25.60 16.20 14.70
0.465 35.64 25.62 16.01 14.51
0.470 35.67 25.65 15.83 14.33
0.475 35.70 25.68 15.64 14.14
0.480 35.72 25.70 15.46 13.96
0.485 35.75 25.73 15.28 13.78
0.490 35.77 25.75 15.10 13.60
0.495 35.79 25.77 14.93 13.43
0.500 35.81 25.79 14.75 13.25
0.505 35.83 25.81 14.58 13.08
0.510 35.85 25.83 14.41 12.91
0.515 35.87 25.85 14.24 12.74
0.520 35.88 25.86 14.07 12.57
0.525 35.90 25.88 13.91 12.40
0.530 35.91 25.89 13.74 12.24
0.535 35.93 25.91 13.58 12.08
0.540 35.94 25.92 13.42 11.91
0.545 35.95 25.93 13.26 11.75
0.550 35.96 25.94 13.10 11.60
0.555 35.97 25.95 12.94 11.44
0.560 35.98 25.96 12.78 11.28
0.565 35.99 25.97 12.63 11.13
0.570 36.00 25.98 12.48 10.98
0.575 36.01 25.99 12.33 10.82
0.580 36.01 25.99 12.18 10.67
0.585 36.02 26.00 12.03 10.52
0.590 36.02 26.00 11.88 10.38
0.595 36.03 26.01 11.73 10.23
0.600 36.03 26.01 11.59 10.08
0.605 36.04 26.02 11.44 9.94
0.610 36.04 26.02 11.30 9.80
0.615 36.04 26.02 11.16 9.66
0.620 36.04 26.02 11.02 9.51
0.625 36.04 26.02 10.88 9.38
0.630 36.04 26.02 10.74 9.24
0.635 36.04 26.02 10.60 9.10
0.640 36.04 26.02 10.47 8.96
0.645 36.04 26.02 10.33 8.83
0.650 36.04 26.02 10.20 8.69
0.655 36.04 26.02 10.06 8.56
0.660 36.03 26.01 9.93 8.43
0.665 36.03 26.01 9.80 8.30
0.670 36.02 26.01 9.67 8.17
0.675 36.02 26.00 9.54 8.04
0.680 36.02 26.00 9.41 7.91
0.685 36.01 25.99 9.28 7.78
0.690 36.00 25.99 9.16 7.66
0.695 36.00 25.98 9.03 7.53
0.700 35.99 25.97 8.91 7.41
0.705 35.99 25.97 8.78 7.28
0.710 35.98 25.96 8.66 7.16
0.715 35.97 25.95 8.54 7.04
0.720 35.96 25.94 8.42 6.92
0.725 35.95 25.93 8.30 6.80
0.730 35.95 25.93 8.18 6.68
0.735 35.94 25.92 8.06 6.56
0.740 35.93 25.91 7.94 6.44
0.745 35.92 25.90 7.83 6.33
0.750 35.91 25.89 7.71 6.21
0.755 35.90 25.88 7.59 6.09
0.760 35.89 25.87 7.48 5.98
0.765 35.87 25.86 7.37 5.86
0.770 35.86 25.84 7.25 5.75
0.775 35.85 25.83 7.14 5.64
0.780 35.84 25.82 7.03 5.53
0.785 35.83 25.81 6.92 5.42
0.790 35.82 25.80 6.81 5.31
0.795 35.80 25.78 6.70 5.20
0.800 35.79 25.77 6.59 5.09
0.805 35.78 25.76 6.48 4.98
0.810 35.76 25.74 6.37 4.87
0.815 35.75 25.73 6.27 4.77
0.820 35.74 25.72 6.16 4.66
0.825 35.72 25.70 6.05 4.55
0.830 35.71 25.69 5.95 4.45
0.835 35.69 25.67 5.85 4.34
0.840 35.68 25.66 5.74 4.24
0.845 35.66 25.64 5.64 4.14
0.850 35.65 25.63 5.54 4.03
0.855 35.63 25.61 5.43 3.93
0.860 35.62 25.60 5.33 3.83
0.865 35.60 25.58 5.23 3.73
0.870 35.59 25.57 5.13 3.63
0.875 35.57 25.55 5.03 3.53
0.880 35.55 25.54 4.93 3.43
0.885 35.54 25.52 4.83 3.33
0.890 35.52 25.50 4.74 3.24
0.895 35.51 25.49 4.64 3.14
0.900 35.49 25.47 4.54 3.04
0.905 35.47 25.45 4.45 2.95
0.910 35.45 25.44 4.35 2.85
0.915 35.44 25.42 4.26 2.75
0.920 35.42 25.40 4.16 2.66
0.925 35.40 25.38 4.07 2.57
0.930 35.39 25.37 3.97 2.47
0.935 35.37 25.35 3.88 2.38
0.940 35.35 25.33 3.79 2.29
0.945 35.33 25.31 3.70 2.19
0.950 35.31 25.29 3.60 2.10
0.955 35.30 25.28 3.51 2.01
0.960 35.28 25.26 3.42 1.92
0.965 35.26 25.24 3.33 1.83
0.970 35.24 25.22 3.24 1.74
0.975 35.22 25.20 3.15 1.65
0.980 35.20 25.18 3.06 1.56
0.985 35.18 25.17 2.98 1.47
0.990 35.17 25.15 2.89 1.39
0.995 35.15 25.13 2.80 1.30
1.000 35.13 25.11 2.71 1.21
1.005 35.11 25.09 2.63 1.13
1.010 35.09 25.07 2.54 1.04
1.015 35.07 25.05 2.45 0.95
1.020 35.05 25.03 2.37 0.87
1.025 35.03 25.01 2.28 0.78
1.030 35.01 24.99 2.20 0.70
1.035 34.99 24.97 2.11 0.61
1.040 34.97 24.95 2.03 0.53
1.045 34.95 24.93 1.95 0.45
1.050 34.93 24.91 1.86 0.36
1.055 34.91 24.89 1.78 0.28
1.060 34.89 24.87 1.70 0.20
1.065 34.87 24.85 1.62 0.12
1.070 34.85 24.83 1.54 0.04
1.075 34.83 24.81 1.46 -0.04
1.080 34.81 24.79 1.38 -0.12
1.085 34.79 24.77 1.30 -0.21
1.090 34.77 24.75 1.22 -0.29
1.095 34.75 24.73 1.14 -0.36
1.100 34.73 24.71 1.06 -0.44
1.105 34.71 24.69 0.98 -0.52
1.110 34.69 24.67 0.90 -0.60
1.115 34.67 24.65 0.82 -0.68
1.120 34.65 24.63 0.74 -0.76
1.125 34.63 24.61 0.67 -0.83
1.130 34.61 24.59 0.59 -0.91
1.135 34.59 24.57 0.51 -0.99
1.140 34.57 24.55 0.44 -1.06
1.145 34.55 24.53 0.36 -1.14
1.150 34.53 24.51 0.28 -1.22
1.155 34.51 24.49 0.21 -1.29
1.160 34.49 24.47 0.13 -1.37
1.165 34.47 24.45 0.06 -1.44
1.170 34.45 24.43 -0.01 -1.52
1.175 34.43 24.41 -0.09 -1.59
1.180 34.41 24.39 -0.16 -1.66
1.185 34.38 24.37 -0.24 -1.74
1.190 34.36 24.34 -0.31 -1.81
1.195 34.34 24.32 -0.38 -1.88
1.200 34.32 24.30 -0.45 -1.96
1.205 34.30 24.28 -0.53 -2.03
1.210 34.28 24.26 -0.60 -2.10
1.215 34.26 24.24 -0.67 -2.17
1.220 34.24 24.22 -0.74 -2.24
1.225 34.22 24.20 -0.81 -2.31
1.230 34.20 24.18 -0.88 -2.38
1.235 34.18 24.16 -0.95 -2.45
1.240 34.16 24.14 -1.02 -2.52
1.245 34.13 24.12 -1.09 -2.59
1.250 34.11 24.09 -1.16 -2.66
1.255 34.09 24.07 -1.23 -2.73
1.260 34.07 24.05 -1.30 -2.80
1.265 34.05 24.03 -1.37 -2.87
1.270 34.03 24.01 -1.44 -2.94
1.275 34.01 23.99 -1.51 -3.01
1.280 33.99 23.97 -1.58 -3.08
1.285 33.97 23.95 -1.64 -3.14
1.290 33.95 23.93 -1.71 -3.21
1.295 33.93 23.91 -1.78 -3.28
1.300 33.90 23.88 -1.85 -3.35
1.305 33.88 23.86 -1.91 -3.41
1.310 33.86 23.84 -1.98 -3.48
1.315 33.84 23.82 -2.04 -3.54
1.320 33.82 23.80 -2.11 -3.61
1.325 33.80 23.78 -2.18 -3.68
1.330 33.78 23.76 -2.24 -3.74
1.335 33.76 23.74 -2.31 -3.81
1.340 33.74 23.72 -2.37 -3.87
1.345 33.72 23.70 -2.44 -3.94
1.350 33.70 23.68 -2.50 -4.00
1.355 33.67 23.66 -2.56 -4.07
1.360 33.65 23.63 -2.63 -4.13
1.365 33.63 23.61 -2.69 -4.19
1.370 33.61 23.59 -2.76 -4.26
1.375 33.59 23.57 -2.82 -4.32
1.380 33.57 23.55 -2.88 -4.38
1.385 33.55 23.53 -2.95 -4.45
1.390 33.53 23.51 -3.01 -4.51
1.395 33.51 23.49 -3.07 -4.57
1.400 33.49 23.47 -3.13 -4.63
1.405 33.47 23.45 -3.19 -4.69
1.410 33.45 23.43 -3.26 -4.76
1.415 33.42 23.41 -3.32 -4.82
1.420 33.40 23.38 -3.38 -4.88
1.425 33.38 23.36 -3.44 -4.94
1.430 33.36 23.34 -3.50 -5.00
1.435 33.34 23.32 -3.56 -5.06
1.440 33.32 23.30 -3.62 -5.12
1.445 33.30 23.28 -3.68 -5.18
1.450 33.28 23.26 -3.74 -5.24
1.455 33.26 23.24 -3.80 -5.30
1.460 33.24 23.22 -3.86 -5.36
1.465 33.22 23.20 -3.92 -5.42
1.470 33.20 23.18 -3.98 -5.48
1.475 33.18 23.16 -4.04 -5.54
1.480 33.16 23.14 -4.10 -5.60
1.485 33.14 23.12 -4.16 -5.66
1.490 33.12 23.10 -4.21 -5.72
1.495 33.10 23.08 -4.27 -5.77
1.500 33.07 23.06 -4.33 -5.83
1.505 33.05 23.03 -4.39 -5.89
1.510 33.03 23.01 -4.45 -5.95
1.515 33.01 22.99 -4.50 -6.00
1.520 32.99 22.97 -4.56 -6.06
1.525 32.97 22.95 -4.62 -6.12
1.530 32.95 22.93 -4.68 -6.18
1.535 32.93 22.91 -4.73 -6.23
1.540 32.91 22.89 -4.79 -6.29
1.545 32.89 22.87 -4.84 -6.34
1.550 32.87 22.85 -4.90 -6.40
1.555 32.85 22.83 -4.96 -6.46
1.560 32.83 22.81 -5.01 -6.51
1.565 32.81 22.79 -5.07 -6.57
1.570 32.79 22.77 -5.12 -6.62
1.575 32.77 22.75 -5.18 -6.68
1.580 32.75 22.73 -5.23 -6.73
1.585 32.73 22.71 -5.29 -6.79
1.590 32.71 22.69 -5.34 -6.84
1.595 32.69 22.67 -5.40 -6.90
1.600 32.67 22.65 -5.45 -6.95
1.605 32.65 22.63 -5.51 -7.01
1.610 32.63 22.61 -5.56 -7.06
1.615 32.61 22.59 -5.61 -7.11
1.620 32.59 22.57 -5.67 -7.17
1.625 32.57 22.55 -5.72 -7.22
1.630 32.55 22.53 -5.77 -7.28
1.635 32.53 22.51 -5.83 -7.33
1.640 32.51 22.49 -5.88 -7.38
1.645 32.49 22.47 -5.93 -7.43
1.650 32.47 22.45 -5.99 -7.49
1.655 32.45 22.43 -6.04 -7.54
1.660 32.43 22.41 -6.09 -7.59
1.665 32.41 22.39 -6.14 -7.64
1.670 32.39 22.37 -6.20 -7.70
1.675 32.37 22.35 -6.25 -7.75
1.680 32.35 22.33 -6.30 -7.80
1.685 32.33 22.31 -6.35 -7.85
1.690 32.31 22.29 -6.40 -7.90
1.695 32.29 22.27 -6.45 -7.95
1.700 32.27 22.26 -6.51 -8.01
1.705 32.26 22.24 -6.56 -8.06
1.710 32.24 22.22 -6.61 -8.11
1.715 32.22 22.20 -6.66 -8.16
1.720 32.20 22.18 -6.71 -8.21
1.725 32.18 22.16 -6.76 -8.26
1.730 32.16 22.14 -6.81 -8.31
1.735 32.14 22.12 -6.86 -8.36
1.740 32.12 22.10 -6.91 -8.41
1.745 32.10 22.08 -6.96 -8.46
1.750 32.08 22.06 -7.01 -8.51
1.755 32.06 22.04 -7.06 -8.56
1.760 32.04 22.02 -7.11 -8.61
1.765 32.02 22.00 -7.16 -8.66
1.770 32.00 21.98 -7.21 -8.71
1.775 31.98 21.97 -7.26 -8.76
1.780 31.97 21.95 -7.30 -8.80
1.785 31.95 21.93 -7.35 -8.85
1.790 31.93 21.91 -7.40 -8.90
1.795 31.91 21.89 -7.45 -8.95
1.800 31.89 21.87 -7.50 -9.00
1.805 31.87 21.85 -7.55 -9.05
1.810 31.85 21.83 -7.59 -9.09
1.815 31.83 21.81 -7.64 -9.14
1.820 31.81 21.79 -7.69 -9.19
1.825 31.80 21.78 -7.74 -9.24
1.830 31.78 21.76 -7.79 -9.29
1.835 31.76 21.74 -7.83 -9.33
1.840 31.74 21.72 -7.88 -9.38
1.845 31.72 21.70 -7.93 -9.43
1.850 31.70 21.68 -7.97 -9.47
1.855 31.68 21.66 -8.02 -9.52
1.860 31.66 21.64 -8.07 -9.57
1.865 31.65 21.63 -8.11 -9.61
1.870 31.63 21.61 -8.16 -9.66
1.875 31.61 21.59 -8.21 -9.71
1.880 31.59 21.57 -8.25 -9.75
1.885 31.57 21.55 -8.30 -9.80
1.890 31.55 21.53 -8.35 -9.85
1.895 31.53 21.51 -8.39 -9.89
1.900 31.52 21.50 -8.44 -9.94
1.905 31.50 21.48 -8.48 -9.98
1.910 31.48 21.46 -8.53 -10.03
1.915 31.46 21.44 -8.57 -10.07
1.920 31.44 21.42 -8.62 -10.12
1.925 31.42 21.40 -8.66 -10.16
1.930 31.41 21.39 -8.71 -10.21
1.935 31.39 21.37 -8.75 -10.25
1.940 31.37 21.35 -8.80 -10.30
1.945 31.35 21.33 -8.84 -10.34
1.950 31.33 21.31 -8.89 -10.39
1.955 31.31 21.29 -8.93 -10.43
1.960 31.30 21.28 -8.98 -10.48
1.965 31.28 21.26 -9.02 -10.52
1.970 31.26 21.24 -9.07 -10.57
1.975 31.24 21.22 -9.11 -10.61
1.980 31.22 21.20 -9.15 -10.65
1.985 31.21 21.19 -9.20 -10.70
1.990 31.19 21.17 -9.24 -10.74
1.995 31.17 21.15 -9.29 -10.79
2.000 31.15 21.13 -9.33 -10.83
2.005 31.13 21.11 -9.37 -10.87
2.010 31.12 21.10 -9.42 -10.92
2.015 31.10 21.08 -9.46 -10.96
2.020 31.08 21.06 -9.50 -11.00
2.025 31.06 21.04 -9.54 -11.04
2.030 31.05 21.03 -9.59 -11.09
2.035 31.03 21.01 -9.63 -11.13
2.040 31.01 20.99 -9.67 -11.17
2.045 30.99 20.97 -9.72 -11.22
2.050 30.97 20.96 -9.76 -11.26
2.055 30.96 20.94 -9.80 -11.30
2.060 30.94 20.92 -9.84 -11.34
2.065 30.92 20.90 -9.88 -11.38
2.070 30.90 20.89 -9.93 -11.43
2.075 30.89 20.87 -9.97 -11.47
2.080 30.87 20.85 -10.01 -11.51
2.085 30.85 20.83 -10.05 -11.55
2.090 30.83 20.82 -10.09 -11.59
2.095 30.82 20.80 -10.13 -11.63
2.100 30.80 20.78 -10.18 -11.68
2.105 30.78 20.76 -10.22 -11.72
2.110 30.77 20.75 -10.26 -11.76
2.115 30.75 20.73 -10.30 -11.80
2.120 30.73 20.71 -10.34 -11.84
2.125 30.71 20.69 -10.38 -11.88
2.130 30.70 20.68 -10.42 -11.92
2.135 30.68 20.66 -10.46 -11.96
2.140 30.66 20.64 -10.50 -12.00
2.145 30.64 20.63 -10.54 -12.04
2.150 30.63 20.61 -10.58 -12.09
2.155 30.61 20.59 -10.63 -12.13
2.160 30.59 20.57 -10.67 -12.17
2.165 30.58 20.56 -10.71 -12.21
2.170 30.56 20.54 -10.75 -12.25
2.175 30.54 20.52 -10.79 -12.29
2.180 30.53 20.51 -10.83 -12.33
2.185 30.51 20.49 -10.87 -12.37
2.190 30.49 20.47 -10.91 -12.41
2.195 30.48 20.46 -10.94 -12.44
2.200 30.46 20.44 -10.98 -12.48
2.205 30.44 20.42 -11.02 -12.52
2.210 30.42 20.41 -11.06 -12.56
2.215 30.41 20.39 -11.10 -12.60
2.220 30.39 20.37 -11.14 -12.64
2.225 30.37 20.35 -11.18 -12.68
2.230 30.36 20.34 -11.22 -12.72
2.235 30.34 20.32 -11.26 -12.76
2.240 30.32 20.31 -11.30 -12.80
2.245 30.31 20.29 -11.34 -12.84
2.250 30.29 20.27 -11.37 -12.87
2.255 30.27 20.26 -11.41 -12.91
2.260 30.26 20.24 -11.45 -12.95
2.265 30.24 20.22 -11.49 -12.99
2.270 30.23 20.21 -11.53 -13.03
2.275 30.21 20.19 -11.57 -13.07
2.280 30.19 20.17 -11.60 -13.10
2.285 30.18 20.16 -11.64 -13.14
2.290 30.16 20.14 -11.68 -13.18
2.295 30.14 20.12 -11.72 -13.22
2.300 30.13 20.11 -11.76 -13.26
2.305 30.11 20.09 -11.79 -13.29
2.310 30.09 20.07 -11.83 -13.33
2.315 30.08 20.06 -11.87 -13.37
2.320 30.06 20.04 -11.91 -13.41
2.325 30.05 20.03 -11.94 -13.44
2.330 30.03 20.01 -11.98 -13.48
2.335 30.01 19.99 -12.02 -13.52
2.340 30.00 19.98 -12.06 -13.56
2.345 29.98 19.96 -12.09 -13.59
2.350 29.96 19.95 -12.13 -13.63
2.355 29.95 19.93 -12.17 -13.67
2.360 29.93 19.91 -12.20 -13.70
2.365 29.92 19.90 -12.24 -13.74
2.370 29.90 19.88 -12.28 -13.78
2.375 29.88 19.87 -12.31 -13.81
2.380 29.87 19.85 -12.35 -13.85
2.385 29.85 19.83 -12.39 -13.89
2.390 29.84 19.82 -12.42 -13.92
2.395 29.82 19.80 -12.46 -13.96
2.400 29.81 19.79 -12.50 -14.00
2.405 29.79 19.77 -12.53 -14.03
2.410 29.77 19.75 -12.57 -14.07
2.415 29.76 19.74 -12.60 -14.10
2.420 29.74 19.72 -12.64 -14.14
2.425 29.73 19.71 -12.68 -14.18
2.430 29.71 19.69 -12.71 -14.21
2.435 29.70 19.68 -12.75 -14.25
2.440 29.68 19.66 -12.78 -14.28
2.445 29.66 19.64 -12.82 -14.32
2.450 29.65 19.63 -12.85 -14.35
2.455 29.63 19.61 -12.89 -14.39
2.460 29.62 19.60 -12.92 -14.42
2.465 29.60 19.58 -12.96 -14.46
2.470 29.59 19.57 -13.00 -14.50
2.475 29.57 19.55 -13.03 -14.53
2.480 29.56 19.54 -13.07 -14.57
2.485 29.54 19.52 -13.10 -14.60
2.490 29.52 19.51 -13.14 -14.64
2.495 29.51 19.49 -13.17 -14.67
2.500 29.49 19.47 -13.20 -14.71
