t h zb hk v vk eh ev
0.00 0.00 -0.08 -0.08 0.000 0.001 -0.075 0.001
0.10 0.00 -0.46 -0.22 0.000 -0.012 -0.215 -0.012
0.20 0.00 -0.02 -0.16 0.000 0.008 -0.162 0.008
0.30 0.00 -0.06 -0.08 0.000 0.110 -0.082 0.110
0.40 0.00 0.16 -0.01 0.000 0.227 -0.007 0.227
0.50 0.00 -0.29 -0.10 0.000 -0.008 -0.105 -0.008
0.60 0.00 -0.53 -0.14 0.000 -0.061 -0.135 -0.061
0.70 0.00 0.16 -0.10 0.000 0.024 -0.097 0.024
0.80 0.00 -0.29 -0.03 0.000 0.133 -0.029 0.133
0.90 0.00 -0.59 -0.05 0.000 0.077 -0.055 0.077
1.00 0.00 0.23 -0.04 0.000 0.099 -0.035 0.099
1.10 0.00 -0.17 -0.03 0.000 0.094 -0.033 0.094
1.20 0.00 0.60 0.02 0.000 0.149 0.016 0.149
1.30 0.00 -0.01 0.00 0.000 0.122 0.003 0.122
1.40 0.00 0.33 0.04 0.000 0.151 0.041 0.151
1.50 0.00 0.40 0.05 0.000 0.148 0.048 0.148
1.60 0.00 0.00 0.04 0.000 0.126 0.039 0.126
1.70 0.00 -0.33 0.01 0.000 0.090 0.011 0.090
1.80 0.00 -0.11 -0.04 0.000 0.039 -0.036 0.039
1.90 0.00 -0.22 -0.02 0.000 0.051 -0.022 0.051
2.00 0.00 0.03 -0.02 0.000 0.054 -0.019 0.054
2.10 0.00 -0.45 -0.02 0.000 0.048 -0.025 0.048
2.20 0.00 -0.02 -0.03 0.000 0.041 -0.034 0.041
2.30 0.00 0.06 -0.03 0.000 0.045 -0.033 0.045
2.40 0.00 -0.28 -0.04 0.000 0.045 -0.036 0.045
2.50 0.00 -0.27 -0.04 0.000 0.038 -0.045 0.038
2.60 0.00 -0.61 -0.05 0.000 0.034 -0.051 0.034
2.70 0.00 -0.09 -0.06 0.000 0.027 -0.062 0.027
2.80 0.00 0.28 -0.03 0.000 0.058 -0.030 0.058
2.90 0.00 -0.46 -0.06 0.000 0.032 -0.058 0.032
3.00 0.00 -0.51 -0.06 0.000 0.031 -0.060 0.031
3.10 0.00 0.24 -0.06 0.000 0.033 -0.058 0.033
3.20 0.00 0.10 -0.06 0.000 0.031 -0.063 0.031
3.30 0.00 0.69 -0.02 0.000 0.071 -0.020 0.071
3.40 0.00 0.36 0.01 0.000 0.100 0.011 0.100
3.50 0.00 0.68 0.03 0.000 0.112 0.028 0.112
3.60 0.00 0.15 0.04 0.000 0.112 0.035 0.112
3.70 0.00 0.01 0.07 0.000 0.139 0.069 0.139
3.80 0.00 0.18 0.06 0.000 0.121 0.057 0.121
3.90 0.00 0.22 0.05 0.000 0.112 0.054 0.112
4.00 0.00 -0.19 0.02 0.000 0.076 0.018 0.076
4.10 0.00 -0.09 0.01 0.000 0.069 0.009 0.069
4.20 0.00 0.11 0.01 0.000 0.074 0.013 0.074
4.30 0.00 0.49 0.02 0.000 0.078 0.023 0.078
4.40 0.00 -0.11 -0.00 0.000 0.055 -0.001 0.055
4.50 0.00 -0.10 0.00 0.000 0.055 0.000 0.055
4.60 0.00 -0.15 0.01 0.000 0.061 0.008 0.061
4.70 0.00 0.17 0.03 0.000 0.075 0.027 0.075
4.80 0.00 -0.02 0.02 0.000 0.073 0.023 0.073
4.90 0.00 0.08 0.04 0.000 0.093 0.044 0.093
5.00 0.03 0.12 0.07 1.600 1.719 0.040 0.119
5.10 0.67 0.93 0.68 9.600 9.846 0.009 0.246
5.20 2.11 2.04 2.11 17.600 18.145 -0.004 0.545
5.30 4.35 5.20 4.43 25.600 26.440 0.082 0.840
5.40 7.39 8.13 7.64 33.600 34.663 0.248 1.063
5.50 11.23 12.61 11.72 41.600 43.166 0.492 1.566
5.60 15.87 17.10 16.64 49.600 51.910 0.772 2.310
5.70 21.31 23.48 22.54 57.600 60.880 1.225 3.280
5.80 27.55 29.60 29.33 65.600 69.866 1.782 4.266
5.90 34.59 37.68 37.01 73.600 78.568 2.420 4.968
6.00 42.43 45.67 45.44 81.600 87.018 3.010 5.418
6.10 51.07 54.78 54.75 89.600 95.606 3.673 6.006
6.20 60.51 64.96 64.92 97.600 103.921 4.404 6.321
6.30 70.75 76.63 76.01 105.600 112.792 5.257 7.192
6.40 81.79 88.72 87.99 113.600 121.453 6.195 7.853
6.50 93.63 101.52 100.82 121.600 130.322 7.185 8.722
6.60 106.23 115.09 114.37 127.632 136.704 8.142 9.072
6.70 118.89 127.13 127.82 125.804 134.502 8.939 8.698
6.80 131.36 139.35 140.48 124.000 130.891 9.126 6.891
6.90 143.65 150.96 153.15 122.220 128.322 9.503 6.102
7.00 155.77 163.13 165.90 120.463 126.567 10.131 6.104
7.10 167.71 174.69 178.47 118.727 124.839 10.759 6.111
7.20 179.48 186.24 190.87 117.014 123.131 11.388 6.117
7.30 191.08 197.90 203.10 115.321 121.440 12.016 6.118
7.40 202.51 208.57 215.16 113.649 119.772 12.645 6.123
7.50 213.78 220.01 227.05 111.997 118.125 13.274 6.128
7.60 224.88 230.67 238.78 110.364 116.499 13.904 6.134
7.70 235.82 242.16 250.35 108.750 114.891 14.534 6.141
7.80 246.60 251.61 261.76 107.155 113.304 15.164 6.149
7.90 257.22 263.05 262.94 105.577 111.666 5.719 6.088
8.00 267.68 273.76 273.76 104.017 109.549 6.083 5.532
8.10 277.99 283.14 283.98 102.474 105.832 5.994 3.358
8.20 288.15 293.37 293.83 100.948 102.261 5.681 1.313
8.30 298.15 302.91 303.53 99.438 99.521 5.382 0.084
8.40 308.00 312.77 313.16 97.943 97.437 5.158 -0.506
8.50 317.71 322.40 322.62 96.464 95.531 4.915 -0.933
8.60 327.27 331.44 332.05 95.000 93.957 4.778 -1.043
8.70 336.68 341.53 341.36 93.550 92.504 4.684 -1.046
8.80 345.95 349.92 350.44 92.115 90.911 4.487 -1.204
8.90 355.08 359.32 359.42 90.693 89.440 4.342 -1.253
9.00 364.06 368.15 368.29 89.285 88.040 4.234 -1.246
9.10 372.90 376.70 376.96 87.891 86.565 4.053 -1.325
9.20 381.61 385.11 385.54 86.509 85.184 3.931 -1.324
9.30 390.18 393.90 394.01 85.139 83.837 3.827 -1.302
9.40 398.61 402.65 402.26 83.782 82.427 3.651 -1.355
9.50 406.91 410.32 410.45 82.437 81.098 3.541 -1.339
9.60 415.07 418.09 418.42 81.104 79.698 3.345 -1.406
9.70 423.10 425.93 426.31 79.781 78.373 3.203 -1.408
9.80 431.00 434.05 434.11 78.470 77.093 3.105 -1.378
9.90 438.77 441.25 441.70 77.170 75.750 2.931 -1.420
10.00 446.41 448.81 449.24 75.880 74.487 2.825 -1.393
10.10 453.92 456.60 456.64 74.601 73.225 2.717 -1.375
10.20 461.31 463.83 463.91 73.331 71.967 2.599 -1.364
10.30 468.56 470.43 471.07 72.072 70.737 2.505 -1.335
10.40 475.70 478.06 478.10 70.822 69.504 2.401 -1.318
10.50 482.70 484.98 485.02 69.581 68.298 2.316 -1.283
10.60 489.59 491.16 491.77 68.349 67.054 2.183 -1.295
10.70 496.35 498.94 498.45 67.126 65.871 2.100 -1.256
10.80 502.99 504.62 505.01 65.912 64.695 2.025 -1.217
10.90 509.51 512.19 511.49 64.706 63.557 1.987 -1.149
11.00 515.91 518.10 517.82 63.508 62.387 1.910 -1.121
11.10 522.19 524.71 524.01 62.319 61.217 1.828 -1.101
11.20 528.35 530.27 530.09 61.137 60.058 1.747 -1.079
11.30 534.39 536.20 536.08 59.963 58.928 1.693 -1.035
11.40 540.32 541.67 541.90 58.796 57.749 1.580 -1.047
11.50 546.13 548.08 547.65 57.636 56.630 1.529 -1.006
11.60 551.82 553.39 553.29 56.484 55.507 1.467 -0.977
11.70 557.40 559.24 558.84 55.338 54.420 1.439 -0.918
11.80 562.87 564.52 564.29 54.199 53.346 1.423 -0.852
11.90 568.22 569.61 569.58 53.066 52.224 1.359 -0.842
12.00 573.46 574.31 574.74 51.940 51.093 1.279 -0.846
12.10 578.58 579.56 579.83 50.820 50.008 1.242 -0.812
12.20 583.60 584.91 584.81 49.706 48.929 1.209 -0.776
12.30 588.50 589.73 589.69 48.597 47.864 1.185 -0.733
12.40 593.30 594.23 594.45 47.495 46.793 1.156 -0.702
12.50 597.98 599.36 599.08 46.397 45.704 1.098 -0.693
12.60 602.55 603.50 603.59 45.306 44.614 1.037 -0.692
12.70 607.02 608.18 607.98 44.219 43.522 0.965 -0.697
12.80 611.38 612.46 612.31 43.138 42.467 0.930 -0.670
12.90 615.62 616.43 616.48 42.061 41.375 0.854 -0.686
13.00 619.77 619.99 620.55 40.989 40.292 0.780 -0.697
13.10 623.80 624.55 624.55 39.922 39.257 0.752 -0.665
13.20 627.73 628.73 628.46 38.859 38.229 0.730 -0.630
13.30 631.55 631.88 632.18 37.801 37.128 0.624 -0.673
13.40 635.27 635.77 635.86 36.747 36.101 0.592 -0.645
13.50 638.88 640.30 639.47 35.697 35.105 0.591 -0.591
13.60 642.39 643.23 642.97 34.650 34.097 0.578 -0.553
13.70 645.79 646.50 646.38 33.608 33.109 0.591 -0.499
13.80 649.09 649.88 649.64 32.570 32.080 0.554 -0.490
13.90 652.28 652.58 652.79 31.534 31.035 0.502 -0.499
14.00 655.37 655.90 655.83 30.503 30.002 0.453 -0.500
14.10 658.36 658.99 658.81 29.475 29.010 0.450 -0.465
14.20 661.25 662.04 661.67 28.449 28.001 0.425 -0.448
14.30 664.03 665.19 664.49 27.427 27.046 0.461 -0.381
14.40 666.71 667.41 667.16 26.408 26.038 0.442 -0.371
14.50 669.29 668.89 669.66 25.392 24.977 0.362 -0.415
14.60 671.77 671.98 672.09 24.379 23.954 0.313 -0.424
14.70 674.15 674.37 674.42 23.368 22.939 0.267 -0.429
14.80 676.43 676.74 676.67 22.359 21.941 0.241 -0.418
14.90 678.60 679.04 678.88 21.353 20.997 0.276 -0.356
15.00 680.68 681.05 680.94 20.350 20.011 0.263 -0.338
15.10 682.65 683.02 682.92 19.348 19.041 0.268 -0.306
15.20 684.53 684.84 684.78 18.348 18.060 0.257 -0.289
15.30 686.30 686.46 686.51 17.351 17.041 0.209 -0.310
15.40 687.98 687.79 688.17 16.355 16.054 0.192 -0.301
15.50 689.55 689.49 689.69 15.361 15.032 0.133 -0.329
15.60 691.03 690.92 691.05 14.368 13.967 0.020 -0.402
15.70 692.41 692.31 692.44 13.378 13.014 0.030 -0.364
15.80 693.68 694.01 693.67 12.388 12.018 -0.010 -0.370
15.90 694.86 694.68 694.85 11.400 11.052 -0.013 -0.348
16.00 695.95 696.05 695.93 10.413 10.091 -0.015 -0.322
16.10 696.93 696.99 696.90 9.427 9.119 -0.027 -0.307
16.20 697.81 697.34 697.76 8.442 8.139 -0.051 -0.302
16.30 698.60 698.60 698.54 7.458 7.180 -0.053 -0.277
16.40 699.28 699.11 699.19 6.474 6.178 -0.092 -0.296
16.50 699.87 699.53 699.76 5.492 5.198 -0.113 -0.294
16.60 700.36 700.17 700.26 4.510 4.243 -0.105 -0.267
16.70 700.75 700.80 700.66 3.528 3.289 -0.093 -0.239
16.80 701.05 700.95 700.96 2.547 2.333 -0.084 -0.214
16.90 701.24 701.36 701.16 1.566 1.367 -0.082 -0.199
17.00 701.34 701.19 701.27 0.585 0.405 -0.075 -0.181
17.10 701.34 700.96 701.27 -0.395 -0.560 -0.071 -0.165
17.20 701.24 701.14 701.16 -1.376 -1.537 -0.080 -0.161
17.30 701.05 701.21 700.98 -2.356 -2.501 -0.068 -0.145
17.40 700.75 700.71 700.70 -3.337 -3.461 -0.052 -0.125
17.50 700.36 700.21 700.34 -4.317 -4.399 -0.014 -0.082
17.60 699.87 491.87 699.83 -5.290 -5.390 -0.037 -0.100
17.70 699.28 491.03 699.25 -6.248 -6.344 -0.037 -0.096
17.80 698.60 698.67 698.55 -7.198 -7.300 -0.047 -0.102
17.90 697.82 697.75 697.82 -8.139 -8.161 -0.005 -0.022
18.00 696.95 696.34 696.96 -9.069 -9.087 0.003 -0.018
18.10 696.00 695.42 695.99 -9.810 -9.850 -0.007 -0.040
18.20 694.99 694.28 694.90 -10.246 -10.406 -0.091 -0.160
18.30 693.94 693.73 693.92 -10.635 -10.691 -0.025 -0.056
18.40 692.86 693.06 692.84 -10.981 -11.027 -0.016 -0.045
18.50 691.74 692.08 691.77 -11.288 -11.287 0.027 0.001
18.60 690.59 690.99 690.59 -11.559 -11.599 -0.004 -0.040
18.70 689.42 689.58 689.40 -11.798 -11.866 -0.028 -0.068
18.80 688.23 688.32 688.22 -12.007 -12.051 -0.011 -0.044
18.90 687.02 687.62 687.03 -12.190 -12.206 0.011 -0.016
19.00 685.79 686.11 685.81 -12.351 -12.355 0.016 -0.005
19.10 684.55 684.96 684.58 -12.490 -12.478 0.031 0.012
19.20 683.29 683.32 683.30 -12.612 -12.626 0.004 -0.014
19.30 682.02 682.63 682.04 -12.718 -12.727 0.014 -0.009
19.40 680.75 680.41 680.75 -12.810 -12.832 0.005 -0.022
19.50 679.46 679.62 679.49 -12.890 -12.894 0.033 -0.004
19.60 678.17 678.05 678.18 -12.959 -12.986 0.014 -0.027
19.70 676.87 676.70 676.86 -13.019 -13.065 -0.003 -0.046
19.80 675.56 675.44 675.55 -13.071 -13.117 -0.007 -0.046
19.90 674.25 674.42 674.26 -13.116 -13.143 0.005 -0.028
20.00 672.94 673.15 672.93 -13.155 -13.186 -0.008 -0.031
20.10 671.62 671.90 671.60 -13.188 -13.222 -0.020 -0.034
20.20 670.30 670.42 670.35 -13.217 -13.190 0.052 0.028
20.30 668.98 669.13 669.04 -13.242 -13.208 0.063 0.034
20.40 667.65 668.05 667.76 -13.264 -13.201 0.110 0.063
20.50 666.32 666.53 666.45 -13.283 -13.219 0.129 0.064
20.60 664.99 664.89 665.10 -13.299 -13.266 0.110 0.033
20.70 663.66 663.71 663.79 -13.313 -13.277 0.123 0.036
20.80 662.33 662.64 662.44 -13.325 -13.307 0.108 0.018
20.90 661.00 660.74 661.06 -13.335 -13.363 0.058 -0.028
21.00 659.66 660.19 659.74 -13.344 -13.342 0.080 0.002
21.10 658.33 658.54 658.42 -13.352 -13.328 0.095 0.024
21.20 656.99 656.78 657.07 -13.358 -13.351 0.075 0.008
21.30 655.66 655.55 655.72 -13.364 -13.373 0.060 -0.009
21.40 654.32 654.96 654.38 -13.369 -13.383 0.064 -0.014
21.50 652.98 653.12 653.03 -13.373 -13.407 0.047 -0.034
21.60 651.65 652.02 651.70 -13.377 -13.413 0.052 -0.036
21.70 650.31 650.55 650.34 -13.380 -13.437 0.029 -0.057
21.80 648.97 648.96 648.98 -13.383 -13.456 0.005 -0.073
21.90 647.63 647.94 647.66 -13.385 -13.434 0.028 -0.049
22.00 646.29 646.25 646.32 -13.387 -13.432 0.022 -0.045
22.10 644.95 644.81 644.99 -13.389 -13.416 0.034 -0.027
22.20 643.62 643.73 643.64 -13.391 -13.421 0.024 -0.031
22.30 642.28 642.49 642.29 -13.392 -13.433 0.010 -0.041
22.40 640.94 641.30 640.95 -13.393 -13.431 0.016 -0.038
22.50 639.60 639.85 639.63 -13.394 -13.424 0.032 -0.030
22.60 638.26 638.74 638.30 -13.395 -13.427 0.038 -0.032
22.70 636.92 637.01 636.95 -13.396 -13.435 0.034 -0.040
22.80 635.58 635.26 635.59 -13.396 -13.456 0.010 -0.060
22.90 634.24 634.71 634.24 -13.397 -13.461 -0.004 -0.065
23.00 632.90 633.22 632.90 -13.397 -13.448 -0.000 -0.051
23.10 631.56 631.69 631.54 -13.398 -13.452 -0.017 -0.054
23.20 630.22 630.44 630.21 -13.398 -13.436 -0.007 -0.038
23.30 628.88 628.42 628.88 -13.398 -13.437 -0.003 -0.039
23.40 627.54 627.85 627.51 -13.398 -13.462 -0.032 -0.064
23.50 626.20 626.29 626.18 -13.399 -13.455 -0.017 -0.056
23.60 624.86 624.87 624.85 -13.399 -13.453 -0.012 -0.054
23.70 623.52 623.48 623.50 -13.399 -13.467 -0.024 -0.068
23.80 622.18 622.15 622.13 -13.399 -13.486 -0.049 -0.087
23.90 620.84 621.05 620.81 -13.399 -13.460 -0.028 -0.061
24.00 619.50 619.62 619.47 -13.399 -13.459 -0.034 -0.060
24.10 618.16 618.07 618.10 -13.399 -13.471 -0.059 -0.071
24.20 616.82 617.10 616.78 -13.400 -13.450 -0.045 -0.051
24.30 615.48 615.30 615.45 -13.400 -13.433 -0.027 -0.034
24.40 614.14 614.45 614.13 -13.400 -13.426 -0.011 -0.027
24.50 612.80 612.82 612.79 -13.400 -13.437 -0.014 -0.037
24.60 611.46 611.41 611.45 -13.400 -13.445 -0.012 -0.045
24.70 610.12 609.97 610.06 -13.400 -13.491 -0.059 -0.092
24.80 608.78 608.63 608.71 -13.400 -13.492 -0.070 -0.093
24.90 607.44 607.12 607.36 -13.400 -13.500 -0.086 -0.100
25.00 606.10 605.67 606.02 -13.400 -13.484 -0.083 -0.084
25.10 604.76 605.21 604.69 -13.400 -13.463 -0.070 -0.063
25.20 603.42 603.45 603.36 -13.400 -13.452 -0.064 -0.053
25.30 602.08 601.97 602.00 -13.400 -13.466 -0.081 -0.066
25.40 600.74 601.48 600.67 -13.400 -13.452 -0.067 -0.052
25.50 599.40 599.02 599.34 -13.400 -13.455 -0.061 -0.055
25.60 598.06 598.03 598.00 -13.400 -13.460 -0.062 -0.060
25.70 596.72 596.25 596.67 -13.400 -13.456 -0.056 -0.056
25.80 595.38 595.73 595.34 -13.400 -13.443 -0.046 -0.043
25.90 594.04 594.10 594.00 -13.400 -13.429 -0.038 -0.029
26.00 592.70 592.63 592.68 -13.400 -13.409 -0.025 -0.009
26.10 591.36 591.33 591.34 -13.400 -13.398 -0.022 0.002
26.20 590.02 589.51 589.98 -13.400 -13.409 -0.038 -0.009
26.30 588.68 588.69 588.66 -13.400 -13.395 -0.018 0.005
26.40 587.34 587.70 587.30 -13.400 -13.419 -0.041 -0.019
26.50 586.00 585.99 585.95 -13.400 -13.438 -0.051 -0.038
26.60 584.66 584.73 584.57 -13.400 -13.483 -0.090 -0.083
26.70 583.32 583.65 583.27 -13.400 -13.448 -0.047 -0.048
26.80 581.98 582.13 581.95 -13.400 -13.433 -0.033 -0.033
26.90 580.64 581.10 580.63 -13.400 -13.407 -0.011 -0.007
27.00 579.30 579.26 579.27 -13.400 -13.418 -0.028 -0.018
27.10 577.96 577.80 577.88 -13.400 -13.455 -0.079 -0.055
27.20 576.62 576.79 576.54 -13.400 -13.453 -0.083 -0.053
27.30 575.28 575.40 575.24 -13.400 -13.417 -0.045 -0.017
27.40 573.94 573.68 573.89 -13.400 -13.431 -0.054 -0.031
27.50 572.60 572.67 572.56 -13.400 -13.423 -0.041 -0.023
27.60 571.26 570.85 571.19 -13.400 -13.460 -0.076 -0.060
27.70 569.92 569.68 569.84 -13.400 -13.465 -0.080 -0.065
27.80 568.58 568.26 568.51 -13.400 -13.457 -0.074 -0.057
27.90 567.24 567.31 567.18 -13.400 -13.438 -0.061 -0.038
28.00 565.90 566.36 565.87 -13.400 -13.410 -0.036 -0.010
28.10 564.56 564.47 564.53 -13.400 -13.401 -0.035 -0.001
28.20 563.22 563.22 563.19 -13.400 -13.395 -0.032 0.005
28.30 561.88 561.58 561.84 -13.400 -13.407 -0.043 -0.007
28.40 560.54 560.69 560.48 -13.400 -13.427 -0.064 -0.027
28.50 559.20 558.91 559.12 -13.400 -13.450 -0.082 -0.050
28.60 557.86 557.87 557.75 -13.388 -13.465 -0.107 -0.077
28.70 556.53 556.98 556.45 -13.317 -13.366 -0.077 -0.050
28.80 555.20 554.46 555.11 -13.190 -13.245 -0.091 -0.056
28.90 553.89 553.23 553.81 -13.015 -13.058 -0.082 -0.043
29.00 552.60 552.59 552.51 -12.803 -12.846 -0.091 -0.042
29.10 551.34 551.07 551.22 -12.562 -12.618 -0.113 -0.057
29.20 550.10 550.31 550.03 -12.298 -12.302 -0.067 -0.003
29.30 548.88 549.00 548.85 -12.021 -11.993 -0.032 0.028
29.40 547.70 547.31 547.65 -11.736 -11.732 -0.048 0.004
29.50 546.54 546.54 546.53 -11.448 -11.426 -0.015 0.022
29.60 545.42 545.31 545.41 -11.161 -11.141 -0.002 0.021
29.70 544.32 544.36 544.33 -10.880 -10.857 0.009 0.023
29.80 543.25 543.14 543.30 -10.607 -10.550 0.052 0.057
29.90 542.20 542.12 542.24 -10.344 -10.295 0.042 0.049
30.00 541.18 541.42 541.24 -10.092 -10.025 0.059 0.066
30.10 540.19 540.10 540.25 -9.852 -9.779 0.064 0.073
30.20 539.21 539.41 539.31 -9.624 -9.529 0.095 0.095
30.30 538.27 538.06 538.39 -9.410 -9.299 0.123 0.111
30.40 537.34 536.87 537.46 -9.208 -9.118 0.121 0.090
30.50 536.43 536.46 536.52 -9.019 -8.967 0.097 0.052
30.60 535.54 535.53 535.62 -8.841 -8.814 0.088 0.027
30.70 534.66 534.46 534.70 -8.676 -8.699 0.040 -0.023
30.80 533.80 534.21 533.88 -8.521 -8.510 0.078 0.011
30.90 532.96 532.54 532.97 -8.377 -8.422 0.012 -0.046
31.00 532.13 532.32 532.12 -8.242 -8.299 -0.011 -0.057
31.10 531.31 531.56 531.32 -8.117 -8.147 0.007 -0.030
31.20 530.51 530.56 530.51 -8.000 -8.030 0.003 -0.030
31.30 529.72 529.42 529.71 -7.892 -7.933 -0.007 -0.041
31.40 528.93 528.47 528.89 -7.791 -7.873 -0.047 -0.082
31.50 528.16 528.26 528.12 -7.697 -7.771 -0.039 -0.074
31.60 527.40 527.26 527.37 -7.609 -7.683 -0.030 -0.073
31.70 526.64 526.61 526.59 -7.528 -7.620 -0.049 -0.092
31.80 525.89 525.70 525.81 -7.452 -7.563 -0.078 -0.110
31.90 525.15 525.43 525.11 -7.382 -7.451 -0.045 -0.069
32.00 524.42 524.74 524.36 -7.316 -7.380 -0.054 -0.064
32.10 523.69 523.89 523.62 -7.255 -7.320 -0.069 -0.065
32.20 522.97 522.74 522.88 -7.198 -7.269 -0.084 -0.071
32.30 522.25 522.04 522.11 -7.145 -7.262 -0.139 -0.117
32.40 521.54 521.62 521.42 -7.096 -7.195 -0.122 -0.099
32.50 520.83 520.27 520.68 -7.050 -7.176 -0.152 -0.127
32.60 520.13 520.36 520.01 -7.007 -7.106 -0.121 -0.099
32.70 519.43 519.64 519.36 -6.967 -7.016 -0.069 -0.050
32.80 518.74 518.69 518.67 -6.929 -6.978 -0.069 -0.049
32.90 518.05 518.45 517.99 -6.895 -6.924 -0.051 -0.029
33.00 517.36 517.28 517.29 -6.862 -6.898 -0.071 -0.036
33.10 516.67 516.78 516.61 -6.832 -6.848 -0.059 -0.016
33.20 515.99 516.03 515.91 -6.803 -6.837 -0.083 -0.034
33.30 515.31 514.89 515.20 -6.777 -6.842 -0.116 -0.065
33.40 514.64 514.67 514.53 -6.752 -6.818 -0.110 -0.066
33.50 513.96 513.94 513.84 -6.729 -6.812 -0.119 -0.083
33.60 513.29 512.99 513.17 -6.708 -6.792 -0.123 -0.085
33.70 512.62 512.95 512.54 -6.688 -6.739 -0.086 -0.051
33.80 511.95 511.73 511.86 -6.669 -6.726 -0.099 -0.057
33.90 511.29 510.56 511.19 -6.651 -6.701 -0.097 -0.049
34.00 510.62 510.42 510.52 -6.635 -6.687 -0.108 -0.052
34.10 509.96 510.22 509.90 -6.620 -6.621 -0.063 -0.001
34.20 509.30 509.25 509.23 -6.605 -6.612 -0.069 -0.007
34.30 508.64 508.03 508.55 -6.592 -6.621 -0.091 -0.029
34.40 507.98 507.74 507.92 -6.580 -6.585 -0.059 -0.005
34.50 507.33 506.90 507.28 -6.568 -6.572 -0.044 -0.004
34.60 506.67 506.85 506.65 -6.557 -6.542 -0.015 0.015
34.70 506.01 506.28 506.01 -6.547 -6.531 -0.007 0.016
34.80 505.36 504.73 505.33 -6.537 -6.551 -0.034 -0.014
34.90 504.71 504.91 504.71 -6.528 -6.503 0.007 0.025
35.00 504.05 503.93 504.04 -6.520 -6.507 -0.014 0.013
35.10 503.40 503.44 503.42 -6.512 -6.467 0.013 0.045
35.20 502.75 503.20 502.79 -6.505 -6.434 0.042 0.071
35.30 502.10 502.14 502.13 -6.498 -6.453 0.025 0.045
35.40 501.45 501.78 501.53 -6.492 -6.407 0.080 0.085
35.50 500.80 500.83 500.87 -6.486 -6.427 0.070 0.059
35.60 500.16 500.07 500.22 -6.480 -6.448 0.061 0.033
35.70 499.51 498.98 499.55 -6.475 -6.464 0.045 0.011
35.80 498.86 499.04 498.88 -6.470 -6.484 0.018 -0.014
35.90 498.21 497.82 498.24 -6.466 -6.469 0.024 -0.003
36.00 497.57 497.84 497.59 -6.462 -6.463 0.019 -0.001
36.10 496.92 497.20 496.97 -6.458 -6.423 0.052 0.034
36.20 496.28 496.03 496.33 -6.454 -6.421 0.049 0.033
36.30 495.63 495.96 495.70 -6.450 -6.407 0.067 0.043
36.40 494.99 495.13 495.02 -6.447 -6.437 0.038 0.010
36.50 494.34 494.88 494.40 -6.444 -6.431 0.054 0.013
36.60 493.70 493.86 493.72 -6.441 -6.462 0.026 -0.021
36.70 493.05 493.12 493.04 -6.439 -6.496 -0.009 -0.058
36.80 492.41 492.52 492.39 -6.436 -6.494 -0.018 -0.058
36.90 491.77 491.43 491.76 -6.434 -6.478 -0.011 -0.044
37.00 491.12 490.93 491.11 -6.432 -6.468 -0.009 -0.037
37.10 490.48 490.59 490.47 -6.430 -6.459 -0.008 -0.030
37.20 489.84 490.03 489.82 -6.428 -6.459 -0.020 -0.031
37.30 489.19 488.94 489.14 -6.426 -6.484 -0.053 -0.058
37.40 488.55 488.20 488.55 -6.424 -6.445 -0.005 -0.021
37.50 487.91 487.90 487.87 -6.423 -6.478 -0.038 -0.056
37.60 487.27 487.48 487.21 -6.421 -6.502 -0.060 -0.081
37.70 486.63 486.58 486.55 -6.420 -6.517 -0.080 -0.097
37.80 485.98 485.91 485.90 -6.419 -6.510 -0.081 -0.092
37.90 485.34 485.18 485.23 -6.417 -6.524 -0.109 -0.107
38.00 484.70 485.08 484.63 -6.416 -6.482 -0.074 -0.066
38.10 484.06 484.46 483.98 -6.415 -6.477 -0.082 -0.062
38.20 483.42 482.85 483.35 -6.414 -6.458 -0.063 -0.043
38.30 482.78 482.47 482.74 -6.413 -6.438 -0.039 -0.024
38.40 482.13 482.33 482.12 -6.412 -6.420 -0.014 -0.007
38.50 481.49 481.59 481.53 -6.412 -6.386 0.034 0.026
38.60 480.85 480.72 480.88 -6.411 -6.398 0.033 0.013
38.70 480.21 479.52 480.23 -6.410 -6.417 0.021 -0.007
38.80 479.57 479.87 479.59 -6.409 -6.420 0.018 -0.010
38.90 478.93 478.68 478.93 -6.409 -6.433 -0.002 -0.024
39.00 478.29 478.95 478.33 -6.408 -6.383 0.046 0.026
39.10 477.65 477.79 477.74 -6.408 -6.346 0.088 0.062
39.20 477.01 476.71 477.06 -6.407 -6.378 0.056 0.029
39.30 476.37 476.49 476.42 -6.407 -6.388 0.049 0.019
39.40 475.73 475.70 475.79 -6.406 -6.387 0.062 0.019
39.50 475.08 474.78 475.14 -6.406 -6.401 0.056 0.005
39.60 474.44 474.30 474.46 -6.406 -6.445 0.017 -0.039
39.70 473.80 473.49 473.83 -6.405 -6.440 0.023 -0.035
39.80 473.16 473.27 473.15 -6.405 -6.468 -0.011 -0.063
39.90 472.52 472.30 472.49 -6.405 -6.478 -0.028 -0.073
40.00 471.88 471.66 471.87 -6.404 -6.460 -0.016 -0.056
40.10 471.24 471.29 471.24 -6.404 -6.437 0.003 -0.033
40.20 470.60 471.36 470.63 -6.404 -6.411 0.030 -0.008
40.30 469.96 469.81 470.00 -6.403 -6.403 0.042 0.001
40.40 469.32 469.06 469.38 -6.403 -6.398 0.056 0.006
40.50 468.68 468.95 468.73 -6.403 -6.406 0.055 -0.003
40.60 468.04 467.95 468.06 -6.403 -6.444 0.021 -0.041
40.70 467.40 467.20 467.44 -6.403 -6.429 0.038 -0.027
40.80 466.76 466.50 466.76 -6.403 -6.463 0.001 -0.061
40.90 466.12 466.04 466.11 -6.402 -6.472 -0.014 -0.069
41.00 465.48 465.52 465.44 -6.402 -6.479 -0.034 -0.076
41.10 464.84 464.50 464.79 -6.402 -6.479 -0.049 -0.077
41.20 464.20 464.79 464.20 -6.402 -6.431 -0.003 -0.029
41.30 463.56 463.48 463.58 -6.402 -6.408 0.023 -0.006
41.40 462.92 463.27 462.93 -6.402 -6.426 0.009 -0.024
41.50 462.28 462.06 462.29 -6.402 -6.431 0.016 -0.029
41.60 461.64 461.29 461.67 -6.401 -6.422 0.031 -0.021
41.70 461.00 460.78 461.03 -6.401 -6.431 0.029 -0.029
41.80 460.36 460.58 460.43 -6.401 -6.391 0.077 0.011
41.90 459.72 459.44 459.76 -6.401 -6.419 0.042 -0.017
42.00 459.08 459.09 459.08 -6.401 -6.443 0.006 -0.042
42.10 458.44 458.36 458.42 -6.401 -6.454 -0.019 -0.053
42.20 457.80 457.98 457.78 -6.401 -6.444 -0.014 -0.043
42.30 457.16 457.99 457.17 -6.401 -6.418 0.015 -0.017
42.40 456.52 456.77 456.55 -6.401 -6.405 0.036 -0.004
42.50 455.88 455.80 455.90 -6.401 -6.429 0.023 -0.028
42.60 455.24 455.27 455.24 -6.401 -6.450 0.002 -0.049
42.70 454.60 454.21 454.58 -6.401 -6.470 -0.017 -0.070
42.80 453.96 454.55 453.96 -6.401 -6.449 0.003 -0.049
42.90 453.32 453.13 453.31 -6.401 -6.455 -0.010 -0.054
43.00 452.68 452.51 452.66 -6.401 -6.456 -0.020 -0.055
43.10 452.04 452.02 452.03 -6.401 -6.437 -0.011 -0.036
43.20 451.40 450.79 451.34 -6.401 -6.471 -0.057 -0.071
43.30 450.76 450.61 450.70 -6.400 -6.476 -0.061 -0.076
43.40 450.12 450.54 450.09 -6.400 -6.448 -0.030 -0.048
43.50 449.48 449.30 449.42 -6.400 -6.474 -0.052 -0.073
43.60 448.84 448.63 448.81 -6.400 -6.458 -0.028 -0.058
43.70 448.20 448.44 448.19 -6.400 -6.443 -0.008 -0.042
43.80 447.56 447.65 447.51 -6.400 -6.474 -0.044 -0.073
43.90 446.92 446.28 446.90 -6.400 -6.441 -0.019 -0.041
44.00 446.28 446.00 446.23 -6.400 -6.462 -0.050 -0.061
44.10 445.64 444.94 445.56 -6.400 -6.477 -0.077 -0.076
44.20 445.00 444.84 444.94 -6.400 -6.449 -0.056 -0.049
44.30 444.36 444.52 444.35 -6.400 -6.402 -0.007 -0.002
44.40 443.72 443.71 443.69 -6.400 -6.424 -0.027 -0.024
44.50 443.08 442.92 443.01 -6.400 -6.470 -0.070 -0.069
44.60 442.44 441.94 442.37 -6.400 -6.467 -0.064 -0.067
44.70 441.80 441.56 441.72 -6.400 -6.485 -0.081 -0.085
44.80 441.16 440.78 441.09 -6.400 -6.472 -0.070 -0.072
44.90 440.52 440.36 440.50 -6.400 -6.417 -0.020 -0.017
45.00 439.88 439.98 439.84 -6.400 -6.428 -0.035 -0.028
45.10 439.24 439.20 439.21 -6.400 -6.416 -0.028 -0.016
45.20 438.60 438.26 438.58 -6.400 -6.403 -0.017 -0.003
45.30 437.96 438.05 437.95 -6.400 -6.395 -0.005 0.005
45.40 437.32 437.53 437.30 -6.400 -6.416 -0.020 -0.016
45.50 436.68 436.46 436.64 -6.400 -6.432 -0.036 -0.032
45.60 436.04 436.22 436.00 -6.400 -6.436 -0.032 -0.036
45.70 435.40 435.38 435.37 -6.400 -6.436 -0.029 -0.036
45.80 434.76 434.89 434.76 -6.400 -6.408 0.003 -0.007
45.90 434.12 433.89 434.10 -6.400 -6.425 -0.015 -0.025
46.00 433.48 433.79 433.47 -6.400 -6.409 -0.006 -0.009
46.10 432.84 432.82 432.83 -6.400 -6.408 -0.008 -0.008
46.20 432.20 431.79 432.20 -6.400 -6.396 0.003 0.005
46.30 431.56 431.55 431.53 -6.400 -6.422 -0.023 -0.022
46.40 430.92 431.35 430.95 -6.400 -6.375 0.032 0.025
46.50 430.28 430.39 430.32 -6.400 -6.373 0.049 0.027
46.60 429.64 429.95 429.71 -6.400 -6.357 0.078 0.043
46.70 429.00 429.35 429.11 -6.400 -6.335 0.110 0.065
46.80 428.36 428.21 428.47 -6.400 -6.336 0.119 0.064
46.90 427.72 427.60 427.86 -6.400 -6.320 0.140 0.080
47.00 427.08 426.59 427.17 -6.400 -6.357 0.098 0.043
47.10 426.44 426.51 426.54 -6.400 -6.352 0.107 0.048
47.20 425.80 426.06 425.90 -6.400 -6.355 0.107 0.045
47.30 425.16 425.21 425.25 -6.400 -6.375 0.091 0.025
47.40 424.52 424.24 424.58 -6.400 -6.411 0.062 -0.011
47.50 423.88 423.49 423.91 -6.400 -6.450 0.029 -0.050
47.60 423.24 423.10 423.26 -6.400 -6.461 0.021 -0.061
47.70 422.60 422.93 422.61 -6.400 -6.470 0.013 -0.070
47.80 421.96 421.37 421.93 -6.400 -6.495 -0.022 -0.095
47.90 421.32 421.49 421.26 -6.400 -6.511 -0.052 -0.111
48.00 420.68 420.21 420.62 -6.400 -6.499 -0.059 -0.099
48.10 420.04 420.05 419.97 -6.400 -6.498 -0.070 -0.098
48.20 419.40 419.40 419.35 -6.400 -6.472 -0.049 -0.072
48.30 418.76 418.88 418.68 -6.400 -6.495 -0.079 -0.095
48.40 418.12 417.94 418.04 -6.400 -6.498 -0.079 -0.098
48.50 417.48 418.02 417.44 -6.400 -6.456 -0.031 -0.056
48.60 416.84 416.41 416.77 -6.400 -6.492 -0.066 -0.092
48.70 416.20 415.45 416.12 -6.400 -6.498 -0.077 -0.098
48.80 415.56 415.59 415.48 -6.400 -6.494 -0.079 -0.094
48.90 414.92 413.97 414.80 -6.400 -6.514 -0.111 -0.114
49.00 414.28 414.77 414.20 -6.400 -6.471 -0.075 -0.071
49.10 413.64 413.61 413.56 -6.400 -6.461 -0.079 -0.061
49.20 413.00 412.92 412.93 -6.400 -6.443 -0.065 -0.043
49.30 412.36 412.55 412.29 -6.400 -6.436 -0.061 -0.036
49.40 411.72 411.10 411.61 -6.400 -6.480 -0.110 -0.080
49.50 411.08 410.81 410.98 -6.400 -6.466 -0.093 -0.066
49.60 410.44 410.36 410.36 -6.400 -6.460 -0.080 -0.060
49.70 409.80 409.78 409.71 -6.400 -6.462 -0.083 -0.062
49.80 409.16 409.03 409.09 -6.400 -6.439 -0.062 -0.039
49.90 408.52 408.88 408.49 -6.400 -6.402 -0.028 -0.002
50.00 407.88 407.91 407.87 -6.400 -6.372 -0.002 0.028
50.10 407.24 407.79 407.26 -6.400 -6.347 0.025 0.053
50.20 406.60 406.40 406.63 -6.400 -6.342 0.033 0.058
50.30 405.96 405.89 405.97 -6.400 -6.363 0.014 0.037
50.40 405.32 405.41 405.34 -6.400 -6.360 0.026 0.040
50.50 404.68 404.33 404.72 -6.400 -6.359 0.044 0.041
50.60 404.04 403.97 404.08 -6.400 -6.367 0.047 0.033
50.70 403.40 403.31 403.43 -6.400 -6.383 0.037 0.017
50.80 402.76 402.53 402.79 -6.400 -6.396 0.030 0.004
50.90 402.12 401.68 402.12 -6.400 -6.418 0.003 -0.018
51.00 401.48 401.05 401.49 -6.400 -6.403 0.014 -0.003
51.10 400.84 400.77 400.87 -6.400 -6.381 0.035 0.019
51.20 400.20 399.62 400.22 -6.400 -6.397 0.020 0.003
51.30 399.56 400.07 399.56 -6.400 -6.413 0.003 -0.013
51.40 398.92 399.18 398.92 -6.400 -6.419 -0.000 -0.019
51.50 398.28 398.63 398.27 -6.400 -6.430 -0.008 -0.030
51.60 397.64 397.23 397.57 -6.400 -6.493 -0.071 -0.093
51.70 397.00 397.53 396.98 -6.400 -6.440 -0.015 -0.040
51.80 396.36 396.62 396.34 -6.400 -6.438 -0.015 -0.038
51.90 395.72 395.60 395.70 -6.400 -6.434 -0.017 -0.034
52.00 395.08 394.71 395.05 -6.400 -6.434 -0.027 -0.034
52.10 394.44 394.79 394.43 -6.400 -6.404 -0.004 -0.004
52.20 393.80 393.67 393.77 -6.400 -6.423 -0.028 -0.023
52.30 393.16 392.97 393.10 -6.400 -6.454 -0.060 -0.054
52.40 392.52 392.67 392.47 -6.400 -6.446 -0.049 -0.046
52.50 391.88 392.08 391.83 -6.400 -6.450 -0.048 -0.050
52.60 391.24 390.83 391.16 -6.400 -6.475 -0.071 -0.075
52.70 390.60 390.31 390.52 -6.400 -6.479 -0.076 -0.079
52.80 389.96 390.25 389.90 -6.400 -6.458 -0.058 -0.058
52.90 389.32 388.75 389.24 -6.400 -6.463 -0.071 -0.063
53.00 388.68 388.34 388.58 -6.400 -6.469 -0.091 -0.069
53.10 388.04 387.73 387.94 -6.400 -6.462 -0.092 -0.062
53.20 387.40 387.33 387.34 -6.400 -6.427 -0.057 -0.027
53.30 386.76 387.07 386.73 -6.400 -6.398 -0.027 0.002
53.40 386.12 385.92 386.12 -6.400 -6.386 -0.000 0.014
53.50 385.48 385.14 385.46 -6.400 -6.412 -0.016 -0.012
53.60 384.84 385.51 384.86 -6.400 -6.389 0.021 0.011
53.70 384.20 384.32 384.22 -6.400 -6.390 0.027 0.010
53.80 383.56 383.63 383.56 -6.400 -6.410 0.009 -0.010
53.90 382.92 383.23 382.91 -6.400 -6.416 -0.004 -0.016
54.00 382.28 382.48 382.31 -6.400 -6.379 0.030 0.021
54.10 381.64 381.57 381.66 -6.400 -6.380 0.026 0.020
54.20 381.00 380.93 381.03 -6.400 -6.373 0.033 0.027
54.30 380.36 380.84 380.39 -6.400 -6.375 0.038 0.025
54.40 379.72 379.58 379.72 -6.400 -6.414 0.007 -0.014
54.50 379.08 379.28 379.08 -6.400 -6.428 0.003 -0.028
54.60 378.44 378.61 378.47 -6.400 -6.406 0.033 -0.006
54.70 377.80 377.65 377.81 -6.400 -6.427 0.015 -0.027
54.80 377.16 377.53 377.14 -6.400 -6.448 -0.013 -0.048
54.90 376.52 376.32 376.51 -6.400 -6.438 -0.010 -0.038
55.00 375.88 375.28 375.83 -6.400 -6.460 -0.041 -0.060
55.10 375.24 375.28 375.16 -6.400 -6.486 -0.078 -0.086
55.20 374.60 374.88 374.54 -6.400 -6.458 -0.055 -0.058
55.30 373.96 374.10 373.89 -6.400 -6.461 -0.063 -0.061
55.40 373.32 373.64 373.27 -6.400 -6.448 -0.049 -0.048
55.50 372.68 372.94 372.65 -6.400 -6.430 -0.022 -0.030
55.60 372.04 372.00 372.03 -6.400 -6.424 -0.004 -0.024
55.70 371.40 371.60 371.40 -6.400 -6.418 0.004 -0.018
55.80 370.76 370.45 370.69 -6.400 -6.483 -0.070 -0.083
55.90 370.12 370.45 370.01 -6.400 -6.501 -0.102 -0.101
56.00 369.48 369.29 369.39 -6.400 -6.470 -0.083 -0.070
56.10 368.84 368.87 368.74 -6.400 -6.467 -0.094 -0.067
56.20 368.20 368.23 368.10 -6.400 -6.464 -0.100 -0.064
56.30 367.56 367.55 367.51 -6.400 -6.412 -0.041 -0.012
56.40 366.92 367.36 366.90 -6.400 -6.394 -0.016 0.006
56.50 366.28 366.04 366.22 -6.400 -6.433 -0.051 -0.033
56.60 365.64 365.81 365.59 -6.400 -6.435 -0.048 -0.035
56.70 365.00 364.82 364.94 -6.400 -6.446 -0.055 -0.046
56.80 364.36 364.28 364.24 -6.400 -6.500 -0.120 -0.100
56.90 363.72 363.87 363.61 -6.400 -6.475 -0.101 -0.075
57.00 363.08 362.71 362.99 -6.400 -6.454 -0.091 -0.054
57.10 362.44 362.13 362.33 -6.400 -6.452 -0.101 -0.052
57.20 361.80 361.20 361.68 -6.400 -6.456 -0.112 -0.056
57.30 361.16 361.07 361.02 -6.400 -6.480 -0.139 -0.080
57.40 360.52 360.51 360.44 -6.400 -6.424 -0.078 -0.024
57.50 359.88 360.35 359.78 -6.400 -6.444 -0.091 -0.044
57.60 359.24 359.45 359.15 -6.400 -6.445 -0.084 -0.045
57.70 358.60 358.83 358.53 -6.400 -6.428 -0.063 -0.028
57.80 357.96 358.06 357.91 -6.400 -6.410 -0.042 -0.010
57.90 357.32 357.07 357.29 -6.400 -6.392 -0.027 0.008
58.00 356.68 356.70 356.66 -6.400 -6.379 -0.019 0.021
58.10 356.04 355.87 356.02 -6.400 -6.373 -0.015 0.027
58.20 355.40 355.33 355.40 -6.400 -6.352 0.008 0.048
58.30 354.76 355.24 354.79 -6.400 -6.339 0.032 0.061
58.40 354.12 353.88 354.09 -6.400 -6.404 -0.026 -0.004
58.50 353.48 353.28 353.46 -6.400 -6.402 -0.012 -0.002
58.60 352.84 352.68 352.85 -6.400 -6.382 0.018 0.018
58.70 352.20 351.77 352.19 -6.400 -6.411 -0.009 -0.011
58.80 351.56 351.48 351.55 -6.400 -6.411 -0.006 -0.011
58.90 350.92 351.12 350.90 -6.400 -6.413 -0.012 -0.013
59.00 350.28 350.35 350.23 -6.400 -6.431 -0.041 -0.031
59.10 349.64 349.81 349.61 -6.400 -6.413 -0.023 -0.013
59.20 349.00 348.94 348.98 -6.400 -6.405 -0.017 -0.005
59.30 348.36 348.36 348.35 -6.400 -6.397 -0.005 0.003
59.40 347.72 347.37 347.69 -6.400 -6.429 -0.029 -0.029
59.50 347.08 346.93 347.04 -6.400 -6.444 -0.039 -0.044
59.60 346.44 346.44 346.39 -6.400 -6.453 -0.043 -0.053
59.70 345.80 345.79 345.75 -6.400 -6.457 -0.045 -0.057
59.80 345.16 345.06 345.09 -6.400 -6.469 -0.067 -0.069
59.90 344.52 343.75 344.42 -6.400 -6.485 -0.096 -0.085
60.00 343.88 344.02 343.79 -6.400 -6.467 -0.089 -0.067
60.10 343.24 343.33 343.19 -6.400 -6.425 -0.046 -0.025
60.20 342.60 342.25 342.59 -6.400 -6.381 -0.002 0.019
60.30 341.96 341.91 341.95 -6.400 -6.393 -0.008 0.007
60.40 341.32 341.25 341.31 -6.400 -6.395 -0.004 0.005
60.50 340.68 341.12 340.73 -6.400 -6.353 0.054 0.047
60.60 340.04 339.70 340.07 -6.400 -6.385 0.035 0.015
60.70 339.40 339.12 339.37 -6.400 -6.441 -0.023 -0.041
60.80 338.76 338.45 338.75 -6.400 -6.422 -0.006 -0.022
60.90 338.12 337.67 338.08 -6.400 -6.443 -0.036 -0.043
61.00 337.48 338.06 337.46 -6.400 -6.422 -0.020 -0.022
61.10 336.84 337.20 336.85 -6.400 -6.384 0.018 0.016
61.20 336.20 336.38 336.20 -6.400 -6.395 0.006 0.005
61.30 335.56 335.58 335.57 -6.400 -6.389 0.014 0.011
61.40 334.92 335.01 334.92 -6.400 -6.398 0.006 0.002
61.50 334.28 334.65 334.29 -6.400 -6.404 0.011 -0.004
61.60 333.64 333.64 333.64 -6.400 -6.417 0.002 -0.017
61.70 333.00 332.81 332.98 -6.400 -6.437 -0.016 -0.037
61.80 332.36 332.14 332.31 -6.400 -6.463 -0.047 -0.063
61.90 331.72 331.78 331.67 -6.400 -6.455 -0.048 -0.055
62.00 331.08 331.40 331.03 -6.400 -6.440 -0.043 -0.040
62.10 330.44 330.42 330.39 -6.400 -6.439 -0.050 -0.039
62.20 329.80 329.94 329.75 -6.400 -6.430 -0.046 -0.030
62.30 329.16 329.05 329.11 -6.400 -6.427 -0.043 -0.027
62.40 328.52 328.79 328.46 -6.400 -6.444 -0.058 -0.044
62.50 327.88 327.92 327.83 -6.400 -6.441 -0.049 -0.041
62.60 327.24 327.09 327.21 -6.400 -6.422 -0.022 -0.022
62.70 326.60 326.62 326.53 -6.400 -6.459 -0.061 -0.059
62.80 325.96 325.70 325.90 -6.400 -6.456 -0.061 -0.056
62.90 325.32 325.46 325.26 -6.400 -6.445 -0.056 -0.045
63.00 324.68 324.59 324.63 -6.400 -6.428 -0.048 -0.028
63.10 324.04 324.38 324.01 -6.400 -6.408 -0.028 -0.008
63.20 323.40 323.19 323.36 -6.400 -6.415 -0.037 -0.015
63.30 322.76 322.96 322.74 -6.400 -6.394 -0.011 0.006
63.40 322.12 321.87 322.09 -6.400 -6.411 -0.029 -0.011
63.50 321.48 321.85 321.47 -6.400 -6.396 -0.003 0.004
63.60 320.84 321.06 320.83 -6.400 -6.405 -0.005 -0.005
63.70 320.20 320.44 320.23 -6.400 -6.379 0.030 0.021
63.80 319.56 319.82 319.61 -6.400 -6.358 0.053 0.042
63.90 318.92 318.78 318.92 -6.400 -6.400 0.008 0.000
64.00 318.28 318.45 318.29 -6.400 -6.389 0.015 0.011
64.10 317.64 317.41 317.64 -6.400 -6.398 0.004 0.002
64.20 317.00 317.33 317.05 -6.400 -6.357 0.050 0.043
64.30 316.36 316.26 316.39 -6.400 -6.371 0.036 0.029
64.40 315.72 316.13 315.75 -6.400 -6.377 0.038 0.023
64.50 315.08 315.59 315.12 -6.400 -6.383 0.041 0.017
64.60 314.44 314.96 314.47 -6.400 -6.400 0.034 -0.000
64.70 313.80 313.60 313.81 -6.400 -6.428 0.012 -0.028
64.80 313.16 313.12 313.16 -6.400 -6.433 0.006 -0.033
64.90 312.52 312.57 312.50 -6.400 -6.447 -0.012 -0.047
65.00 311.88 312.38 311.87 -6.400 -6.428 -0.002 -0.028
65.10 311.24 311.59 311.25 -6.400 -6.402 0.017 -0.002
65.20 310.60 310.57 310.60 -6.400 -6.416 0.001 -0.016
65.30 309.96 309.75 309.96 -6.400 -6.415 0.004 -0.015
65.40 309.32 309.49 309.34 -6.400 -6.401 0.023 -0.001
65.50 308.68 308.94 308.73 -6.400 -6.379 0.054 0.021
65.60 308.04 308.07 308.06 -6.400 -6.411 0.027 -0.011
65.70 307.40 307.79 307.41 -6.400 -6.434 0.010 -0.034
65.80 306.76 306.50 306.75 -6.400 -6.444 -0.007 -0.044
65.90 306.12 305.67 306.07 -6.400 -6.472 -0.045 -0.072
66.00 305.48 305.71 305.45 -6.400 -6.439 -0.022 -0.039
66.10 304.84 304.78 304.79 -6.400 -6.453 -0.042 -0.053
66.20 304.20 304.32 304.15 -6.400 -6.446 -0.043 -0.046
66.30 303.56 303.19 303.50 -6.400 -6.460 -0.060 -0.060
66.40 302.92 303.00 302.86 -6.400 -6.460 -0.056 -0.060
66.50 302.28 302.31 302.23 -6.400 -6.453 -0.042 -0.053
66.60 301.64 301.83 301.57 -6.400 -6.477 -0.061 -0.077
66.70 301.00 300.86 300.93 -6.400 -6.481 -0.067 -0.081
66.80 300.36 300.00 300.24 -6.400 -6.523 -0.120 -0.123
66.90 299.72 299.22 299.60 -6.400 -6.506 -0.112 -0.106
67.00 299.08 299.10 298.99 -6.400 -6.464 -0.085 -0.064
67.10 298.44 298.22 298.32 -6.400 -6.484 -0.119 -0.084
67.20 297.80 297.91 297.71 -6.400 -6.449 -0.085 -0.049
67.30 297.16 297.38 297.06 -6.400 -6.452 -0.092 -0.052
67.40 296.52 296.64 296.44 -6.400 -6.436 -0.074 -0.036
67.50 295.88 295.28 295.77 -6.400 -6.468 -0.102 -0.068
67.60 295.24 295.28 295.17 -6.400 -6.438 -0.064 -0.038
67.70 294.60 294.97 294.59 -6.400 -6.389 -0.004 0.011
67.80 293.96 294.14 293.97 -6.400 -6.373 0.017 0.027
67.90 293.32 293.50 293.31 -6.400 -6.395 -0.010 0.005
68.00 292.68 292.58 292.66 -6.400 -6.400 -0.018 -0.000
68.10 292.04 291.83 292.03 -6.400 -6.390 -0.010 0.010
68.20 291.40 291.43 291.36 -6.400 -6.411 -0.034 -0.011
68.30 290.76 290.71 290.72 -6.400 -6.417 -0.036 -0.017
68.40 290.12 289.63 290.05 -6.400 -6.450 -0.067 -0.050
68.50 289.48 289.64 289.42 -6.400 -6.445 -0.055 -0.045
68.60 288.84 288.96 288.80 -6.400 -6.435 -0.040 -0.035
68.70 288.20 287.95 288.14 -6.400 -6.447 -0.054 -0.047
68.80 287.56 287.63 287.52 -6.400 -6.432 -0.034 -0.032
68.90 286.92 286.58 286.90 -6.400 -6.412 -0.014 -0.012
69.00 286.28 286.10 286.24 -6.400 -6.427 -0.034 -0.027
69.10 285.64 284.83 285.59 -6.400 -6.434 -0.048 -0.034
69.20 285.00 284.74 284.95 -6.400 -6.431 -0.045 -0.031
69.30 284.36 284.34 284.28 -6.400 -6.456 -0.077 -0.056
69.40 283.72 283.65 283.66 -6.400 -6.440 -0.057 -0.040
69.50 283.08 282.70 283.03 -6.400 -6.439 -0.047 -0.039
69.60 282.44 282.18 282.41 -6.400 -6.430 -0.030 -0.030
69.70 281.80 282.05 281.75 -6.400 -6.451 -0.048 -0.051
69.80 281.16 281.28 281.08 -6.400 -6.475 -0.079 -0.075
69.90 280.52 280.47 280.42 -6.400 -6.483 -0.094 -0.083
70.00 279.88 279.76 279.79 -6.400 -6.464 -0.086 -0.064
70.10 279.24 279.40 279.17 -6.400 -6.434 -0.064 -0.034
70.20 278.60 278.40 278.52 -6.400 -6.442 -0.079 -0.042
70.30 277.96 277.47 277.87 -6.400 -6.445 -0.085 -0.045
70.40 277.32 277.39 277.27 -6.400 -6.409 -0.046 -0.009
70.50 276.68 276.56 276.64 -6.400 -6.412 -0.039 -0.012
70.60 276.04 276.18 276.01 -6.400 -6.409 -0.026 -0.009
70.70 275.40 275.59 275.35 -6.400 -6.431 -0.044 -0.031
70.80 274.76 274.70 274.73 -6.400 -6.413 -0.024 -0.013
70.90 274.12 273.93 274.09 -6.400 -6.414 -0.028 -0.014
71.00 273.48 273.72 273.48 -6.400 -6.380 0.001 0.020
71.10 272.84 273.02 272.87 -6.400 -6.354 0.029 0.046
71.20 272.20 272.83 272.24 -6.400 -6.342 0.043 0.058
71.30 271.56 271.04 271.61 -6.400 -6.337 0.057 0.063
71.40 270.92 271.10 270.96 -6.400 -6.358 0.048 0.042
71.50 270.28 270.22 270.31 -6.400 -6.389 0.030 0.011
71.60 269.64 269.81 269.70 -6.400 -6.369 0.060 0.031
71.70 269.00 268.81 269.05 -6.400 -6.379 0.059 0.021
71.80 268.36 268.55 268.44 -6.400 -6.360 0.086 0.040
71.90 267.72 267.64 267.75 -6.400 -6.405 0.036 -0.005
72.00 267.08 267.46 267.12 -6.400 -6.392 0.048 0.008
72.10 266.44 266.11 266.46 -6.400 -6.407 0.024 -0.007
72.20 265.80 266.00 265.81 -6.400 -6.413 0.015 -0.013
72.30 265.16 265.07 265.17 -6.400 -6.418 0.013 -0.018
72.40 264.52 264.83 264.53 -6.400 -6.420 0.017 -0.020
72.50 263.88 263.28 263.86 -6.400 -6.454 -0.012 -0.054
72.60 263.24 263.05 263.19 -6.400 -6.484 -0.042 -0.084
72.70 262.60 262.17 262.55 -6.400 -6.487 -0.050 -0.087
72.80 261.96 261.78 261.87 -6.400 -6.510 -0.083 -0.110
72.90 261.32 261.77 261.24 -6.400 -6.493 -0.076 -0.093
73.00 260.68 261.02 260.59 -6.400 -6.488 -0.087 -0.088
73.10 260.04 259.18 259.92 -6.400 -6.497 -0.113 -0.097
73.20 259.40 258.93 259.26 -6.400 -6.503 -0.133 -0.103
73.30 258.76 258.24 258.62 -6.400 -6.507 -0.141 -0.107
73.40 258.12 258.39 258.02 -6.400 -6.465 -0.094 -0.065
73.50 257.48 257.25 257.39 -6.400 -6.462 -0.087 -0.062
73.60 256.84 257.28 256.79 -6.400 -6.428 -0.045 -0.028
73.70 256.20 256.23 256.15 -6.400 -6.430 -0.042 -0.030
73.80 255.56 255.78 255.48 -6.400 -6.457 -0.072 -0.057
73.90 254.92 254.97 254.85 -6.400 -6.441 -0.064 -0.041
74.00 254.28 254.36 254.24 -6.400 -6.407 -0.035 -0.007
74.10 253.64 253.80 253.63 -6.400 -6.376 -0.003 0.024
74.20 253.00 252.42 252.96 -6.400 -6.411 -0.040 -0.011
74.30 252.36 251.83 252.28 -6.400 -6.441 -0.075 -0.041
74.40 251.72 251.01 251.67 -6.400 -6.420 -0.046 -0.020
74.50 251.08 250.97 251.04 -6.400 -6.422 -0.041 -0.022
74.60 250.44 250.67 250.40 -6.400 -6.420 -0.033 -0.020
74.70 249.80 249.79 249.79 -6.400 -6.397 -0.004 0.003
74.80 249.16 249.58 249.18 -6.400 -6.375 0.023 0.025
74.90 248.52 248.28 248.54 -6.400 -6.380 0.020 0.020
75.00 247.88 247.78 247.90 -6.400 -6.383 0.019 0.017
75.10 247.24 247.17 247.24 -6.400 -6.389 0.007 0.011
75.20 246.60 246.93 246.59 -6.400 -6.398 -0.005 0.002
75.30 245.96 246.21 245.95 -6.400 -6.396 -0.004 0.004
75.40 245.32 245.79 245.32 -6.400 -6.396 0.004 0.004
75.50 244.68 244.86 244.69 -6.400 -6.402 0.011 -0.002
75.60 244.04 243.67 244.00 -6.400 -6.451 -0.032 -0.051
75.70 243.40 243.25 243.35 -6.400 -6.467 -0.041 -0.067
75.80 242.76 243.27 242.78 -6.400 -6.403 0.020 -0.003
75.90 242.12 242.11 242.11 -6.400 -6.422 -0.008 -0.022
76.00 241.48 241.20 241.47 -6.400 -6.414 -0.007 -0.014
76.10 240.84 241.07 240.83 -6.400 -6.401 -0.003 -0.001
76.20 240.20 240.44 240.21 -6.400 -6.386 0.015 0.014
76.30 239.56 239.57 239.60 -6.400 -6.366 0.042 0.034
76.40 238.92 238.95 238.97 -6.400 -6.369 0.050 0.031
76.50 238.28 238.44 238.34 -6.400 -6.372 0.061 0.028
76.60 237.64 237.74 237.68 -6.400 -6.403 0.041 -0.003
76.70 237.00 236.86 237.03 -6.400 -6.414 0.032 -0.014
76.80 236.36 236.69 236.40 -6.400 -6.402 0.045 -0.002
76.90 235.72 235.44 235.73 -6.400 -6.429 0.014 -0.029
77.00 235.08 235.35 235.12 -6.400 -6.401 0.043 -0.001
77.10 234.44 234.55 234.47 -6.400 -6.398 0.037 0.002
77.20 233.80 233.87 233.81 -6.400 -6.415 0.013 -0.015
77.30 233.16 233.25 233.16 -6.400 -6.425 0.003 -0.025
77.40 232.52 232.55 232.54 -6.400 -6.405 0.029 -0.005
77.50 231.88 232.18 231.94 -6.400 -6.375 0.069 0.025
77.60 231.24 230.92 231.28 -6.400 -6.410 0.042 -0.010
77.70 230.60 230.59 230.61 -6.400 -6.441 0.011 -0.041
77.80 229.96 230.27 229.97 -6.400 -6.430 0.018 -0.030
77.90 229.32 229.75 229.33 -6.400 -6.423 0.018 -0.023
78.00 228.68 228.71 228.70 -6.400 -6.407 0.029 -0.007
78.10 228.04 227.98 228.03 -6.400 -6.435 -0.008 -0.035
78.20 227.40 227.03 227.38 -6.400 -6.436 -0.017 -0.036
78.30 226.76 226.86 226.77 -6.400 -6.412 0.011 -0.012
78.40 226.12 226.69 226.12 -6.400 -6.424 0.002 -0.024
78.50 225.48 225.30 225.44 -6.400 -6.467 -0.036 -0.067
78.60 224.84 224.33 224.76 -6.400 -6.508 -0.076 -0.108
78.70 224.20 224.36 224.11 -6.400 -6.513 -0.083 -0.113
78.80 223.56 223.40 223.44 -6.400 -6.528 -0.112 -0.128
78.90 222.92 223.03 222.78 -6.400 -6.540 -0.137 -0.140
79.00 222.28 221.84 222.15 -6.400 -6.515 -0.126 -0.115
79.10 221.64 221.86 221.52 -6.400 -6.494 -0.120 -0.094
79.20 221.00 220.97 220.86 -6.400 -6.501 -0.138 -0.101
79.30 220.36 220.46 220.26 -6.400 -6.461 -0.099 -0.061
79.40 219.72 219.77 219.60 -6.400 -6.479 -0.118 -0.079
79.50 219.08 219.21 218.94 -6.400 -6.495 -0.134 -0.095
79.60 218.44 217.76 218.30 -6.400 -6.499 -0.137 -0.099
79.70 217.80 217.89 217.68 -6.400 -6.475 -0.114 -0.075
79.80 217.16 216.78 217.07 -6.400 -6.441 -0.084 -0.041
79.90 216.52 216.50 216.45 -6.400 -6.417 -0.063 -0.017
80.00 215.88 216.60 215.86 -6.400 -6.370 -0.018 0.030
80.10 215.24 215.53 215.24 -6.400 -6.347 0.007 0.053
80.20 214.60 214.34 214.60 -6.400 -6.354 -0.000 0.046
80.30 213.96 213.89 213.97 -6.400 -6.347 0.015 0.053
80.40 213.32 213.31 213.34 -6.400 -6.346 0.029 0.054
80.50 212.68 213.00 212.69 -6.400 -6.374 0.012 0.026
80.60 212.04 212.33 212.05 -6.400 -6.385 0.012 0.015
80.70 211.40 210.66 211.38 -6.400 -6.420 -0.020 -0.020
80.80 210.76 210.36 210.70 -6.400 -6.458 -0.059 -0.058
80.90 210.12 210.04 210.07 -6.400 -6.435 -0.043 -0.035
81.00 209.48 209.67 209.41 -6.400 -6.450 -0.069 -0.050
81.10 208.84 208.65 208.75 -6.400 -6.456 -0.089 -0.056
81.20 208.20 207.91 208.09 -6.400 -6.458 -0.101 -0.058
81.30 207.56 207.53 207.46 -6.400 -6.450 -0.094 -0.050
81.40 206.92 207.29 206.86 -6.400 -6.422 -0.058 -0.022
81.50 206.28 205.76 206.21 -6.400 -6.442 -0.069 -0.042
81.60 205.64 205.16 205.58 -6.400 -6.434 -0.054 -0.034
81.70 205.00 205.11 204.94 -6.400 -6.433 -0.053 -0.033
81.80 204.36 204.75 204.32 -6.400 -6.417 -0.039 -0.017
81.90 203.72 203.99 203.68 -6.400 -6.411 -0.038 -0.011
82.00 203.08 203.42 203.05 -6.400 -6.396 -0.028 0.004
82.10 202.44 202.08 202.40 -6.400 -6.400 -0.033 -0.000
82.20 201.80 202.54 201.81 -6.400 -6.360 0.015 0.040
82.30 201.16 200.94 201.17 -6.400 -6.362 0.018 0.038
82.40 200.52 200.80 200.55 -6.400 -6.357 0.037 0.043
82.50 199.88 199.81 199.92 -6.400 -6.363 0.044 0.037
82.60 199.24 199.86 199.31 -6.400 -6.341 0.078 0.059
82.70 198.60 198.58 198.70 -6.400 -6.333 0.101 0.067
82.80 197.96 198.26 198.06 -6.400 -6.341 0.102 0.059
82.90 197.32 197.10 197.39 -6.400 -6.370 0.074 0.030
83.00 196.68 197.01 196.73 -6.400 -6.383 0.058 0.017
83.10 196.04 195.66 196.08 -6.400 -6.393 0.041 0.007
83.20 195.40 195.52 195.40 -6.400 -6.426 0.003 -0.026
83.30 194.76 194.58 194.72 -6.400 -6.464 -0.037 -0.064
83.40 194.12 193.96 194.10 -6.400 -6.448 -0.015 -0.048
83.50 193.48 193.68 193.43 -6.400 -6.473 -0.041 -0.073
83.60 192.84 192.72 192.81 -6.400 -6.461 -0.026 -0.061
83.70 192.20 192.21 192.13 -6.400 -6.494 -0.061 -0.094
83.80 191.56 191.41 191.49 -6.400 -6.494 -0.068 -0.094
83.90 190.92 190.27 190.84 -6.400 -6.494 -0.079 -0.094
84.00 190.28 190.03 190.18 -6.400 -6.496 -0.096 -0.096
84.10 189.64 189.85 189.56 -6.400 -6.463 -0.074 -0.063
84.20 189.00 189.09 188.96 -6.400 -6.427 -0.038 -0.027
84.30 188.36 188.07 188.29 -6.400 -6.452 -0.061 -0.052
84.40 187.72 188.15 187.68 -6.400 -6.430 -0.034 -0.030
84.50 187.08 186.90 187.00 -6.400 -6.470 -0.073 -0.070
84.60 186.44 185.95 186.33 -6.400 -6.498 -0.102 -0.098
84.70 185.80 185.72 185.72 -6.400 -6.473 -0.072 -0.073
84.80 185.16 185.19 185.12 -6.400 -6.433 -0.034 -0.033
84.90 184.52 184.80 184.54 -6.400 -6.381 0.022 0.019
85.00 183.88 184.10 183.89 -6.400 -6.383 0.019 0.017
85.10 183.24 183.26 183.26 -6.400 -6.372 0.025 0.028
85.20 182.60 182.43 182.60 -6.400 -6.398 0.000 0.002
85.30 181.96 181.63 181.94 -6.400 -6.410 -0.013 -0.010
85.40 181.32 181.58 181.32 -6.400 -6.396 0.005 0.004
85.50 180.68 180.42 180.71 -6.400 -6.384 0.030 0.016
85.60 180.04 179.66 180.05 -6.400 -6.411 0.012 -0.011
85.70 179.40 179.74 179.43 -6.400 -6.394 0.036 0.006
85.80 178.76 178.71 178.77 -6.400 -6.414 0.015 -0.014
85.90 178.12 178.08 178.16 -6.400 -6.385 0.046 0.015
86.00 177.48 177.44 177.51 -6.400 -6.393 0.037 0.007
86.10 176.84 176.95 176.88 -6.400 -6.388 0.042 0.012
86.20 176.20 175.77 176.21 -6.400 -6.416 0.010 -0.016
86.30 175.56 175.96 175.57 -6.400 -6.415 0.015 -0.015
86.40 174.92 175.24 174.97 -6.400 -6.385 0.058 0.015
86.50 174.28 174.26 174.33 -6.400 -6.401 0.052 -0.001
86.60 173.64 173.64 173.68 -6.400 -6.423 0.039 -0.023
86.70 173.00 172.97 173.04 -6.400 -6.417 0.044 -0.017
86.80 172.36 172.72 172.39 -6.400 -6.427 0.035 -0.027
86.90 171.72 171.72 171.74 -6.400 -6.428 0.024 -0.028
87.00 171.08 171.19 171.10 -6.400 -6.417 0.028 -0.017
87.10 170.44 170.07 170.44 -6.400 -6.433 0.005 -0.033
87.20 169.80 168.98 169.75 -6.400 -6.472 -0.043 -0.072
87.30 169.16 169.49 169.14 -6.400 -6.446 -0.019 -0.046
87.40 168.52 168.51 168.48 -6.400 -6.467 -0.036 -0.067
87.50 167.88 167.22 167.80 -6.400 -6.505 -0.075 -0.105
87.60 167.24 167.57 167.17 -6.400 -6.498 -0.068 -0.098
87.70 166.60 166.84 166.53 -6.400 -6.499 -0.069 -0.099
87.80 165.96 166.47 165.93 -6.400 -6.455 -0.025 -0.055
87.90 165.32 165.00 165.26 -6.400 -6.477 -0.058 -0.077
88.00 164.68 165.05 164.62 -6.400 -6.461 -0.053 -0.061
88.10 164.04 164.10 164.00 -6.400 -6.439 -0.038 -0.039
88.20 163.40 163.08 163.29 -6.400 -6.498 -0.108 -0.098
88.30 162.76 162.96 162.66 -6.400 -6.474 -0.092 -0.074
88.40 162.12 161.95 162.01 -6.400 -6.489 -0.106 -0.089
88.50 161.48 161.46 161.34 -6.400 -6.513 -0.131 -0.113
88.60 160.84 161.05 160.77 -6.400 -6.456 -0.069 -0.056
88.70 160.20 160.18 160.14 -6.400 -6.444 -0.056 -0.044
88.80 159.56 159.81 159.54 -6.400 -6.411 -0.020 -0.011
88.90 158.92 158.96 158.88 -6.400 -6.424 -0.037 -0.024
89.00 158.28 158.24 158.21 -6.400 -6.441 -0.068 -0.041
89.10 157.64 157.72 157.60 -6.400 -6.406 -0.038 -0.006
89.20 157.00 156.86 156.96 -6.400 -6.405 -0.040 -0.005
89.30 156.36 156.34 156.35 -6.400 -6.375 -0.002 0.025
89.40 155.72 156.09 155.72 -6.400 -6.371 0.009 0.029
89.50 155.08 154.79 155.08 -6.400 -6.385 0.004 0.015
89.60 154.44 154.84 154.43 -6.400 -6.398 -0.001 0.002
89.70 153.80 153.41 153.77 -6.400 -6.418 -0.021 -0.018
89.80 153.16 153.21 153.10 -6.400 -6.450 -0.056 -0.050
89.90 152.52 152.07 152.43 -6.400 -6.469 -0.086 -0.069
90.00 151.88 152.04 151.83 -6.400 -6.418 -0.041 -0.018
90.10 151.24 150.89 151.17 -6.400 -6.435 -0.068 -0.035
90.20 150.60 150.95 150.58 -6.400 -6.386 -0.020 0.014
90.30 149.96 150.16 149.96 -6.400 -6.366 0.005 0.034
90.40 149.32 148.81 149.31 -6.400 -6.383 -0.001 0.017
90.50 148.68 148.46 148.67 -6.400 -6.399 -0.010 0.001
90.60 148.04 148.25 148.04 -6.400 -6.392 0.005 0.008
90.70 147.40 147.06 147.40 -6.400 -6.397 0.008 0.003
90.80 146.76 146.26 146.74 -6.400 -6.417 -0.012 -0.017
90.90 146.12 145.90 146.08 -6.400 -6.433 -0.036 -0.033
91.00 145.48 145.29 145.41 -6.400 -6.448 -0.064 -0.048
91.10 144.84 144.50 144.79 -6.400 -6.422 -0.046 -0.022
91.20 144.20 143.79 144.14 -6.400 -6.427 -0.055 -0.027
91.30 143.56 143.26 143.50 -6.400 -6.430 -0.060 -0.030
91.40 142.92 143.25 142.87 -6.400 -6.421 -0.046 -0.021
91.50 142.28 142.25 142.22 -6.400 -6.438 -0.059 -0.038
91.60 141.64 140.75 141.55 -6.400 -6.472 -0.090 -0.072
91.70 141.00 140.94 140.95 -6.400 -6.432 -0.044 -0.032
91.80 140.36 140.30 140.32 -6.400 -6.430 -0.040 -0.030
91.90 139.72 139.79 139.70 -6.400 -6.402 -0.016 -0.002
92.00 139.08 139.73 139.06 -6.400 -6.401 -0.016 -0.001
92.10 138.44 138.40 138.42 -6.400 -6.393 -0.018 0.007
92.20 137.80 138.20 137.78 -6.400 -6.387 -0.013 0.013
92.30 137.16 137.21 137.15 -6.400 -6.384 -0.008 0.016
92.40 136.52 136.26 136.51 -6.400 -6.391 -0.003 0.009
92.50 135.88 135.85 135.86 -6.400 -6.406 -0.013 -0.006
92.60 135.24 135.53 135.23 -6.400 -6.411 -0.010 -0.011
92.70 134.60 134.62 134.58 -6.400 -6.423 -0.020 -0.023
92.80 133.96 133.74 133.93 -6.400 -6.428 -0.024 -0.028
92.90 133.32 133.21 133.27 -6.400 -6.438 -0.046 -0.038
93.00 132.68 132.65 132.63 -6.400 -6.429 -0.045 -0.029
93.10 132.04 132.66 132.00 -6.400 -6.417 -0.038 -0.017
93.20 131.40 131.53 131.38 -6.400 -6.400 -0.019 0.000
93.30 130.76 130.74 130.74 -6.400 -6.400 -0.015 0.000
93.40 130.12 130.94 130.14 -6.400 -6.371 0.024 0.029
93.50 129.48 129.48 129.48 -6.400 -6.396 0.008 0.004
93.60 128.84 129.22 128.88 -6.400 -6.377 0.040 0.023
93.70 128.20 127.84 128.18 -6.400 -6.431 -0.016 -0.031
93.80 127.56 127.39 127.54 -6.400 -6.430 -0.015 -0.030
93.90 126.92 126.82 126.89 -6.400 -6.436 -0.028 -0.036
94.00 126.28 125.93 126.22 -6.400 -6.451 -0.055 -0.051
94.10 125.64 126.23 125.62 -6.400 -6.411 -0.018 -0.011
94.20 125.00 125.02 124.98 -6.400 -6.413 -0.017 -0.013
94.30 124.36 124.28 124.31 -6.400 -6.434 -0.042 -0.034
94.40 123.72 123.49 123.66 -6.400 -6.452 -0.056 -0.052
94.50 123.08 122.95 123.01 -6.400 -6.459 -0.065 -0.059
94.60 122.44 122.94 122.39 -6.400 -6.446 -0.045 -0.046
94.70 121.80 122.09 121.78 -6.400 -6.423 -0.015 -0.023
94.80 121.16 121.65 121.17 -6.400 -6.399 0.013 0.001
94.90 120.52 120.47 120.53 -6.400 -6.402 0.009 -0.002
95.00 119.88 120.48 119.90 -6.400 -6.383 0.020 0.017
95.10 119.24 119.69 119.26 -6.400 -6.376 0.021 0.024
95.20 118.60 118.41 118.60 -6.400 -6.396 0.002 0.004
95.30 117.96 117.51 117.93 -6.400 -6.427 -0.029 -0.027
95.40 117.32 117.21 117.27 -6.400 -6.444 -0.042 -0.044
95.50 116.68 116.20 116.62 -6.400 -6.464 -0.060 -0.064
95.60 116.04 116.15 115.96 -6.400 -6.480 -0.077 -0.080
95.70 115.40 114.71 115.29 -6.400 -6.504 -0.104 -0.104
95.80 114.76 114.79 114.68 -6.400 -6.469 -0.071 -0.069
95.90 114.12 114.56 114.08 -6.400 -6.425 -0.034 -0.025
96.00 113.48 113.73 113.44 -6.400 -6.420 -0.036 -0.020
96.10 112.84 112.22 112.80 -6.400 -6.414 -0.035 -0.014
96.20 112.20 112.52 112.18 -6.400 -6.394 -0.019 0.006
96.30 111.56 111.04 111.55 -6.400 -6.391 -0.010 0.009
96.40 110.92 111.35 110.90 -6.400 -6.405 -0.019 -0.005
96.50 110.28 110.47 110.24 -6.400 -6.428 -0.036 -0.028
96.60 109.64 110.05 109.67 -6.400 -6.363 0.037 0.037
96.70 109.00 109.04 109.07 -6.400 -6.343 0.071 0.057
96.80 108.36 108.44 108.43 -6.400 -6.345 0.074 0.055
96.90 107.72 107.75 107.76 -6.400 -6.372 0.048 0.028
97.00 107.08 106.95 107.13 -6.400 -6.370 0.054 0.030
97.10 106.44 106.46 106.46 -6.400 -6.391 0.025 0.009
97.20 105.80 105.61 105.84 -6.400 -6.380 0.041 0.020
97.30 105.16 105.22 105.19 -6.400 -6.387 0.038 0.013
97.40 104.52 104.25 104.56 -6.400 -6.392 0.041 0.008
97.50 103.88 104.12 103.94 -6.400 -6.378 0.069 0.022
97.60 103.24 103.00 103.26 -6.400 -6.434 0.021 -0.034
97.70 102.60 102.29 102.61 -6.400 -6.442 0.019 -0.042
97.80 101.96 101.43 101.95 -6.400 -6.466 -0.008 -0.066
97.90 101.32 101.73 101.34 -6.400 -6.429 0.027 -0.029
98.00 100.68 100.95 100.70 -6.400 -6.429 0.022 -0.029
98.10 100.04 99.66 100.05 -6.400 -6.426 0.017 -0.026
98.20 99.40 99.18 99.40 -6.400 -6.437 0.004 -0.037
98.30 98.76 99.14 98.80 -6.400 -6.403 0.041 -0.003
98.40 98.12 98.24 98.19 -6.400 -6.381 0.070 0.019
98.50 97.48 97.73 97.54 -6.400 -6.400 0.061 -0.000
98.60 96.84 97.08 96.90 -6.400 -6.403 0.067 -0.003
98.70 96.20 96.19 96.25 -6.400 -6.421 0.050 -0.021
98.80 95.56 95.50 95.63 -6.400 -6.403 0.073 -0.003
98.90 94.92 95.82 95.00 -6.400 -6.386 0.087 0.014
99.00 94.28 94.30 94.36 -6.400 -6.383 0.082 0.017
99.10 93.64 93.67 93.70 -6.400 -6.399 0.064 0.001
99.20 93.00 92.53 92.98 -6.400 -6.467 -0.012 -0.067
99.30 92.36 92.56 92.36 -6.400 -6.451 0.002 -0.051
99.40 91.72 91.24 91.68 -6.400 -6.481 -0.033 -0.081
99.50 91.08 90.89 91.00 -6.400 -6.523 -0.078 -0.123
99.60 90.44 90.22 90.41 -6.400 -6.479 -0.029 -0.079
99.70 89.80 90.41 89.80 -6.400 -6.448 0.004 -0.048
99.80 89.16 88.40 89.12 -6.400 -6.478 -0.032 -0.078
99.90 88.52 89.05 88.49 -6.400 -6.454 -0.021 -0.054
100.00 87.88 88.22 87.88 -6.400 -6.426 -0.000 -0.026
100.10 87.24 87.21 87.24 -6.400 -6.416 0.005 -0.016
100.20 86.60 86.74 86.59 -6.400 -6.418 -0.003 -0.018
100.30 85.96 86.53 85.95 -6.400 -6.414 -0.001 -0.014
100.40 85.32 84.68 85.28 -6.400 -6.447 -0.033 -0.047
100.50 84.68 84.28 84.63 -6.400 -6.462 -0.045 -0.062
100.60 84.04 84.50 83.99 -6.400 -6.467 -0.049 -0.067
100.70 83.40 82.83 83.36 -6.400 -6.460 -0.036 -0.060
100.80 82.76 82.89 82.71 -6.400 -6.468 -0.049 -0.068
100.90 82.12 82.03 82.05 -6.400 -6.474 -0.065 -0.074
101.00 81.48 81.65 81.45 -6.400 -6.425 -0.026 -0.025
101.10 80.84 80.10 80.75 -6.400 -6.474 -0.084 -0.074
101.20 80.20 80.19 80.11 -6.400 -6.473 -0.091 -0.073
101.30 79.56 79.36 79.44 -6.400 -6.489 -0.113 -0.089
101.40 78.92 78.26 78.78 -6.400 -6.511 -0.136 -0.111
101.50 78.28 78.45 78.16 -6.400 -6.498 -0.120 -0.098
101.60 77.64 78.00 77.52 -6.400 -6.494 -0.119 -0.094
101.70 77.00 77.03 76.94 -6.400 -6.441 -0.061 -0.041
101.80 76.36 76.66 76.31 -6.400 -6.423 -0.045 -0.023
101.90 75.72 75.41 75.68 -6.400 -6.413 -0.039 -0.013
102.00 75.08 75.24 75.05 -6.400 -6.401 -0.026 -0.001
102.10 74.44 74.69 74.42 -6.400 -6.390 -0.019 0.010
102.20 73.80 73.42 73.78 -6.400 -6.391 -0.020 0.009
102.30 73.16 73.47 73.11 -6.400 -6.421 -0.048 -0.021
102.40 72.52 72.37 72.47 -6.400 -6.425 -0.043 -0.025
102.50 71.88 71.84 71.81 -6.400 -6.449 -0.065 -0.049
102.60 71.24 71.51 71.17 -6.400 -6.450 -0.062 -0.050
102.70 70.60 70.34 70.50 -6.400 -6.477 -0.092 -0.077
102.80 69.96 69.74 69.85 -6.400 -6.482 -0.101 -0.082
102.90 69.32 69.59 69.26 -6.400 -6.438 -0.059 -0.038
103.00 68.68 69.16 68.62 -6.400 -6.431 -0.060 -0.031
103.10 68.04 68.44 67.98 -6.400 -6.423 -0.059 -0.023
103.20 67.40 67.05 67.31 -6.400 -6.445 -0.086 -0.045
103.30 66.76 67.25 66.73 -6.400 -6.387 -0.026 0.013
103.40 66.12 66.38 66.11 -6.400 -6.379 -0.006 0.021
103.50 65.48 65.48 65.50 -6.400 -6.368 0.021 0.032
103.60 64.84 65.07 64.86 -6.400 -6.376 0.027 0.024
103.70 64.20 64.32 64.23 -6.400 -6.376 0.035 0.024
103.80 63.56 63.36 63.56 -6.400 -6.409 0.004 -0.009
103.90 62.92 62.91 62.94 -6.400 -6.388 0.026 0.012
104.00 62.28 62.45 62.30 -6.400 -6.390 0.022 0.010
104.10 61.64 61.16 61.62 -6.400 -6.424 -0.018 -0.024
104.20 61.00 61.30 61.01 -6.400 -6.393 0.014 0.007
104.30 60.36 60.00 60.32 -6.400 -6.437 -0.031 -0.037
104.40 59.72 60.00 59.72 -6.400 -6.413 0.001 -0.013
104.50 59.08 59.20 59.05 -6.400 -6.446 -0.028 -0.046
104.60 58.44 58.45 58.42 -6.400 -6.438 -0.012 -0.038
104.70 57.80 57.59 57.78 -6.400 -6.447 -0.020 -0.047
104.80 57.16 57.44 57.13 -6.400 -6.441 -0.022 -0.041
104.90 56.52 56.92 56.53 -6.400 -6.405 0.015 -0.005
105.00 55.88 55.73 55.87 -6.400 -6.421 -0.007 -0.021
105.10 55.24 55.46 55.25 -6.400 -6.394 0.015 0.006
105.20 54.60 54.07 54.57 -6.400 -6.435 -0.030 -0.035
105.30 53.96 53.88 53.91 -6.400 -6.445 -0.042 -0.045
105.40 53.32 53.08 53.28 -6.400 -6.442 -0.039 -0.042
105.50 52.68 52.54 52.64 -6.400 -6.443 -0.034 -0.043
105.60 52.04 52.30 51.98 -6.400 -6.466 -0.054 -0.066
105.70 51.40 51.63 51.36 -6.400 -6.448 -0.037 -0.048
105.80 50.76 50.71 50.75 -6.400 -6.416 -0.002 -0.016
105.90 50.12 50.59 50.13 -6.400 -6.396 0.017 0.004
106.00 49.48 49.68 49.51 -6.400 -6.377 0.036 0.023
106.10 48.84 49.06 48.89 -6.400 -6.356 0.056 0.044
106.20 48.20 47.88 48.25 -6.400 -6.364 0.051 0.036
106.30 47.56 47.33 47.59 -6.400 -6.386 0.037 0.014
106.40 46.92 46.66 46.94 -6.400 -6.412 0.020 -0.012
106.50 46.28 46.68 46.28 -6.400 -6.434 0.001 -0.034
106.60 45.64 45.58 45.63 -6.400 -6.446 -0.009 -0.046
106.70 45.00 44.98 44.98 -6.400 -6.457 -0.019 -0.057
106.80 44.36 43.95 44.31 -6.400 -6.478 -0.048 -0.078
106.90 43.72 43.30 43.68 -6.400 -6.460 -0.038 -0.060
107.00 43.08 42.84 43.06 -6.400 -6.433 -0.015 -0.033
107.10 42.44 43.09 42.45 -6.400 -6.406 0.011 -0.006
107.20 41.80 41.80 41.84 -6.400 -6.372 0.049 0.028
107.30 41.16 40.78 41.17 -6.400 -6.404 0.019 -0.004
107.40 40.52 40.56 40.56 -6.400 -6.392 0.039 0.008
107.50 39.88 40.01 39.91 -6.400 -6.406 0.038 -0.006
107.60 39.24 39.30 39.27 -6.400 -6.418 0.030 -0.018
107.70 38.60 38.68 38.64 -6.400 -6.411 0.042 -0.011
107.80 37.96 37.89 38.01 -6.400 -6.401 0.053 -0.001
107.90 37.32 36.97 37.34 -6.400 -6.431 0.022 -0.031
108.00 36.68 36.73 36.68 -6.400 -6.441 0.003 -0.041
108.10 36.04 35.95 36.03 -6.400 -6.440 -0.003 -0.040
108.20 35.40 34.99 35.35 -6.400 -6.470 -0.042 -0.070
108.30 34.76 34.74 34.72 -6.400 -6.457 -0.035 -0.057
108.40 34.12 33.96 34.10 -6.400 -6.438 -0.013 -0.038
108.50 33.48 33.69 33.47 -6.400 -6.441 -0.008 -0.041
108.60 32.84 32.28 32.79 -6.400 -6.488 -0.050 -0.088
108.70 32.20 32.13 32.13 -6.400 -6.500 -0.067 -0.100
108.80 31.56 31.47 31.53 -6.400 -6.456 -0.029 -0.056
108.90 30.92 31.18 30.87 -6.400 -6.456 -0.041 -0.056
109.00 30.28 30.77 30.23 -6.400 -6.453 -0.049 -0.053
109.10 29.64 29.63 29.61 -6.400 -6.427 -0.027 -0.027
109.20 29.00 29.38 28.99 -6.400 -6.406 -0.007 -0.006
109.30 28.36 28.33 28.36 -6.400 -6.398 0.002 0.002
109.40 27.72 28.17 27.75 -6.400 -6.379 0.033 0.021
109.50 27.08 27.28 27.11 -6.400 -6.390 0.037 0.010
109.60 26.44 26.67 26.47 -6.400 -6.400 0.033 -0.000
109.70 25.80 25.50 25.81 -6.400 -6.423 0.018 -0.023
109.80 25.16 25.28 25.17 -6.400 -6.423 0.015 -0.023
109.90 24.52 24.30 24.57 -6.400 -6.387 0.053 0.013
110.00 23.88 23.55 23.93 -6.400 -6.386 0.050 0.014
110.10 23.24 23.40 23.30 -6.400 -6.367 0.066 0.033
110.20 22.60 22.90 22.69 -6.400 -6.343 0.092 0.057
110.30 21.96 21.73 22.05 -6.400 -6.346 0.096 0.054
110.40 21.32 21.12 21.42 -6.400 -6.354 0.100 0.046
110.50 20.68 20.06 20.73 -6.400 -6.406 0.056 -0.006
110.60 20.04 19.85 20.07 -6.400 -6.432 0.036 -0.032
110.70 19.40 19.73 19.40 -6.400 -6.461 0.002 -0.061
110.80 18.76 18.93 18.77 -6.400 -6.444 0.019 -0.044
110.90 18.12 18.51 18.13 -6.400 -6.444 0.012 -0.044
111.00 17.48 17.66 17.44 -6.400 -6.479 -0.035 -0.079
111.10 16.84 17.07 16.83 -6.400 -6.447 -0.006 -0.047
111.20 16.20 16.12 16.18 -6.400 -6.450 -0.017 -0.050
111.30 15.56 15.76 15.54 -6.400 -6.442 -0.012 -0.042
111.40 14.92 14.91 14.92 -6.400 -6.427 0.007 -0.027
111.50 14.28 14.32 14.26 -6.400 -6.449 -0.011 -0.049
111.60 13.64 14.14 13.65 -6.400 -6.428 0.019 -0.028
111.70 13.00 12.95 12.99 -6.400 -6.452 -0.008 -0.052
111.80 12.36 11.99 12.33 -6.400 -6.468 -0.030 -0.068
111.90 11.72 11.94 11.71 -6.400 -6.432 -0.001 -0.032
112.00 11.08 10.77 11.06 -6.400 -6.439 -0.017 -0.039
112.10 10.44 10.45 10.43 -6.400 -6.415 -0.005 -0.015
112.20 9.80 9.61 9.79 -6.400 -6.411 -0.001 -0.011
112.30 9.16 8.83 9.10 -6.400 -6.462 -0.059 -0.062
112.40 8.52 8.69 8.47 -6.400 -6.450 -0.050 -0.050
112.50 7.88 7.54 7.84 -6.400 -6.444 -0.039 -0.044
112.60 7.24 7.52 7.24 -6.400 -6.410 0.008 -0.010
112.70 6.60 6.93 6.64 -6.400 -6.387 0.040 0.013
112.80 5.96 6.34 6.00 -6.400 -6.385 0.049 0.015
112.90 5.32 5.59 5.35 -6.400 -6.400 0.030 -0.000
113.00 4.68 4.55 4.70 -6.400 -6.400 0.024 -0.000
113.10 4.04 3.79 4.06 -6.400 -6.396 0.029 0.004
113.20 3.40 3.53 3.39 -6.400 -6.420 -0.001 -0.020
113.30 2.76 2.34 2.74 -6.400 -6.432 -0.011 -0.032
113.40 2.12 2.15 2.07 -6.400 -6.468 -0.044 -0.068
113.50 1.48 1.37 1.42 -6.400 -6.481 -0.054 -0.081
113.60 0.84 1.21 0.82 -6.400 -6.455 -0.020 -0.055
113.70 0.20 0.01 0.14 -6.400 -6.489 -0.059 -0.089
113.80 0.00 -0.21 -0.48 0.000 -6.452 -0.477 -6.452
113.90 0.00 0.41 -0.97 0.000 -6.314 -0.973 -6.314
114.00 0.00 0.04 -1.41 0.000 -6.137 -1.413 -6.137
114.10 0.00 -0.08 -1.97 0.000 -6.083 -1.967 -6.083
114.20 0.00 -0.27 -2.57 0.000 -6.079 -2.575 -6.079
114.30 0.00 0.32 -3.18 0.000 -6.075 -3.182 -6.075
114.40 0.00 -0.02 -3.79 0.000 -6.068 -3.789 -6.068
114.50 0.00 -0.52 -4.40 0.000 -6.063 -4.396 -6.063
114.60 0.00 0.34 -5.00 0.000 -6.055 -5.002 -6.055
114.70 0.00 -0.81 -5.61 0.000 -6.052 -5.607 -6.052
114.80 0.00 -0.12 -6.21 0.000 -6.046 -6.212 -6.046
114.90 0.00 -0.12 -6.82 0.000 -6.041 -6.816 -6.041
115.00 0.00 0.07 -7.42 0.000 -6.039 -7.420 -6.039
115.10 0.00 0.30 -0.00 0.000 -6.029 -0.000 -6.029
115.20 0.00 0.29 -0.35 0.000 -6.004 -0.346 -6.004
115.30 0.00 -0.56 -0.80 0.000 -5.969 -0.804 -5.969
115.40 0.00 -0.01 -1.14 0.000 -5.868 -1.136 -5.868
115.50 0.00 0.44 -1.50 0.000 -5.743 -1.500 -5.743
115.60 0.00 -0.05 -2.00 0.000 -5.679 -1.996 -5.679
115.70 0.00 -0.30 -2.56 0.000 -5.677 -2.564 -5.677
115.80 0.00 -0.14 -3.13 0.000 -5.672 -3.132 -5.672
115.90 0.00 -0.28 -3.70 0.000 -5.664 -3.698 -5.664
116.00 0.00 0.02 -4.26 0.000 -5.663 -4.265 -5.663
116.10 0.00 -0.38 -4.83 0.000 -5.661 -4.831 -5.661
116.20 0.00 0.38 -5.40 0.000 -5.656 -5.397 -5.656
116.30 0.00 -0.28 -5.96 0.000 -5.651 -5.962 -5.651
116.40 0.00 -0.29 -6.53 0.000 -5.646 -6.527 -5.646
116.50 0.00 0.00 -7.09 0.000 -5.641 -7.091 -5.641
116.60 0.00 0.06 -0.34 0.000 -5.634 -0.339 -5.634
116.70 0.00 -0.34 -0.48 0.000 -5.616 -0.477 -5.616
116.80 0.00 0.06 -0.67 0.000 -5.540 -0.674 -5.540
116.90 0.00 -0.15 -0.95 0.000 -5.428 -0.948 -5.428
117.00 0.00 0.21 -1.19 0.000 -5.228 -1.191 -5.228
117.10 0.00 -0.01 -1.44 0.000 -4.979 -1.442 -4.979
117.20 0.00 -0.13 -1.82 0.000 -4.859 -1.818 -4.859
117.30 0.00 0.07 -2.30 0.000 -4.855 -2.303 -4.855
117.40 0.00 -0.21 -2.79 0.000 -4.849 -2.788 -4.849
117.50 0.00 0.15 -3.27 0.000 -4.843 -3.273 -4.843
117.60 0.00 -0.08 -3.76 0.000 -4.836 -3.757 -4.836
117.70 0.00 -0.20 -4.24 0.000 -4.827 -4.240 -4.827
117.80 0.00 -0.07 -4.72 0.000 -4.821 -4.722 -4.821
117.90 0.00 0.64 -5.20 0.000 -4.817 -5.204 -4.817
118.00 0.00 0.01 -5.69 0.000 -4.810 -5.686 -4.810
118.10 0.00 -0.00 -6.17 0.000 -4.805 -6.166 -4.805
118.20 0.00 0.24 -0.14 0.000 -4.793 -0.139 -4.793
118.30 0.00 0.36 -0.29 0.000 -4.751 -0.286 -4.751
118.40 0.00 0.30 -0.64 0.000 -4.692 -0.643 -4.692
118.50 0.00 0.24 -0.82 0.000 -4.516 -0.824 -4.516
118.60 0.00 -0.81 -1.03 0.000 -4.302 -1.034 -4.302
118.70 0.00 0.49 -1.17 0.000 -3.983 -1.166 -3.983
118.80 0.00 -0.07 -1.24 0.000 -3.590 -1.244 -3.590
118.90 0.00 0.01 -1.27 0.000 -3.163 -1.269 -3.163
119.00 0.00 -0.37 -1.24 0.000 -2.724 -1.240 -2.724
119.10 0.00 0.02 -1.30 0.000 -2.453 -1.302 -2.453
119.20 0.00 -0.37 -1.26 0.000 -2.112 -1.265 -2.112
119.30 0.00 0.02 -1.25 0.000 -1.851 -1.253 -1.851
119.40 0.00 0.20 -1.20 0.000 -1.584 -1.201 -1.584
119.50 0.00 0.13 -1.13 0.000 -1.345 -1.134 -1.345
119.60 0.00 -0.04 -0.92 0.000 -0.989 -0.916 -0.989
119.70 0.00 -0.12 -0.73 0.000 -0.717 -0.733 -0.717
119.80 0.00 -0.50 -0.59 0.000 -0.510 -0.587 -0.510
119.90 0.00 0.79 -0.45 0.000 -0.340 -0.454 -0.340
120.00 0.00 -0.41 -0.38 0.000 -0.240 -0.380 -0.240
120.10 0.00 0.48 -0.31 0.000 -0.151 -0.306 -0.151
120.20 0.00 -0.11 -0.27 0.000 -0.103 -0.273 -0.103
120.30 0.00 0.09 -0.21 0.000 -0.037 -0.211 -0.037
120.40 0.00 0.33 -0.16 0.000 0.015 -0.160 0.015
120.50 0.00 0.04 -0.16 0.000 0.020 -0.159 0.020
120.60 0.00 -0.29 -0.11 0.000 0.064 -0.114 0.064
120.70 0.00 -0.33 -0.07 0.000 0.095 -0.074 0.095
120.80 0.00 0.34 -0.00 0.000 0.154 -0.001 0.154
120.90 0.00 -0.16 0.00 0.000 0.145 0.002 0.145
121.00 0.00 -0.15 0.03 0.000 0.160 0.030 0.160
121.10 0.00 -0.04 0.07 0.000 0.188 0.073 0.188
121.20 0.00 0.14 0.09 0.000 0.194 0.094 0.194
121.30 0.00 -0.48 0.03 0.000 0.122 0.031 0.122
121.40 0.00 0.83 0.06 0.000 0.150 0.064 0.150
121.50 0.00 0.18 0.07 0.000 0.153 0.073 0.153
121.60 0.00 -0.18 0.07 0.000 0.140 0.071 0.140
121.70 0.00 0.14 0.06 0.000 0.122 0.062 0.122
