tr h zb he hk v ve vk
-2.50 670.79 671.08 664.93 671.12 24.784 28.802 24.358
-2.48 671.29 671.70 665.47 671.61 24.581 28.664 24.159
-2.46 671.77 671.98 665.99 672.09 24.379 28.453 23.954
-2.44 672.26 672.31 666.50 672.55 24.176 28.198 23.746
-2.42 672.74 673.04 667.02 673.03 23.974 28.037 23.546
-2.40 673.21 673.72 667.56 673.50 23.772 27.939 23.352
-2.38 673.68 673.66 668.05 673.96 23.570 27.656 23.142
-2.36 674.15 674.37 668.55 674.42 23.368 27.466 22.939
-2.34 674.61 674.90 669.06 674.88 23.166 27.300 22.739
-2.32 675.07 674.87 669.52 675.31 22.964 26.976 22.524
-2.30 675.53 676.18 670.06 675.78 22.762 26.949 22.337
-2.28 675.98 676.32 670.56 676.22 22.561 26.796 22.139
-2.26 676.43 676.74 671.05 676.67 22.359 26.632 21.941
-2.24 676.87 677.24 671.55 677.11 22.158 26.483 21.744
-2.22 677.31 678.24 672.08 677.57 21.957 26.505 21.566
-2.20 677.74 678.52 672.60 678.01 21.755 26.445 21.382
-2.18 678.17 678.70 673.09 678.45 21.554 26.282 21.191
-2.16 678.60 679.04 673.56 678.88 21.353 26.083 20.997
-2.14 679.02 679.16 674.01 679.29 21.152 25.787 20.795
-2.12 679.44 679.96 674.49 679.71 20.951 25.626 20.604
-2.10 679.86 679.66 674.90 680.11 20.751 25.230 20.390
-2.08 680.27 681.09 675.39 680.53 20.550 25.193 20.207
-2.06 680.68 681.05 675.85 680.94 20.350 24.987 20.011
-2.04 681.08 681.76 676.32 681.35 20.149 24.878 19.826
-2.02 681.48 681.89 676.77 681.75 19.949 24.670 19.631
-2.00 681.87 682.26 677.20 682.15 19.748 24.454 19.436
-1.98 682.26 682.52 677.63 682.53 19.548 24.200 19.237
-1.96 682.65 683.02 678.06 682.92 19.348 23.988 19.041
-1.94 683.03 683.18 678.47 683.29 19.148 23.706 18.839
-1.92 683.41 683.80 678.90 683.67 18.948 23.515 18.645
-1.90 683.79 684.23 679.32 684.05 18.748 23.340 18.454
-1.88 684.16 660.47 677.82 684.42 18.548 15.440 18.256
-1.86 684.53 684.84 678.38 684.78 18.348 16.451 18.060
-1.84 684.89 684.63 678.88 685.12 18.149 17.136 17.843
-1.82 685.25 684.79 679.35 685.45 17.949 17.658 17.621
-1.80 685.60 685.74 679.86 685.80 17.750 18.291 17.420
-1.78 685.95 686.75 680.41 686.17 17.550 19.030 17.241
-1.76 686.30 686.46 680.90 686.51 17.351 19.442 17.041
-1.74 686.64 686.87 681.37 686.85 17.151 19.798 16.843
-1.72 686.98 687.66 681.88 687.20 16.952 20.227 16.659
-1.70 687.32 687.73 682.35 687.54 16.753 20.483 16.470
-1.68 687.65 687.63 682.77 687.86 16.554 20.535 16.265
-1.66 687.98 687.79 683.17 688.17 16.355 20.499 16.054
-1.64 688.30 688.33 683.58 688.48 16.156 20.510 15.851
-1.62 688.62 688.15 683.95 688.77 15.957 20.329 15.632
-1.60 688.93 689.05 684.36 689.08 15.758 20.335 15.434
-1.58 689.25 689.41 684.76 689.39 15.560 20.326 15.236
-1.56 689.55 689.49 685.14 689.69 15.361 20.214 15.032
-1.54 689.86 689.04 685.45 689.95 15.162 19.845 14.802
-1.52 690.16 689.69 685.79 690.22 14.964 19.615 14.587
-1.50 690.45 690.07 686.13 690.50 14.765 19.417 14.375
-1.48 690.74 690.50 686.48 690.77 14.567 19.262 14.169
-1.46 691.03 690.92 686.84 691.05 14.368 19.142 13.967
-1.44 691.31 691.96 687.25 691.35 14.170 19.249 13.789
-1.42 691.59 691.43 687.58 691.62 13.972 19.049 13.587
-1.40 691.87 692.34 687.96 691.90 13.774 19.048 13.405
-1.38 692.14 692.44 688.32 692.18 13.576 18.957 13.217
-1.36 692.41 692.31 688.64 692.44 13.378 18.717 13.014
-1.34 692.67 692.43 688.94 692.69 13.179 18.432 12.807
-1.32 692.93 692.50 689.23 692.92 12.982 18.095 12.595
-1.30 693.19 693.20 689.55 693.17 12.784 17.920 12.399
-1.28 693.44 693.42 689.86 693.42 12.586 17.725 12.203
-1.26 693.68 694.01 690.19 693.67 12.388 17.635 12.018
-1.24 693.93 693.88 690.48 693.91 12.190 17.405 11.820
-1.22 694.17 694.74 690.82 694.17 11.993 17.375 11.642
-1.20 694.40 694.48 691.12 694.40 11.795 17.155 11.447
-1.18 694.64 694.79 691.41 694.63 11.597 16.956 11.255
-1.16 694.86 694.68 691.67 694.85 11.400 16.646 11.052
-1.14 695.09 694.91 691.93 695.06 11.202 16.351 10.850
-1.12 695.31 695.73 692.23 695.30 11.005 16.259 10.669
-1.10 695.52 695.56 692.50 695.51 10.807 16.023 10.475
-1.08 695.74 695.88 692.77 695.72 10.610 15.822 10.285
-1.06 695.95 696.05 693.03 695.93 10.413 15.604 10.091
-1.04 696.15 695.61 693.24 696.11 10.215 15.180 9.877
-1.02 696.35 696.48 693.50 696.31 10.018 15.003 9.685
-1.00 696.55 696.91 693.77 696.52 9.821 14.896 9.503
-0.98 696.74 696.84 694.02 696.71 9.624 14.684 9.312
-0.96 696.93 696.99 694.25 696.90 9.427 14.462 9.119
-0.94 697.11 697.13 694.48 697.08 9.230 14.226 8.925
-0.92 697.29 697.22 694.70 697.26 9.033 13.963 8.728
-0.90 697.47 697.65 694.94 697.44 8.836 13.788 8.541
-0.88 697.64 697.72 695.16 697.61 8.639 13.575 8.349
-0.86 697.81 697.34 695.34 697.76 8.442 13.187 8.139
-0.84 697.98 697.46 695.51 697.90 8.245 12.811 7.929
-0.82 698.14 698.08 695.71 698.06 8.048 12.611 7.734
-0.80 698.29 698.92 695.97 698.24 7.851 12.630 7.561
-0.78 698.45 698.55 696.17 698.39 7.654 12.444 7.372
-0.76 698.60 698.60 696.37 698.54 7.458 12.226 7.180
-0.74 698.74 698.50 696.54 698.68 7.261 11.931 6.978
-0.72 698.88 698.65 696.71 698.81 7.064 11.653 6.775
-0.70 699.02 699.07 696.90 698.95 6.868 11.478 6.583
-0.68 699.15 698.80 697.05 699.07 6.671 11.169 6.377
-0.66 699.28 699.11 697.22 699.19 6.474 10.935 6.178
-0.64 699.41 699.20 697.37 699.31 6.278 10.695 5.978
-0.62 699.53 699.54 697.55 699.43 6.081 10.532 5.786
-0.60 699.65 699.65 697.72 699.55 5.885 10.362 5.593
-0.58 699.76 699.74 697.88 699.66 5.688 10.180 5.401
-0.56 699.87 699.53 698.01 699.76 5.492 9.895 5.198
-0.54 699.98 700.05 698.17 699.87 5.295 9.757 5.008
-0.52 700.08 700.62 698.37 699.99 5.099 9.761 4.837
-0.50 700.18 700.06 698.50 700.08 4.903 9.521 4.638
-0.48 700.27 700.16 698.64 700.17 4.706 9.288 4.440
-0.46 700.36 700.17 698.76 700.26 4.510 9.036 4.243
-0.44 700.45 700.37 698.89 700.34 4.313 8.828 4.049
-0.42 700.53 700.82 699.04 700.43 4.117 8.741 3.864
-0.40 700.61 700.76 699.18 700.52 3.921 8.590 3.675
-0.38 700.68 700.55 699.29 700.59 3.724 8.340 3.479
-0.36 700.75 700.80 699.41 700.66 3.528 8.158 3.289
-0.34 700.82 700.75 699.52 700.73 3.332 7.932 3.095
-0.32 700.88 701.57 699.68 700.81 3.136 7.954 2.926
-0.30 700.94 700.72 699.76 700.86 2.939 7.652 2.724
-0.28 701.00 700.85 699.85 700.91 2.743 7.387 2.528
-0.26 701.05 700.95 699.94 700.96 2.547 7.146 2.333
-0.24 701.09 700.89 700.02 701.00 2.351 6.880 2.133
-0.22 701.14 700.78 700.08 701.03 2.155 6.575 1.930
-0.20 701.18 701.43 700.19 701.08 1.958 6.483 1.746
-0.18 701.21 701.32 700.28 701.12 1.762 6.327 1.556
-0.16 701.24 701.36 700.36 701.16 1.566 6.167 1.367
-0.14 701.27 701.54 700.46 701.20 1.370 6.049 1.183
-0.12 701.29 701.15 700.51 701.22 1.174 5.788 0.985
-0.10 701.31 701.53 700.59 701.25 0.978 5.652 0.800
-0.08 701.33 701.21 700.64 701.26 0.782 5.395 0.603
-0.06 701.34 701.19 700.69 701.27 0.585 5.139 0.405
-0.04 701.35 701.14 700.72 701.27 0.389 4.873 0.207
-0.02 701.35 701.57 700.79 701.28 0.193 4.754 0.023
0.00 701.35 701.66 700.86 701.29 -0.003 4.654 -0.161
0.02 701.35 701.36 700.90 701.29 -0.199 4.441 -0.354
0.04 701.34 700.96 700.91 701.27 -0.395 4.106 -0.560
0.06 701.33 700.92 700.91 701.24 -0.591 3.782 -0.767
0.08 701.31 701.13 700.92 701.22 -0.788 3.551 -0.965
0.10 701.29 701.68 700.99 701.22 -0.984 3.508 -1.144
0.12 701.27 701.13 701.00 701.19 -1.180 3.273 -1.340
0.14 701.24 701.14 701.01 701.16 -1.376 3.057 -1.537
0.16 701.21 701.40 701.04 701.14 -1.572 2.939 -1.723
0.18 701.18 700.77 701.02 701.09 -1.768 2.619 -1.931
0.20 701.14 701.05 701.02 701.05 -1.964 2.420 -2.125
0.22 701.09 701.30 701.04 701.02 -2.160 2.316 -2.313
0.24 701.05 701.21 701.06 700.98 -2.356 2.183 -2.501
0.26 700.99 701.24 701.07 700.94 -2.553 2.067 -2.688
0.28 700.94 700.58 701.03 700.87 -2.749 1.744 -2.893
0.30 700.88 701.14 701.04 700.82 -2.945 1.640 -3.079
0.32 700.82 700.97 701.03 700.77 -3.141 1.485 -3.267
0.34 700.75 700.71 701.01 700.70 -3.337 1.262 -3.461
0.36 700.68 700.97 701.01 700.64 -3.533 1.150 -3.644
0.38 700.61 700.96 701.00 700.58 -3.729 1.044 -3.825
0.40 700.53 700.24 700.94 700.49 -3.925 0.718 -4.027
0.42 700.45 701.13 700.96 700.44 -4.121 0.722 -4.198
0.44 700.36 700.21 700.90 700.34 -4.317 0.424 -4.399
0.46 700.27 700.16 700.84 700.25 -4.513 0.153 -4.599
0.48 700.17 700.19 700.79 700.16 -4.708 -0.066 -4.792
0.50 700.08 699.48 700.68 700.04 -4.904 -0.480 -5.005
0.52 699.97 492.28 684.01 699.94 -5.097 -67.129 -5.199
0.54 699.87 491.87 668.64 699.83 -5.290 -123.243 -5.390
0.56 699.76 492.20 654.52 699.72 -5.482 -169.844 -5.580
0.58 699.65 491.43 641.48 699.61 -5.674 -208.446 -5.771
0.60 699.53 491.21 629.45 699.49 -5.866 -239.854 -5.963
0.62 699.41 490.54 618.34 699.37 -6.057 -265.118 -6.154
0.64 699.28 491.03 608.16 699.25 -6.248 -284.648 -6.344
0.66 699.15 490.82 598.77 699.12 -6.439 -299.425 -6.534
0.68 699.02 698.50 606.75 698.96 -6.629 -243.556 -6.778
0.70 698.88 698.68 614.10 698.81 -6.819 -194.654 -6.984
0.72 698.74 699.03 620.90 698.69 -7.009 -151.905 -7.129
0.74 698.60 698.67 627.12 698.55 -7.198 -114.864 -7.300
0.76 698.45 698.28 632.81 698.40 -7.387 -82.904 -7.503
0.78 698.30 698.82 638.09 698.28 -7.576 -55.148 -7.621
0.80 698.15 698.18 642.90 698.13 -7.764 -31.508 -7.802
0.82 697.99 698.16 647.32 697.99 -7.952 -11.304 -7.965
0.84 697.82 697.75 651.36 697.82 -8.139 5.738 -8.161
0.86 697.66 697.59 655.05 697.65 -8.326 20.074 -8.354
0.88 697.49 697.74 658.47 697.50 -8.512 32.128 -8.509
0.90 697.31 697.24 661.57 697.32 -8.698 41.966 -8.705
0.92 697.14 697.66 664.46 697.18 -8.884 50.158 -8.829
0.94 696.95 696.34 667.01 696.96 -9.069 56.348 -9.087
0.96 696.77 696.69 669.38 696.77 -9.254 61.338 -9.280
0.98 696.58 696.66 671.57 696.59 -9.438 65.158 -9.454
1.00 696.39 696.78 673.58 696.42 -9.622 68.014 -9.596
1.02 696.19 696.20 675.39 696.23 -9.717 69.811 -9.693
1.04 696.00 695.42 676.99 695.99 -9.810 70.635 -9.850
1.06 695.80 695.91 678.51 695.80 -9.901 71.038 -9.928
1.08 695.60 695.76 679.89 695.61 -9.990 70.876 -10.001
1.10 695.40 694.78 681.08 695.37 -10.077 69.972 -10.148
1.12 695.19 694.87 682.18 695.15 -10.162 68.787 -10.263
1.14 694.99 694.28 683.15 694.90 -10.246 67.156 -10.406
1.16 694.78 695.13 684.11 694.72 -10.327 65.618 -10.445
1.18 694.58 694.94 684.98 694.54 -10.407 63.836 -10.484
1.20 694.37 694.63 685.75 694.34 -10.485 61.819 -10.534
1.22 694.15 694.28 686.43 694.14 -10.561 59.604 -10.598
1.24 693.94 693.73 687.01 693.92 -10.635 57.170 -10.691
1.26 693.73 693.77 687.55 693.71 -10.708 54.757 -10.758
1.28 693.51 693.44 688.03 693.49 -10.779 52.258 -10.833
1.30 693.29 693.42 688.46 693.28 -10.848 49.805 -10.891
1.32 693.08 692.84 688.81 693.05 -10.915 47.223 -10.978
1.34 692.86 693.06 689.15 692.84 -10.981 44.807 -11.027
1.36 692.64 692.50 689.42 692.61 -11.046 42.296 -11.102
1.38 692.41 692.88 689.69 692.42 -11.109 40.022 -11.130
1.40 692.19 692.40 689.91 692.21 -11.170 37.687 -11.179
1.42 691.97 691.81 690.06 691.97 -11.230 35.280 -11.251
1.44 691.74 692.08 690.22 691.77 -11.288 33.104 -11.287
1.46 691.51 691.37 690.32 691.53 -11.345 30.824 -11.355
1.48 691.29 691.20 690.39 691.30 -11.401 28.642 -11.418
1.50 691.06 690.52 690.40 691.04 -11.455 26.391 -11.508
1.52 690.83 690.65 690.42 690.80 -11.508 24.362 -11.573
1.54 690.59 690.99 690.46 690.59 -11.559 22.597 -11.599
1.56 690.36 690.85 690.49 690.38 -11.609 20.912 -11.621
1.58 690.13 689.84 690.44 690.13 -11.658 19.030 -11.689
1.60 689.90 689.49 690.37 689.88 -11.706 17.204 -11.761
1.62 689.66 689.25 690.28 689.62 -11.752 15.469 -11.831
1.64 689.42 689.58 690.22 689.40 -11.798 14.009 -11.866
1.66 689.19 689.60 690.17 689.18 -11.842 12.689 -11.885
1.68 688.95 689.36 690.11 688.96 -11.885 11.413 -11.905
1.70 688.71 688.81 690.00 688.73 -11.927 10.084 -11.944
1.72 688.47 687.82 689.83 688.46 -11.967 8.580 -12.018
1.74 688.23 688.32 689.71 688.22 -12.007 7.412 -12.051
1.76 687.99 688.20 689.59 687.99 -12.046 6.335 -12.077
1.78 687.75 687.41 689.41 687.73 -12.083 5.133 -12.130
1.80 687.51 687.54 689.26 687.49 -12.120 4.123 -12.164
1.82 687.26 687.20 689.10 687.25 -12.156 3.133 -12.202
1.84 687.02 687.62 688.98 687.03 -12.190 2.409 -12.206
1.86 686.78 686.54 688.78 686.77 -12.224 1.435 -12.251
1.88 686.53 686.37 688.59 686.52 -12.257 0.548 -12.291
1.90 686.28 686.38 688.41 686.28 -12.289 -0.204 -12.315
1.92 686.04 686.17 688.23 686.04 -12.320 -0.906 -12.339
1.94 685.79 686.11 688.06 685.81 -12.351 -1.514 -12.355
1.96 685.54 685.52 687.86 685.56 -12.380 -2.206 -12.386
1.98 685.30 684.68 687.61 685.28 -12.409 -3.049 -12.442
2.00 685.05 685.27 687.42 685.04 -12.437 -3.554 -12.458
2.02 684.80 685.17 687.24 684.81 -12.464 -3.988 -12.469
2.04 684.55 684.96 687.06 684.58 -12.490 -4.397 -12.478
2.06 684.30 684.38 686.84 684.33 -12.516 -4.901 -12.502
2.08 684.05 684.42 686.65 684.10 -12.541 -5.284 -12.513
2.10 683.79 683.71 686.41 683.84 -12.566 -5.801 -12.542
2.12 683.54 682.61 686.11 683.55 -12.589 -6.555 -12.604
2.14 683.29 683.32 685.89 683.30 -12.612 -6.923 -12.626
2.16 683.04 683.23 685.67 683.05 -12.635 -7.219 -12.641
2.18 682.79 682.67 685.43 682.79 -12.656 -7.604 -12.669
2.20 682.53 682.22 685.18 682.52 -12.678 -8.025 -12.703
2.22 682.28 682.16 684.94 682.27 -12.698 -8.347 -12.730
2.24 682.02 682.63 684.75 682.04 -12.718 -8.416 -12.727
2.26 681.77 681.83 684.52 681.78 -12.738 -8.679 -12.745
2.28 681.51 681.46 684.27 681.53 -12.756 -8.964 -12.766
2.30 681.26 681.52 684.05 681.28 -12.775 -9.126 -12.778
2.32 681.00 680.94 683.80 681.02 -12.793 -9.394 -12.799
2.34 680.75 680.41 683.53 680.75 -12.810 -9.729 -12.832
2.36 680.49 680.95 683.32 680.51 -12.827 -9.779 -12.833
2.38 680.23 680.48 683.10 680.26 -12.843 -9.905 -12.840
2.40 679.98 680.29 682.87 680.02 -12.859 -10.012 -12.848
2.42 679.72 679.36 682.59 679.75 -12.875 -10.334 -12.880
2.44 679.46 679.62 682.35 679.49 -12.890 -10.459 -12.894
2.46 679.20 678.72 682.06 679.21 -12.905 -10.787 -12.927
2.48 678.94 679.11 681.83 678.96 -12.919 -10.868 -12.937
2.50 678.68 678.64 681.57 678.70 -12.933 -11.019 -12.956
2.52 678.43 678.56 681.33 678.45 -12.946 -11.102 -12.968
2.54 678.17 678.05 681.07 678.18 -12.959 -11.263 -12.986
2.56 677.91 678.05 680.83 677.93 -12.972 -11.327 -12.996
2.58 677.65 677.41 680.55 677.66 -12.984 -11.516 -13.018
2.60 677.39 677.39 680.30 677.40 -12.996 -11.606 -13.032
2.62 677.13 677.05 680.04 677.13 -13.008 -11.718 -13.049
2.64 676.87 676.70 679.77 676.86 -13.019 -11.848 -13.065
2.66 676.61 676.96 679.55 676.62 -13.030 -11.800 -13.064
2.68 676.35 675.89 679.26 676.34 -13.041 -12.028 -13.092
2.70 676.08 676.07 679.00 676.07 -13.051 -12.086 -13.102
2.72 675.82 676.03 678.76 675.82 -13.061 -12.070 -13.104
2.74 675.56 675.44 678.50 675.55 -13.071 -12.166 -13.117
2.76 675.30 675.85 678.29 675.31 -13.081 -12.040 -13.108
2.78 675.04 674.82 678.01 675.04 -13.090 -12.185 -13.124
2.80 674.78 674.91 677.76 674.78 -13.099 -12.201 -13.127
2.82 674.51 674.30 677.48 674.51 -13.107 -12.332 -13.143
2.84 674.25 674.42 677.24 674.26 -13.116 -12.326 -13.143
2.86 673.99 674.31 677.00 674.01 -13.124 -12.276 -13.140
2.88 673.73 673.36 676.71 673.73 -13.132 -12.459 -13.159
2.90 673.46 673.35 676.44 673.46 -13.140 -12.538 -13.170
2.92 673.20 672.85 676.16 673.19 -13.147 -12.685 -13.187
2.94 672.94 673.15 675.92 672.93 -13.155 -12.631 -13.186
2.96 672.67 672.84 675.67 672.67 -13.162 -12.604 -13.186
2.98 672.41 671.72 675.35 672.38 -13.169 -12.860 -13.215
3.00 672.15 672.18 675.10 672.12 -13.176 -12.848 -13.218
3.02 671.88 671.77 674.83 671.85 -13.182 -12.886 -13.227
3.04 671.62 671.90 674.60 671.60 -13.188 -12.795 -13.222
3.06 671.36 671.67 674.37 671.35 -13.195 -12.707 -13.215
3.08 671.09 671.63 674.15 671.10 -13.200 -12.566 -13.205
3.10 670.83 671.32 673.92 670.86 -13.206 -12.466 -13.195
3.12 670.56 671.13 673.70 670.61 -13.212 -12.362 -13.184
3.14 670.30 670.42 673.43 670.35 -13.217 -12.423 -13.190
3.16 670.04 670.11 673.17 670.09 -13.223 -12.493 -13.195
3.18 669.77 669.84 672.90 669.83 -13.228 -12.558 -13.200
3.20 669.51 669.74 672.65 669.57 -13.233 -12.565 -13.200
3.22 669.24 669.22 672.38 669.30 -13.238 -12.656 -13.206
3.24 668.98 669.13 672.12 669.04 -13.242 -12.682 -13.208
3.26 668.71 668.96 671.86 668.78 -13.247 -12.677 -13.208
3.28 668.45 668.98 671.63 668.53 -13.251 -12.587 -13.200
3.30 668.18 668.42 671.37 668.28 -13.256 -12.609 -13.202
3.32 667.92 668.08 671.11 668.01 -13.260 -12.655 -13.205
3.34 667.65 668.05 670.87 667.76 -13.264 -12.621 -13.201
3.36 667.39 667.74 670.62 667.51 -13.268 -12.612 -13.199
3.38 667.12 666.80 670.31 667.23 -13.272 -12.825 -13.220
3.40 666.85 667.33 670.07 666.97 -13.276 -12.754 -13.214
3.42 666.59 666.83 669.81 666.71 -13.279 -12.772 -13.216
3.44 666.32 666.53 669.55 666.45 -13.283 -12.800 -13.219
3.46 666.06 666.14 669.28 666.19 -13.286 -12.868 -13.223
3.48 665.79 665.60 668.98 665.91 -13.289 -13.014 -13.239
3.50 665.53 665.53 668.71 665.64 -13.293 -13.077 -13.247
3.52 665.26 665.38 668.44 665.38 -13.296 -13.095 -13.253
3.54 664.99 664.89 668.16 665.10 -13.299 -13.183 -13.266
3.56 664.73 664.61 667.87 664.83 -13.302 -13.263 -13.277
3.58 664.46 664.60 667.61 664.57 -13.305 -13.250 -13.279
3.60 664.20 664.92 667.40 664.32 -13.307 -13.052 -13.263
3.62 663.93 664.00 667.12 664.06 -13.310 -13.094 -13.269
3.64 663.66 663.71 666.85 663.79 -13.313 -13.141 -13.277
3.66 663.40 663.04 666.55 663.50 -13.315 -13.307 -13.296
3.68 663.13 663.32 666.29 663.24 -13.318 -13.274 -13.296
3.70 662.86 662.33 665.97 662.95 -13.320 -13.478 -13.320
3.72 662.60 663.03 665.74 662.70 -13.323 -13.342 -13.311
3.74 662.33 662.64 665.49 662.44 -13.325 -13.266 -13.307
3.76 662.07 662.20 665.23 662.17 -13.327 -13.256 -13.308
3.78 661.80 661.60 664.94 661.90 -13.329 -13.357 -13.320
3.80 661.53 660.87 664.61 661.60 -13.331 -13.590 -13.349
3.82 661.27 661.31 664.35 661.34 -13.333 -13.558 -13.353
3.84 661.00 660.74 664.06 661.06 -13.335 -13.628 -13.363
3.86 660.73 660.78 663.80 660.79 -13.337 -13.587 -13.365
3.88 660.46 660.16 663.51 660.51 -13.339 -13.663 -13.376
3.90 660.20 660.39 663.26 660.25 -13.341 -13.565 -13.373
3.92 659.93 660.42 663.03 659.99 -13.342 -13.389 -13.358
3.94 659.66 660.19 662.80 659.74 -13.344 -13.228 -13.342
3.96 659.40 659.13 662.51 659.46 -13.346 -13.343 -13.352
3.98 659.13 659.54 662.27 659.21 -13.347 -13.226 -13.341
4.00 658.86 658.73 661.99 658.94 -13.349 -13.300 -13.348
4.02 658.60 659.16 661.76 658.69 -13.350 -13.139 -13.332
4.04 658.33 658.54 661.50 658.42 -13.352 -13.120 -13.328
4.06 658.06 657.98 661.22 658.15 -13.353 -13.197 -13.335
4.08 657.80 658.01 660.97 657.89 -13.355 -13.168 -13.331
4.10 657.53 656.95 660.64 657.60 -13.356 -13.401 -13.356
4.12 657.26 657.75 660.41 657.35 -13.357 -13.255 -13.342
4.14 656.99 656.78 660.12 657.07 -13.358 -13.358 -13.351
4.16 656.73 656.57 659.84 656.79 -13.360 -13.427 -13.361
4.18 656.46 656.34 659.56 656.52 -13.361 -13.472 -13.369
4.20 656.19 656.51 659.31 656.26 -13.362 -13.369 -13.362
4.22 655.93 655.93 659.04 655.99 -13.363 -13.382 -13.366
4.24 655.66 655.55 658.76 655.72 -13.364 -13.430 -13.373
4.26 655.39 655.99 658.54 655.47 -13.365 -13.243 -13.358
4.28 655.12 655.16 658.27 655.20 -13.366 -13.266 -13.362
4.30 654.86 654.34 657.96 654.91 -13.367 -13.462 -13.385
4.32 654.59 654.28 657.66 654.63 -13.368 -13.562 -13.400
4.34 654.32 654.96 657.45 654.38 -13.369 -13.342 -13.383
4.36 654.05 654.16 657.18 654.12 -13.370 -13.327 -13.383
4.38 653.79 653.76 656.91 653.85 -13.371 -13.357 -13.388
4.40 653.52 653.46 656.63 653.58 -13.372 -13.392 -13.394
4.42 653.25 652.98 656.34 653.30 -13.373 -13.490 -13.408
4.44 652.98 653.12 656.08 653.03 -13.373 -13.440 -13.407
4.46 652.72 652.55 655.80 652.76 -13.374 -13.497 -13.418
4.48 652.45 652.39 655.53 652.48 -13.375 -13.507 -13.424
4.50 652.18 652.29 655.27 652.22 -13.376 -13.463 -13.423
