k G tms
500 12.198 99.346
562.11 12.868 93.697
631.92 13.579 88.37
710.42 14.333 83.345
798.66 15.132 78.606
897.86 15.98 74.136
1009.4 16.879 69.921
1134.8 17.833 65.945
1275.7 18.844 62.196
1434.2 19.917 58.659
1612.3 21.054 55.324
1812.6 22.26 52.178
2037.7 23.539 49.211
2290.8 24.895 46.413
2575.3 26.333 43.774
2895.2 27.858 41.285
3254.8 29.475 38.938
3659.1 31.19 36.724
4113.6 33.008 34.636
4624.6 34.936 32.666
5199 36.98 30.809
5844.8 39.148 29.057
6570.7 41.446 27.405
7386.9 43.883 25.847
8304.4 46.467 24.377
9335.9 49.207 22.991
10496 52.112 21.684
11799 55.192 20.451
13265 58.458 19.288
14912 61.921 18.191
16765 65.593 17.157
18847 69.486 16.181
21188 73.614 15.261
23820 77.991 14.394
26778 82.632 13.575
30104 87.552 12.803
33844 92.77 12.075
38047 98.302 11.389
42773 104.17 10.741
48086 110.39 10.13
54059 116.98 9.5543
60774 123.97 9.0111
68322 131.39 8.4987
76809 139.25 8.0155
86349 147.58 7.5597
97075 156.42 7.1299
1.0913e+05 165.79 6.7245
1.2269e+05 175.72 6.3421
1.3793e+05 186.25 5.9815
1.5506e+05 197.42 5.6414
1.7432e+05 209.26 5.3206
1.9597e+05 221.82 5.0181
2.2031e+05 235.13 4.7328
2.4768e+05 249.25 4.4637
2.7844e+05 264.21 4.2099
3.1303e+05 280.08 3.9705
3.5191e+05 296.9 3.7447
3.9562e+05 314.74 3.5318
4.4476e+05 333.66 3.331
5e+05 353.71 3.1416
