n s02 s03 s04 s05
3 0.49683 0.74524 0.99366 1.2421
4 0.31824 0.47737 0.63649 0.79561
5 0.24833 0.3725 0.49667 0.62083
6 0.20989 0.31483 0.41977 0.52472
7 0.18497 0.27745 0.36994 0.46242
8 0.1672 0.25081 0.33441 0.41801
9 0.15373 0.2306 0.30747 0.38433
10 0.14307 0.21461 0.28614 0.35768
11 0.13436 0.20154 0.26872 0.3359
12 0.12707 0.19061 0.25415 0.31768
13 0.12086 0.18129 0.24172 0.30215
14 0.11548 0.17321 0.23095 0.28869
15 0.11076 0.16613 0.22151 0.27689
16 0.10657 0.15986 0.21314 0.26643
17 0.10283 0.15425 0.20566 0.25708
18 0.099458 0.14919 0.19892 0.24864
19 0.096397 0.1446 0.19279 0.24099
20 0.093603 0.1404 0.18721 0.23401
21 0.091039 0.13656 0.18208 0.2276
22 0.088675 0.13301 0.17735 0.22169
23 0.086486 0.12973 0.17297 0.21622
24 0.084453 0.12668 0.16891 0.21113
25 0.082556 0.12383 0.16511 0.20639
26 0.080782 0.12117 0.16156 0.20195
27 0.079117 0.11868 0.15823 0.19779
28 0.077552 0.11633 0.1551 0.19388
29 0.076076 0.11411 0.15215 0.19019
30 0.074681 0.11202 0.14936 0.1867
