h VAnom VAcons VBnom VBcons VCnom rpmAnom rpmBnom
0 0 0 0 0 0 0 0
1 4.338 4.338 4.2507 4.2507 4.3245 0 7.925
2 5.9541 5.9541 5.7235 5.7235 5.9735 0 22.594
3 7.0947 7.0947 6.6973 6.6975 7.1482 0 42.258
4 7.979 7.979 7.4038 7.4044 8.0669 0 66.572
5 8.6951 8.6951 7.9374 7.9392 8.8166 0 95.362
6 9.2898 9.2898 8.349 8.3532 9.4427 0 128.55
7 9.7919 9.7919 8.6694 8.6779 9.9726 0 166.1
8 10.221 10.221 8.9189 8.9347 10.424 0 207.99
9 10.59 10.59 9.1114 9.1384 10.808 0 254.17
10 10.91 10.91 9.2562 9.3001 11.133 0 304.51
11 11.189 11.189 9.3601 9.428 11.405 0 358.83
12 11.434 11.434 9.4275 9.5284 11.627 0 416.82
13 11.648 11.648 9.4613 9.6064 11.8 0 478.06
14 11.837 11.837 9.4633 9.6657 11.925 0 541.99
15 12.003 12.003 9.4346 9.7096 12.001 0 607.93
16 12.151 12.151 9.3758 9.7404 12.029 0 675.05
17 12.281 12.281 9.2873 9.7604 12.006 0 742.39
18 12.397 12.397 9.1697 9.7711 11.931 0 808.89
19 12.499 12.499 9.0239 9.7739 11.802 0 873.42
20 12.591 12.591 8.8516 9.77 11.619 0 934.81
21 12.672 12.672 8.6551 9.7602 11.382 0 991.91
22 12.39 12.39 8.4379 9.7454 11.092 25.119 1043.6
23 12.018 12.018 8.2045 9.7262 10.751 62.669 1089.1
24 11.701 11.702 7.9605 9.7033 10.365 103.47 1127.5
25 11.43 11.432 7.7126 9.6769 9.9406 147.81 1158.5
26 11.196 11.203 7.468 9.6477 9.4881 195.89 1182
27 10.992 11.007 7.234 9.6158 9.0198 247.81 1198.1
28 10.811 10.839 7.0178 9.5817 8.551 303.57 1207.6
29 10.646 10.695 6.8252 9.5456 8.0989 363.04 1211.1
30 10.49 10.57 6.6607 9.5076 7.6813 425.97 1210
31 10.339 10.462 6.5266 9.4681 7.3151 491.91 1205.2
32 10.186 10.366 6.4231 9.4272 7.0138 560.28 1198.1
33 10.026 10.281 6.3484 9.385 6.7855 630.31 1189.8
34 9.856 10.205 6.2994 9.3417 6.6313 701.09 1181
35 9.6719 10.136 6.272 9.2975 6.546 771.56 1172.5
36 9.4712 10.072 6.2616 9.2524 6.5193 840.55 1164.8
37 9.2527 10.013 6.2639 9.2066 6.5386 906.82 1158.1
38 9.0162 9.957 6.275 9.1602 6.5908 969.11 1152.6
39 8.7629 9.9036 6.2915 9.1133 6.6639 1026.2 1148.1
40 8.4956 9.8522 6.3108 9.0659 6.748 1077 1144.8
41 8.2188 9.8023 6.3308 9.0182 6.8354 1120.6 1142.4
42 7.9381 9.7534 6.3502 8.9702 6.9205 1156.3 1140.8
43 7.6604 9.7052 6.3678 8.922 6.9994 1183.9 1139.9
44 7.3933 9.6575 6.3833 8.8736 7.0694 1203.4 1139.6
45 7.1444 9.6101 6.3962 8.8252 7.1293 1215.3 1139.6
46 6.9204 9.5628 6.4066 8.7768 7.1784 1220.4 1139.9
47 6.727 9.5154 6.4146 8.7284 7.2169 1219.9 1140.4
48 6.5675 9.468 6.4204 8.6802 7.2452 1215.1 1140.9
49 6.4427 9.4204 6.4243 8.6321 7.2642 1207.4 1141.6
50 6.3515 9.3726 6.4266 8.5843 7.2751 1198 1142.2
51 6.2904 9.3246 6.4277 8.5366 7.279 1187.9 1142.7
52 6.255 9.2763 6.4278 8.4893 7.2772 1178.1 1143.2
53 6.2402 9.2279 6.4272 8.4424 7.271 1169 1143.7
54 6.2409 9.1793 6.4262 8.3958 7.2615 1161.1 1144
55 6.2523 9.1305 6.4249 8.3497 7.25 1154.6 1144.3
56 6.2705 9.0816 6.4235 8.304 7.2374 1149.3 1144.5
57 6.2924 9.0326 6.422 8.2589 7.2245 1145.3 1144.6
58 6.3153 8.9835 6.4207 8.2142 7.212 1142.4 1144.7
59 6.3377 8.9343 6.4195 8.1701 7.2004 1140.5 1144.8
60 6.3582 8.8852 6.4184 8.1266 7.1901 1139.4 1144.8
61 6.3763 8.8362 6.4176 8.0837 7.1814 1138.9 1144.8
62 6.3915 8.7872 6.4169 8.0414 7.1743 1138.8 1144.8
63 6.4038 8.7383 6.4164 7.9998 7.1688 1139.2 1144.7
64 6.4133 8.6897 6.416 7.9589 7.1649 1139.7 1144.7
65 6.4202 8.6412 6.4158 7.9186 7.1624 1140.3 1144.6
66 6.425 8.5931 6.4156 7.8791 7.1611 1141 1144.6
67 6.4279 8.5452 6.4156 7.8402 7.1609 1141.7 1144.6
68 6.4293 8.4976 6.4156 7.8021 7.1615 1142.4 1144.5
69 6.4295 8.4505 6.4157 7.7647 7.1627 1143 1144.5
70 6.4289 8.4037 6.4158 7.7281 7.1643 1143.5 1144.5
71 6.4278 8.3574 6.4159 7.6923 7.1662 1143.9 1144.4
72 6.4263 8.3115 6.416 7.6572 7.1682 1144.2 1144.4
73 6.4247 8.2662 6.4161 7.6228 7.1702 1144.5 1144.4
74 6.423 8.2214 6.4162 7.5893 7.172 1144.7 1144.4
75 6.4215 8.1772 6.4162 7.5565 7.1737 1144.8 1144.4
76 6.4201 8.1335 6.4163 7.5245 7.1752 1144.8 1144.4
77 6.4189 8.0905 6.4164 7.4933 7.1764 1144.9 1144.4
78 6.4178 8.0481 6.4164 7.4628 7.1774 1144.8 1144.4
79 6.417 8.0063 6.4164 7.4331 7.1781 1144.8 1144.4
80 6.4164 7.9652 6.4165 7.4041 7.1786 1144.8 1144.4
81 6.416 7.9249 6.4165 7.376 7.1789 1144.7 1144.4
82 6.4157 7.8852 6.4165 7.3485 7.179 1144.7 1144.4
83 6.4155 7.8462 6.4165 7.3219 7.179 1144.6 1144.4
84 6.4155 7.808 6.4165 7.2959 7.1788 1144.6 1144.4
85 6.4155 7.7705 6.4165 7.2707 7.1786 1144.5 1144.4
86 6.4156 7.7337 6.4165 7.2462 7.1783 1144.5 1144.4
87 6.4156 7.6978 6.4165 7.2224 7.178 1144.5 1144.4
88 6.4158 7.6625 6.4165 7.1993 7.1777 1144.4 1144.4
89 6.4159 7.6281 6.4165 7.1769 7.1774 1144.4 1144.4
90 6.416 7.5944 6.4164 7.1552 7.1772 1144.4 1144.4
91 6.4161 7.5615 6.4164 7.1342 7.1769 1144.4 1144.4
92 6.4162 7.5294 6.4164 7.1138 7.1767 1144.4 1144.4
93 6.4163 7.498 6.4164 7.094 7.1765 1144.4 1144.4
94 6.4164 7.4674 6.4164 7.0749 7.1764 1144.4 1144.4
95 6.4164 7.4376 6.4164 7.0564 7.1763 1144.4 1144.4
96 6.4164 7.4085 6.4164 7.0385 7.1762 1144.4 1144.4
97 6.4165 7.3802 6.4164 7.0212 7.1762 1144.4 1144.4
98 6.4165 7.3527 6.4164 7.0045 7.1762 1144.4 1144.4
99 6.4165 7.3259 6.4164 6.9883 7.1762 1144.4 1144.4
100 6.4165 7.2998 6.4164 6.9727 7.1763 1144.4 1144.4
101 6.4165 7.2745 6.4164 6.9576 7.1763 1144.4 1144.4
102 6.4165 7.2499 6.4164 6.9431 7.1763 1144.4 1144.4
103 6.4165 7.226 6.4164 6.929 7.1764 1144.4 1144.4
104 6.4165 7.2028 6.4164 6.9154 7.1764 1144.4 1144.4
105 6.4165 7.1803 6.4164 6.9024 7.1765 1144.4 1144.4
106 6.4165 7.1585 6.4164 6.8898 7.1765 1144.4 1144.4
107 6.4164 7.1374 6.4164 6.8776 7.1765 1144.4 1144.4
108 6.4164 7.1169 6.4164 6.8659 7.1766 1144.4 1144.4
109 6.4164 7.097 6.4164 6.8546 7.1766 1144.4 1144.4
110 6.4164 7.0778 6.4164 6.8437 7.1766 1144.4 1144.4
111 6.4164 7.0592 6.4164 6.8333 7.1766 1144.4 1144.4
112 6.4164 7.0412 6.4164 6.8232 7.1766 1144.4 1144.4
113 6.4164 7.0238 6.4164 6.8135 7.1766 1144.4 1144.4
114 6.4164 7.007 6.4164 6.8041 7.1766 1144.4 1144.4
115 6.4164 6.9908 6.4164 6.7952 7.1766 1144.4 1144.4
116 6.4164 6.9751 6.4164 6.7865 7.1766 1144.4 1144.4
117 6.4164 6.9599 6.4164 6.7782 7.1766 1144.4 1144.4
118 6.4164 6.9453 6.4164 6.7702 7.1766 1144.4 1144.4
119 6.4164 6.9311 6.4164 6.7625 7.1766 1144.4 1144.4
120 6.4164 6.9175 6.4164 6.7552 7.1766 1144.4 1144.4
121 6.4164 6.9043 6.4164 6.7481 7.1766 1144.4 1144.4
122 6.4164 6.8917 6.4164 6.7413 7.1766 1144.4 1144.4
123 6.4164 6.8794 6.4164 6.7347 7.1766 1144.4 1144.4
124 6.4164 6.8677 6.4164 6.7284 7.1766 1144.4 1144.4
125 6.4164 6.8563 6.4164 6.7224 7.1766 1144.4 1144.4
126 6.4164 6.8454 6.4164 6.7166 7.1766 1144.4 1144.4
127 6.4164 6.8348 6.4164 6.711 7.1766 1144.4 1144.4
128 6.4164 6.8247 6.4164 6.7057 7.1766 1144.4 1144.4
129 6.4164 6.8149 6.4164 6.7005 7.1766 1144.4 1144.4
130 6.4164 6.8056 6.4164 6.6956 7.1766 1144.4 1144.4
131 6.4164 6.7965 6.4164 6.6909 7.1766 1144.4 1144.4
132 6.4164 6.7878 6.4164 6.6863 7.1766 1144.4 1144.4
133 6.4164 6.7795 6.4164 6.682 7.1766 1144.4 1144.4
134 6.4164 6.7714 6.4164 6.6778 7.1766 1144.4 1144.4
135 6.4164 6.7637 6.4164 6.6738 7.1766 1144.4 1144.4
136 6.4164 6.7563 6.4164 6.67 7.1766 1144.4 1144.4
137 6.4164 6.7491 6.4164 6.6663 7.1766 1144.4 1144.4
138 6.4164 6.7423 6.4164 6.6628 7.1766 1144.4 1144.4
139 6.4164 6.7357 6.4164 6.6594 7.1766 1144.4 1144.4
140 6.4164 6.7294 6.4164 6.6561 7.1766 1144.4 1144.4
141 6.4164 6.7233 6.4164 6.653 7.1766 1144.4 1144.4
142 6.4164 6.7174 6.4164 6.6501 7.1766 1144.4 1144.4
143 6.4164 6.7118 6.4164 6.6472 7.1766 1144.4 1144.4
144 6.4164 6.7065 6.4164 6.6445 7.1766 1144.4 1144.4
145 6.4164 6.7013 6.4164 6.6418 7.1766 1144.4 1144.4
146 6.4164 6.6963 6.4164 6.6393 7.1766 1144.4 1144.4
147 6.4164 6.6916 6.4164 6.6369 7.1766 1144.4 1144.4
148 6.4164 6.687 6.4164 6.6346 7.1766 1144.4 1144.4
149 6.4164 6.6826 6.4164 6.6324 7.1766 1144.4 1144.4
150 6.4164 6.6784 6.4164 6.6303 7.1766 1144.4 1144.4
