ks MhA MrA MhBV MrBV
0.3162 0.192 0.03653 0.1957 0.03703
0.3981 0.2154 0.04092 0.2195 0.04154
0.5012 0.2415 0.04604 0.2463 0.04667
0.631 0.2706 0.0517 0.2763 0.05232
0.7943 0.3033 0.05786 0.3099 0.0588
1 0.3399 0.06514 0.3476 0.06593
1.259 0.3805 0.07315 0.3899 0.07414
1.585 0.4262 0.08217 0.4372 0.08315
1.995 0.4769 0.09162 0.4902 0.09351
2.512 0.5334 0.1027 0.5496 0.105
3.162 0.5957 0.115 0.6161 0.1172
3.981 0.6656 0.1286 0.6902 0.1318
5.012 0.7416 0.1444 0.7727 0.1486
6.31 0.8265 0.1613 0.8661 0.166
7.943 0.9186 0.176 0.9689 0.1872
10 1.02 0.1976 1.084 0.209
12.59 1.12 0.2193 1.207 0.2339
15.85 1.22 0.2424 1.353 0.26
19.95 1.327 0.2628 1.508 0.2911
25.12 1.505 0.2877 1.665 0.3289
31.62 1.611 0.3083 1.864 0.3653
39.81 1.761 0.3372 2.084 0.3907
50.12 1.927 0.3489 2.298 0.4482
63.1 2.11 0.3782 2.557 0.4972
79.43 2.288 0.4027 2.693 0.5512
100 2.465 0.422 3.065 0.5914
125.9 2.648 0.4357 3.39 0.6421
158.5 2.84 0.4584 3.623 0.6851
199.5 3.023 0.4823 3.946 0.7489
251.2 3.194 0.5051 4.329 0.7816
316.2 3.354 0.5254 4.721 0.841
398.1 3.495 0.5425 5.099 0.8894
501.2 3.589 0.5535 5.478 0.9268
631 3.683 0.5701 5.882 0.9565
794.3 3.895 0.5903 6.293 1.01
1000 4.13 0.5987 6.679 1.062
