rpm bat bat1 lag30 lag150 torA torAl torB torBV torBVl
0 1.706 583.86 131.97 293.75 97.58 69.29 190.85 192.59 151.15
25 1.777 583.86 131.97 293.75 97.59 69.29 190.85 192.59 151.15
50 1.977 583.86 131.97 293.75 97.59 69.30 190.86 192.60 151.15
75 2.272 583.87 131.97 293.75 97.61 69.32 190.86 192.60 151.16
100 2.629 583.88 131.97 293.75 97.62 69.35 190.87 192.61 151.17
125 3.027 583.89 131.98 293.76 97.65 69.38 190.88 192.62 151.19
150 3.452 583.91 131.98 293.76 97.67 69.41 190.90 192.64 151.20
175 3.894 583.92 131.98 293.76 97.71 69.46 190.91 192.65 151.23
200 4.349 583.94 131.99 293.76 97.74 69.51 190.93 192.67 151.25
225 4.813 583.96 131.99 293.76 97.79 69.57 190.96 192.70 151.28
250 5.284 583.99 132.00 293.76 97.83 69.63 190.98 192.72 151.31
275 5.760 584.02 132.01 293.77 97.89 69.71 191.01 192.75 151.35
300 6.239 584.04 132.01 293.77 97.94 69.78 191.04 192.78 151.38
325 6.722 584.08 132.02 293.77 98.01 69.87 191.07 192.81 151.42
350 7.206 584.11 132.03 293.78 98.07 69.96 191.10 192.85 151.47
375 7.693 584.15 132.04 293.78 98.15 70.06 191.14 192.89 151.52
400 8.182 584.19 132.04 293.79 98.22 70.17 191.18 192.93 151.57
425 8.671 584.23 132.05 293.79 98.31 70.28 191.22 192.97 151.62
450 9.162 584.28 132.06 293.79 98.39 70.40 191.27 193.01 151.68
475 9.654 584.32 132.07 293.80 98.49 70.52 191.32 193.06 151.74
500 10.147 584.38 132.09 293.80 98.58 70.65 191.37 193.11 151.81
525 10.640 584.43 132.10 293.81 98.68 70.79 191.42 193.17 151.87
550 11.134 584.48 132.11 293.81 98.79 70.94 191.47 193.22 151.94
575 11.628 584.54 132.12 293.82 98.90 71.09 191.53 193.28 152.02
600 12.123 584.60 132.14 293.83 99.02 71.25 191.59 193.34 152.10
625 12.619 584.67 132.15 293.83 99.14 71.41 191.65 193.41 152.18
650 13.114 584.73 132.17 293.84 99.27 71.58 191.72 193.48 152.26
675 13.610 584.80 132.18 293.85 99.40 71.76 191.79 193.54 152.35
700 14.107 584.87 132.20 293.85 99.53 71.94 191.86 193.62 152.44
725 14.603 584.94 132.21 293.86 99.67 72.13 191.93 193.69 152.53
750 15.100 585.02 132.23 293.87 99.82 72.32 192.01 193.77 152.63
775 15.597 585.10 132.25 293.88 99.97 72.52 192.08 193.85 152.73
800 16.094 585.18 132.27 293.88 100.12 72.73 192.16 193.93 152.83
825 16.592 585.26 132.29 293.89 100.28 72.94 192.25 194.01 152.94
850 17.089 585.35 132.30 293.90 100.44 73.16 192.33 194.10 153.05
875 17.587 585.44 132.32 293.91 100.61 73.38 192.42 194.19 153.16
900 18.085 585.53 132.34 293.92 100.78 73.62 192.51 194.28 153.28
925 18.583 585.62 132.37 293.93 100.96 73.85 192.61 194.38 153.40
950 19.081 585.72 132.39 293.94 101.14 74.09 192.70 194.48 153.52
975 19.579 585.82 132.41 293.95 101.33 74.34 192.80 194.58 153.64
1000 20.077 585.92 132.43 293.96 101.52 74.59 192.90 194.68 153.77
1025 20.575 586.03 132.46 293.97 101.71 74.85 193.00 194.78 153.90
1050 21.074 586.13 132.48 293.98 101.91 75.11 193.11 194.89 154.04
1075 21.572 586.24 132.50 293.99 102.12 75.38 193.22 195.00 154.18
1100 22.071 586.35 132.53 294.00 102.32 75.66 193.33 195.11 154.32
1125 22.570 586.47 132.56 294.01 102.54 75.94 193.44 195.23 154.46
1150 23.068 586.58 132.58 294.03 102.75 76.22 193.56 195.35 154.61
1175 23.567 586.70 132.61 294.04 102.98 76.51 193.67 195.47 154.76
1200 24.066 586.83 132.64 294.05 103.20 76.81 193.79 195.59 154.91
1225 24.565 586.95 132.66 294.06 103.43 77.11 193.92 195.71 155.07
1250 25.064 587.08 132.69 294.08 103.66 77.41 194.04 195.84 155.23
1275 25.562 587.21 132.72 294.09 103.90 77.72 194.17 195.97 155.39
1300 26.061 587.34 132.75 294.10 104.14 78.04 194.30 196.10 155.56
1325 26.561 587.47 132.78 294.12 104.39 78.36 194.43 196.24 155.72
1350 27.060 587.61 132.81 294.13 104.64 78.68 194.57 196.38 155.90
1375 27.559 587.75 132.84 294.14 104.90 79.01 194.71 196.52 156.07
1400 28.058 587.89 132.88 294.16 105.15 79.34 194.85 196.66 156.25
1425 28.557 588.04 132.91 294.17 105.42 79.68 194.99 196.81 156.43
1450 29.056 588.19 132.94 294.19 105.68 80.02 195.13 196.95 156.61
1475 29.555 588.34 132.97 294.20 105.95 80.37 195.28 197.10 156.80
1500 30.055 588.49 133.01 294.22 106.23 80.72 195.43 197.26 156.99
