t beta12 beta20
0.00 -89.00 -89.00
0.69 -89.00 -89.00
1.38 -88.99 -88.99
2.07 -88.99 -88.99
2.76 -88.97 -88.97
3.45 -88.96 -88.96
4.15 -88.94 -88.94
4.84 -88.92 -88.92
5.53 -88.90 -88.90
6.22 -88.87 -88.87
6.91 -88.84 -88.84
7.60 -88.81 -88.81
8.29 -88.78 -88.78
8.98 -88.74 -88.74
9.67 -88.70 -88.69
10.36 -88.65 -88.65
11.06 -88.60 -88.60
11.75 -88.55 -88.55
12.44 -88.50 -88.50
13.13 -88.44 -88.44
13.82 -88.38 -88.38
14.51 -88.32 -88.31
15.20 -88.25 -88.25
15.89 -88.18 -88.18
16.58 -88.11 -88.10
17.27 -88.03 -88.03
17.96 -87.95 -87.95
18.66 -87.87 -87.87
19.35 -87.79 -87.78
20.04 -87.70 -87.70
20.73 -87.61 -87.60
21.42 -87.51 -87.51
22.11 -87.42 -87.41
22.80 -87.32 -87.31
23.49 -87.21 -87.21
24.18 -87.11 -87.10
24.87 -87.00 -86.99
25.57 -86.88 -86.88
26.26 -86.77 -86.76
26.95 -86.65 -86.64
27.64 -86.53 -86.52
28.33 -86.40 -86.40
29.02 -86.28 -86.27
29.71 -86.15 -86.14
30.40 -86.01 -86.00
31.09 -85.88 -85.86
31.78 -85.74 -85.72
32.47 -85.59 -85.58
33.17 -85.45 -85.43
33.86 -85.30 -85.28
34.55 -85.15 -85.13
35.24 -84.99 -84.97
35.93 -84.83 -84.81
36.62 -84.67 -84.65
37.31 -84.51 -84.49
38.00 -84.34 -84.32
38.69 -84.17 -84.14
39.38 -84.00 -83.97
40.08 -83.82 -83.79
40.77 -83.64 -83.61
41.46 -83.46 -83.42
42.15 -83.27 -83.23
42.84 -83.08 -83.04
43.53 -82.89 -82.85
44.22 -82.69 -82.65
44.91 -82.50 -82.45
45.60 -82.29 -82.24
46.29 -82.09 -82.03
46.98 -81.88 -81.82
47.68 -81.67 -81.60
48.37 -81.46 -81.38
49.06 -81.24 -81.16
49.75 -81.02 -80.93
50.44 -80.79 -80.70
51.13 -80.56 -80.47
51.82 -80.33 -80.23
52.51 -80.10 -79.99
53.20 -79.86 -79.74
53.89 -79.62 -79.49
54.59 -79.37 -79.24
55.28 -79.13 -78.98
55.97 -78.88 -78.72
56.66 -78.62 -78.45
57.35 -78.36 -78.18
58.04 -78.10 -77.91
58.73 -77.83 -77.63
59.42 -77.56 -77.35
60.11 -77.29 -77.06
60.80 -77.01 -76.76
61.49 -76.73 -76.47
62.19 -76.44 -76.16
62.88 -76.15 -75.86
63.57 -75.86 -75.54
64.26 -75.56 -75.23
64.95 -75.26 -74.90
65.64 -74.95 -74.57
66.33 -74.64 -74.24
67.02 -74.33 -73.90
67.71 -74.01 -73.55
68.40 -73.69 -73.20
69.10 -73.36 -72.85
69.79 -73.03 -72.48
70.48 -72.69 -72.11
71.17 -72.35 -71.74
71.86 -72.00 -71.35
72.55 -71.65 -70.96
73.24 -71.29 -70.56
73.93 -70.93 -70.16
74.62 -70.56 -69.75
75.31 -70.19 -69.33
76.00 -69.81 -68.90
76.70 -69.43 -68.47
77.39 -69.04 -68.02
78.08 -68.65 -67.57
78.77 -68.24 -67.11
79.46 -67.84 -66.64
80.15 -67.42 -66.17
80.84 -67.00 -65.68
81.53 -66.58 -65.18
82.22 -66.15 -64.67
82.91 -65.71 -64.16
83.61 -65.26 -63.63
84.30 -64.81 -63.09
84.99 -64.35 -62.54
85.68 -63.88 -61.98
86.37 -63.40 -61.40
87.06 -62.92 -60.82
87.75 -62.43 -60.22
88.44 -61.93 -59.61
89.13 -61.42 -58.99
89.82 -60.91 -58.35
90.51 -60.38 -57.70
91.21 -59.85 -57.04
91.90 -59.31 -56.36
92.59 -58.76 -55.66
93.28 -58.20 -54.95
93.97 -57.63 -54.23
94.66 -57.05 -53.48
95.35 -56.46 -52.72
96.04 -55.86 -51.95
96.73 -55.25 -51.15
97.42 -54.62 -50.33
98.12 -53.99 -49.50
98.81 -53.35 -48.65
99.50 -52.69 -47.78
100.19 -52.02 -46.89
100.88 -51.34 -45.97
101.57 -50.65 -45.04
102.26 -49.95 -44.08
102.95 -49.23 -43.10
103.64 -48.49 -42.10
104.33 -47.75 -41.07
105.02 -46.99 -40.02
105.72 -46.22 -38.94
106.41 -45.43 -37.84
107.10 -44.63 -36.72
107.79 -43.81 -35.56
108.48 -42.97 -34.38
109.17 -42.12 -33.17
109.86 -41.26 -31.93
110.55 -40.37 -30.66
111.24 -39.47 -29.37
111.93 -38.56 -28.04
112.63 -37.62 -26.68
113.32 -36.67 -25.29
114.01 -35.70 -23.88
114.70 -34.71 -22.42
115.39 -33.70 -20.94
116.08 -32.68 -19.43
116.77 -31.63 -17.88
117.46 -30.56 -16.29
118.15 -29.47 -14.68
118.84 -28.37 -13.03
119.53 -27.23 -11.35
120.23 -26.09 -9.64
120.92 -24.92 -7.89
121.61 -23.72 -6.11
122.30 -22.50 -4.30
122.99 -21.27 -2.46
123.68 -20.01 -0.57
124.37 -18.72 1.34
125.06 -17.42 3.27
125.75 -16.09 5.25
126.44 -14.74 7.25
127.14 -13.37 9.27
127.83 -11.97 nan
128.52 -10.55 nan
129.21 -9.11 nan
129.90 -7.64 nan
130.59 -6.14 nan
131.28 -4.63 nan
131.97 -3.10 nan
132.66 -1.53 nan
133.35 0.05 nan
134.05 1.65 nan
134.74 3.28 nan
135.43 4.93 nan
136.12 6.60 nan
136.81 8.29 nan
137.50 10.00 nan
