ts Penv_prop Pgap_prop Penv_rep Pgap_rep Pany_c44 Pany_prop
0.0500 0.0030 0.0000 3.8175 3.2980 0.1050 0.0030
0.0750 0.0025 0.0000 4.0130 3.2065 0.1080 0.0025
0.1000 0.0095 0.0000 4.2365 3.2475 0.1000 0.0095
0.1250 0.0170 0.0000 4.5070 3.3045 0.0940 0.0170
0.1500 0.0255 0.0000 4.9490 3.2695 0.0945 0.0255
0.1750 0.0480 0.0000 5.2380 3.2665 0.1100 0.0480
0.2000 0.0795 0.0000 5.9010 3.2275 0.0910 0.0795
0.2250 0.1375 0.0000 6.3695 3.2355 0.0940 0.1375
0.2500 0.2025 0.0000 7.0540 3.2345 0.1205 0.2025
0.2750 0.3620 0.0000 7.6150 3.1825 0.1340 0.3620
0.3000 0.4485 0.0000 8.3420 3.2810 0.1640 0.4485
0.3250 0.6890 0.0000 8.9710 3.2860 0.1825 0.6890
0.3500 0.9560 0.0000 9.8850 3.2420 0.2715 0.9560
0.3750 1.2560 0.0000 10.6775 3.2335 0.3380 1.2560
0.4000 1.6495 0.0000 11.4000 3.2215 0.4455 1.6495
0.4250 1.9750 0.0000 12.2820 3.2020 0.5875 1.9750
0.4500 2.4845 0.0000 13.0615 3.1830 0.7880 2.4845
0.4750 2.9245 0.0000 13.6660 3.2435 0.9955 2.9245
0.5000 3.5990 0.0000 14.6515 3.2240 1.2745 3.5990
