m reparto cuerda44 propuesta
-0.78750 0.00000 0.00000 0.00000
-0.76250 0.00000 0.00000 0.00000
-0.73750 0.00000 0.00000 0.00000
-0.71250 0.00000 0.00000 0.00000
-0.68750 0.00000 0.00000 0.00000
-0.66250 0.00000 0.00000 0.00000
-0.63750 0.00000 0.00000 0.00000
-0.61250 0.00000 0.00000 0.00000
-0.58750 0.00000 0.00000 0.00000
-0.56250 0.00000 0.00000 0.00000
-0.53750 0.00000 0.00000 0.00000
-0.51250 0.00000 0.00000 0.00000
-0.48750 0.00000 0.00000 0.00000
-0.46250 0.00010 0.00000 0.00000
-0.43750 0.00020 0.00000 0.00000
-0.41250 0.00030 0.00000 0.00000
-0.38750 0.00040 0.00000 0.00000
-0.36250 0.00100 0.00000 0.00000
-0.33750 0.00170 0.00000 0.00000
-0.31250 0.00380 0.00000 0.00000
-0.28750 0.00660 0.00000 0.00000
-0.26250 0.01360 0.00000 0.00000
-0.23750 0.02510 0.00000 0.00000
-0.21250 0.04040 0.00000 0.00000
-0.18750 0.06240 0.00000 0.00000
-0.16250 0.11010 0.00000 0.00000
-0.13750 0.17390 0.00000 0.00000
-0.11250 0.25250 0.00000 0.00000
-0.08750 0.38500 0.00000 0.00010
-0.06250 0.55500 0.00000 0.00120
-0.03750 0.75240 0.00000 0.00220
-0.01250 0.98020 0.00010 0.00640
0.01250 1.26630 0.00050 0.02160
0.03750 1.58070 0.00180 0.04950
0.06250 1.91020 0.00710 0.11600
0.08750 2.18660 0.01680 0.25300
0.11250 2.47410 0.04800 0.47420
0.13750 2.70590 0.11500 0.86330
0.16250 2.83000 0.24040 1.42210
0.18750 2.91210 0.46150 2.10090
0.21250 2.86580 0.81660 2.93170
0.23750 2.72200 1.36170 3.69750
0.26250 2.53210 2.06070 4.31480
0.28750 2.26010 2.83780 4.62140
0.31250 1.93530 3.62540 4.57750
0.33750 1.62920 4.28120 4.10680
0.36250 1.30950 4.60870 3.45400
0.38750 1.01550 4.55680 2.62460
0.41250 0.77580 4.14450 1.83180
0.43750 0.57180 3.47800 1.17540
0.46250 0.40840 2.70210 0.68200
0.48750 0.27070 1.87650 0.36460
0.51250 0.17840 1.23980 0.17290
0.53750 0.11460 0.74310 0.07970
0.56250 0.07650 0.40820 0.03310
0.58750 0.04290 0.20680 0.01470
0.61250 0.02870 0.09680 0.00450
0.63750 0.01450 0.04030 0.00160
0.66250 0.00900 0.01380 0.00080
0.68750 0.00370 0.00680 0.00010
0.71250 0.00280 0.00220 0.00000
0.73750 0.00130 0.00080 0.00000
0.76250 0.00040 0.00020 0.00000
0.78750 0.00030 0.00000 0.00000
0.81250 0.00000 0.00000 0.00000
0.83750 0.00000 0.00000 0.00000
0.86250 0.00010 0.00000 0.00000
0.88750 0.00000 0.00000 0.00000
0.91250 0.00000 0.00000 0.00000
0.93750 0.00000 0.00000 0.00000
0.96250 0.00000 0.00000 0.00000
0.98750 0.00000 0.00000 0.00000
1.01250 0.00000 0.00000 0.00000
1.03750 0.00000 0.00000 0.00000
1.06250 0.00000 0.00000 0.00000
1.08750 0.00000 0.00000 0.00000
1.11250 0.00000 0.00000 0.00000
1.13750 0.00000 0.00000 0.00000
1.16250 0.00000 0.00000 0.00000
1.18750 0.00000 0.00000 0.00000
