sub q usd_lo usd_hi ars_lo ars_hi
R 1 10 20 13000 34000
R 1 5 10 6500 17000
R 1 12 25 15600 42500
R 1 3 6 3900 10200
R 1 15 30 19500 51000
R 4 8 16 10400 27200
R 1 3 6 3900 10200
R 2 2 4 2600 6800
R 1 2 4 2600 6800
R 1 3 6 3900 10200
R 1 3 8 3900 13600
R 1 2 4 2600 6800
R 2 10 20 13000 34000
R 1 15 30 19500 51000
E 1 18 30 23400 51000
E 1 6 12 7800 20400
E 1 2 5 2600 8500
D 1 5 12 6500 20400
D 1 6 15 7800 25500
X 1 8 25 10400 42500
X 1 45 90 58500 153000
X 1 15 35 19500 59500
X 1 10 30 13000 51000
X 2 40 100 52000 170000
X 1 10 25 13000 42500
X 1 3 8 3900 13600
X 1 15 40 19500 68000
X 1 4 10 5200 17000
