theta rpm_tat rpm_xf
-6.0000 1504.4861 1879.8269
-5.7500 1485.0295 1855.9628
-5.5000 1465.9310 1832.2313
-5.2500 1447.1946 1808.6511
-5.0000 1428.8231 1785.2406
-4.7500 1410.8183 1762.0181
-4.5000 1393.1808 1739.0013
-4.2500 1375.9104 1716.2075
-4.0000 1359.0059 1693.6534
-3.7500 1342.4654 1671.3548
-3.5000 1326.2860 1649.3268
-3.2500 1310.4642 1627.5836
-3.0000 1294.9961 1606.1384
-2.7500 1279.8768 1585.0032
-2.5000 1265.1013 1564.1891
-2.2500 1250.6639 1543.7059
-2.0000 1236.5587 1523.5621
-1.7500 1222.7794 1503.7654
-1.5000 1209.3194 1484.3219
-1.2500 1196.1721 1465.2366
-1.0000 1183.3306 1446.5136
-0.7500 1170.7879 1428.1555
-0.5000 1158.5368 1410.1642
-0.2500 1146.5703 1392.5401
0.0000 1134.8812 1375.2832
