tc lo mid hi himp
800 224.0 362.4 500.8 651.0
850 238.0 385.1 532.1 691.7
900 252.0 407.7 563.4 732.4
950 266.0 430.4 594.7 773.1
1000 280.0 453.0 626.0 813.8
1050 294.0 475.6 657.3 854.5
1100 308.0 498.3 688.6 895.2
1150 322.0 521.0 719.9 935.9
1200 336.0 543.6 751.2 976.6
1250 350.0 566.2 782.5 1017.2
1300 364.0 588.9 813.8 1057.9
1350 378.0 611.5 845.1 1098.6
1400 392.0 634.2 876.4 1139.3
1450 406.0 656.9 907.7 1180.0
1500 420.0 679.5 939.0 1220.7
1550 434.0 702.1 970.3 1261.4
1600 448.0 724.8 1001.6 1302.1
1650 462.0 747.5 1032.9 1342.8
1700 476.0 770.1 1064.2 1383.5
1750 490.0 792.8 1095.5 1424.2
1800 504.0 815.4 1126.8 1464.8
1850 518.0 838.0 1158.1 1505.5
1900 532.0 860.7 1189.4 1546.2
1950 546.0 883.4 1220.7 1586.9
2000 560.0 906.0 1252.0 1627.6
2050 574.0 928.6 1283.3 1668.3
2100 588.0 951.3 1314.6 1709.0
2150 602.0 974.0 1345.9 1749.7
2200 616.0 996.6 1377.2 1790.4
2250 630.0 1019.2 1408.5 1831.0
2300 644.0 1041.9 1439.8 1871.7
2350 658.0 1064.5 1471.1 1912.4
2400 672.0 1087.2 1502.4 1953.1
