s fc rpm_tat rpm_xf
2.5500 5.6667 1395.1300 1668.7068
2.6000 5.7778 1386.2676 1663.4018
2.6500 5.8889 1377.5004 1658.1128
2.7000 6.0000 1368.8280 1652.8399
2.7500 6.1111 1360.2505 1647.5832
2.8000 6.2222 1351.7674 1642.3430
2.8500 6.3333 1343.3784 1637.1195
2.9000 6.4444 1335.0831 1631.9129
2.9500 6.5556 1326.8811 1626.7232
3.0000 6.6667 1318.7720 1621.5508
3.0500 6.7778 1310.7552 1616.3957
3.1000 6.8889 1302.8301 1611.2582
3.1500 7.0000 1294.9961 1606.1384
3.2000 7.1111 1287.2526 1601.0364
3.2500 7.2222 1279.5990 1595.9525
3.3000 7.3333 1272.0345 1590.8868
3.3500 7.4444 1264.5584 1585.8394
3.4000 7.5556 1257.1700 1580.8105
3.4500 7.6667 1249.8685 1575.8002
3.5000 7.7778 1242.6530 1570.8086
3.5500 7.8889 1235.5228 1565.8360
3.6000 8.0000 1228.4770 1560.8824
3.6500 8.1111 1221.5148 1555.9479
3.7000 8.2222 1214.6352 1551.0327
3.7500 8.3333 1207.8375 1546.1369
