dth dz_tat F_tat dL_tat dz_xf F_xf dL_xf
0.00000 0.00000 0.00000 0.00000 0.00000 0.00000 0.00000
0.10000 0.16838 0.00047 1.21868 0.16874 0.00106 1.75261
0.20000 0.33676 0.00094 2.43735 0.33747 0.00212 3.50521
0.30000 0.50513 0.00141 3.65603 0.50621 0.00318 5.25782
0.40000 0.67351 0.00188 4.87470 0.67495 0.00423 7.01043
0.50000 0.84189 0.00234 6.09338 0.84368 0.00528 8.76303
0.60000 1.01027 0.00281 7.31205 1.01242 0.00633 10.51564
0.70000 1.17865 0.00327 8.53073 1.18116 0.00737 12.26824
0.80000 1.34702 0.00373 9.74941 1.34989 0.00842 14.02085
0.90000 1.51540 0.00418 10.96808 1.51863 0.00946 15.77346
1.00000 1.68378 0.00464 12.18676 1.68737 0.01049 17.52606
