delta p_petg s_petg F_petg p_pa s_pa F_pa
0.0000 0.0000 0.0000 0.0000 0.0000 0.0000 0.0000
0.0050 0.2801 0.5028 17.5996 0.1958 0.3515 12.3025
0.0100 0.5602 1.0056 35.1993 0.3916 0.7029 24.6051
0.0150 0.8403 1.5084 52.7989 0.5874 1.0544 36.9076
0.0200 1.1204 2.0112 70.3986 0.7832 1.4059 49.2101
0.0250 1.4005 2.5140 87.9982 0.9790 1.7573 61.5127
0.0300 1.6806 3.0168 105.5979 1.1748 2.1088 73.8152
0.0350 1.9607 3.5196 123.1975 1.3706 2.4603 86.1177
0.0400 2.2409 4.0224 140.7971 1.5664 2.8117 98.4203
0.0450 2.5210 4.5252 158.3968 1.7622 3.1632 110.7228
0.0500 2.8011 5.0280 175.9964 1.9580 3.5147 123.0253
0.0550 3.0812 5.5308 193.5961 2.1538 3.8662 135.3279
0.0600 3.3613 6.0336 211.1957 2.3496 4.2176 147.6304
0.0650 3.6414 6.5364 228.7953 2.5454 4.5691 159.9329
0.0700 3.9215 7.0392 246.3950 2.7412 4.9206 172.2355
0.0750 4.2016 7.5420 263.9946 2.9370 5.2720 184.5380
0.0800 4.4817 8.0448 281.5943 3.1328 5.6235 196.8405
0.0850 4.7618 8.5476 299.1939 3.3286 5.9750 209.1431
0.0900 5.0419 9.0504 316.7936 3.5244 6.3264 221.4456
0.0950 5.3220 9.5532 334.3932 3.7202 6.6779 233.7482
0.1000 5.6021 10.0560 351.9928 3.9160 7.0294 246.0507
0.1050 5.8822 10.5588 369.5925 4.1118 7.3808 258.3532
0.1100 6.1624 11.0616 387.1921 4.3076 7.7323 270.6558
0.1150 6.4425 11.5644 404.7918 4.5034 8.0838 282.9583
0.1200 6.7226 12.0672 422.3914 4.6992 8.4352 295.2608
0.1250 7.0027 12.5700 439.9910 4.8950 8.7867 307.5634
0.1300 7.2828 13.0728 457.5907 5.0908 9.1382 319.8659
0.1350 7.5629 13.5756 475.1903 5.2866 9.4897 332.1684
0.1400 7.8430 14.0784 492.7900 5.4824 9.8411 344.4710
0.1450 8.1231 14.5812 510.3896 5.6782 10.1926 356.7735
0.1500 8.4032 15.0840 527.9893 5.8740 10.5441 369.0760
