ds dz_tat F_tat dL_tat dz_xf F_xf dL_xf
0.00000 0.00000 0.00000 0.00000 0.00000 0.00000 0.00000
0.05000 0.21439 0.00060 1.55167 0.11906 0.00075 1.23662
0.10000 0.42877 0.00120 3.10333 0.23812 0.00150 2.47324
0.15000 0.64316 0.00180 4.65500 0.35718 0.00224 3.70986
0.20000 0.85754 0.00239 6.20666 0.47624 0.00299 4.94648
0.25000 1.07193 0.00298 7.75833 0.59529 0.00373 6.18310
0.30000 1.28631 0.00356 9.31000 0.71435 0.00448 7.41972
0.35000 1.50070 0.00414 10.86166 0.83341 0.00522 8.65634
0.40000 1.71508 0.00472 12.41333 0.95247 0.00596 9.89296
0.45000 1.92947 0.00530 13.96500 1.07153 0.00670 11.12959
0.50000 2.14386 0.00587 15.51666 1.19059 0.00743 12.36621
