cadena nom wc_lo wc_hi rss mc_lo mc_hi pfalla
A1_juego_axial_j 0.1400 0.0200 0.2600 0.0837 0.0539 0.2257 0.0003
A2_huelgo_cubo-tapa 0.6400 0.3700 0.9100 0.1446 0.4961 0.7841 0.0000
A3_entrehierro_hall 1.6800 0.9500 2.4100 0.2189 1.4598 1.8993 0.0000
B_base:_env -0.0215 -0.9059 0.8630 0.4075 -0.4334 0.3881 56.3212
B_base:_gap 0.4800 -0.3700 1.3300 0.3841 0.0900 0.8693 0.0070
B_reparto:_env 0.1896 -0.6940 1.0732 0.4070 -0.2221 0.6010 8.3770
B_reparto:_gap 0.2400 -0.6100 1.0900 0.3841 -0.1506 0.6309 3.2267
B_cuerda44:_env 0.3728 -0.2501 0.9956 0.2500 0.1166 0.6296 0.0013
B_cuerda44:_gap 0.3000 -0.4000 1.0000 0.2828 0.0110 0.5906 0.0855
B_propuesta:_env 0.2950 -0.3253 0.9154 0.2488 0.0398 0.5509 0.0253
B_propuesta:_gap 0.5200 -0.1800 1.2200 0.2828 0.2318 0.8109 0.0000
C1_radial_(desvío) 0.0000 -0.6400 0.6400 0.3059 0.0002 0.3292 0.0615
C2_axial_sin_plantilla 0.0000 -1.0000 1.0000 0.4416 0.0003 0.4694 0.0000
C2_axial_con_plantilla 0.0000 -0.7000 0.7000 0.3240 0.0002 0.3468 0.0000
C3_enganche_tang. 2.5000 1.8500 2.5000 0.3905 2.0335 2.4996 0.0000
C3b_enganche_(servo) 2.5000 1.2100 2.5000 0.7497 1.5016 2.4992 0.1280
