x a CT
-2.000 0.5880 1.0000
-1.980 0.6401 1.0203
-1.960 0.6906 1.0412
-1.940 0.7396 1.0628
-1.920 0.7869 1.0851
-1.900 0.8328 1.1080
-1.880 0.8772 1.1317
-1.860 0.9201 1.1562
-1.840 0.9617 1.1815
-1.820 1.0018 1.2076
-1.800 1.0406 1.2346
-1.780 1.0782 1.2625
-1.760 1.1145 1.2913
-1.740 1.1495 1.3212
-1.720 1.1834 1.3521
-1.700 1.2161 1.3841
-1.680 1.2477 1.4172
-1.660 1.2782 1.4516
-1.640 1.3077 1.4872
-1.620 1.3362 1.5242
-1.600 1.3637 1.5625
-1.580 1.3904 1.6023
-1.560 1.4161 1.6437
-1.540 1.4410 1.6866
-1.520 1.4652 1.7313
-1.500 1.4885 1.7778
-1.480 1.5112 1.8262
-1.460 1.5332 1.8765
-1.440 1.5546 1.9290
-1.420 1.5753 1.9837
-1.400 1.5956 2.0408
-1.380 1.6153 2.1004
-1.360 1.6347 2.1626
-1.340 1.6536 2.2277
-1.320 1.6721 2.2957
-1.300 1.6904 2.3669
