DL C08 C10 C12 C15 C18
5.0000 3.1944 2.8571 2.6082 2.3328 2.1296
5.2767 3.2816 2.9351 2.6794 2.3965 2.1877
5.5687 3.3712 3.0153 2.7525 2.4620 2.2474
5.8769 3.4632 3.0976 2.8277 2.5292 2.3088
6.2022 3.5577 3.1821 2.9049 2.5982 2.3718
6.5454 3.6549 3.2690 2.9842 2.6691 2.4366
6.9077 3.7546 3.3582 3.0656 2.7420 2.5031
7.2899 3.8571 3.4499 3.1493 2.8168 2.5714
7.6934 3.9624 3.5441 3.2353 2.8937 2.6416
8.1192 4.0706 3.6408 3.3236 2.9727 2.7137
8.5685 4.1817 3.7402 3.4144 3.0539 2.7878
9.0427 4.2959 3.8423 3.5076 3.1373 2.8639
9.5431 4.4131 3.9472 3.6033 3.2229 2.9421
10.0713 4.5336 4.0550 3.7017 3.3109 3.0224
10.6286 4.6574 4.1657 3.8027 3.4013 3.1049
11.2169 4.7845 4.2794 3.9065 3.4941 3.1897
11.8376 4.9151 4.3962 4.0132 3.5895 3.2767
12.4927 5.0493 4.5162 4.1227 3.6875 3.3662
13.1841 5.1871 4.6395 4.2353 3.7881 3.4581
13.9138 5.3287 4.7662 4.3509 3.8916 3.5525
14.6838 5.4742 4.8963 4.4697 3.9978 3.6495
15.4964 5.6236 5.0299 4.5917 4.1069 3.7491
16.3540 5.7772 5.1673 4.7170 4.2190 3.8514
17.2591 5.9349 5.3083 4.8458 4.3342 3.9566
18.2143 6.0969 5.4532 4.9781 4.4525 4.0646
19.2223 6.2633 5.6021 5.1140 4.5741 4.1755
20.2861 6.4343 5.7550 5.2536 4.6989 4.2895
21.4088 6.6099 5.9121 5.3970 4.8272 4.4066
22.5936 6.7904 6.0735 5.5443 4.9590 4.5269
23.8440 6.9758 6.2393 5.6957 5.0944 4.6505
25.1636 7.1662 6.4096 5.8512 5.2334 4.7775
26.5562 7.3618 6.5846 6.0109 5.3763 4.9079
28.0259 7.5628 6.7644 6.1750 5.5231 5.0419
29.5769 7.7692 6.9490 6.3436 5.6738 5.1795
31.2138 7.9813 7.1387 6.5167 5.8287 5.3209
32.9412 8.1992 7.3336 6.6946 5.9879 5.4661
34.7642 8.4230 7.5338 6.8774 6.1513 5.6154
36.6882 8.6530 7.7394 7.0651 6.3192 5.7686
38.7186 8.8892 7.9507 7.2580 6.4917 5.9261
40.8614 9.1318 8.1678 7.4561 6.6690 6.0879
43.1227 9.3811 8.3907 7.6597 6.8510 6.2541
45.5093 9.6372 8.6198 7.8688 7.0380 6.4248
48.0279 9.9003 8.8551 8.0836 7.2302 6.6002
50.6858 10.1706 9.0968 8.3042 7.4275 6.7804
53.4909 10.4482 9.3452 8.5309 7.6303 6.9655
56.4512 10.7334 9.6003 8.7638 7.8386 7.1556
59.5754 11.0264 9.8623 9.0031 8.0526 7.3510
62.8724 11.3274 10.1316 9.2488 8.2724 7.5516
66.3520 11.6367 10.4082 9.5013 8.4982 7.7578
70.0240 11.9543 10.6923 9.7607 8.7302 7.9696
73.8993 12.2807 10.9842 10.0271 8.9685 8.1871
77.9891 12.6159 11.2840 10.3009 9.2134 8.4106
82.3052 12.9603 11.5921 10.5821 9.4649 8.6402
86.8602 13.3141 11.9085 10.8709 9.7233 8.8761
91.6672 13.6776 12.2336 11.1677 9.9887 9.1184
96.7403 14.0510 12.5676 11.4726 10.2614 9.3673
102.0942 14.4345 12.9106 11.7857 10.5415 9.6230
107.7443 14.8286 13.2631 12.1075 10.8293 9.8857
113.7072 15.2334 13.6251 12.4380 11.1249 10.1556
120.0000 15.6492 13.9971 12.7775 11.4286 10.4328
