a CTmom CTbuhl CTbuhl09
0.000 0.0000 0.0000 0.0000
0.010 0.0396 0.0396 0.0356
0.020 0.0784 0.0784 0.0706
0.030 0.1164 0.1164 0.1048
0.040 0.1536 0.1536 0.1382
0.050 0.1900 0.1900 0.1710
0.060 0.2256 0.2256 0.2030
0.070 0.2604 0.2604 0.2344
0.080 0.2944 0.2944 0.2650
0.090 0.3276 0.3276 0.2948
0.100 0.3600 0.3600 0.3240
0.110 0.3916 0.3916 0.3524
0.120 0.4224 0.4224 0.3802
0.130 0.4524 0.4524 0.4072
0.140 0.4816 0.4816 0.4334
0.150 0.5100 0.5100 0.4590
0.160 0.5376 0.5376 0.4838
0.170 0.5644 0.5644 0.5080
0.180 0.5904 0.5904 0.5314
0.190 0.6156 0.6156 0.5540
0.200 0.6400 0.6400 0.5760
0.210 0.6636 0.6636 0.5972
0.220 0.6864 0.6864 0.6178
0.230 0.7084 0.7084 0.6376
0.240 0.7296 0.7296 0.6566
0.250 0.7500 0.7500 0.6750
0.260 0.7696 0.7696 0.6926
0.270 0.7884 0.7884 0.7096
0.280 0.8064 0.8064 0.7258
0.290 0.8236 0.8236 0.7412
0.300 0.8400 0.8400 0.7560
0.310 0.8556 0.8556 0.7700
0.320 0.8704 0.8704 0.7834
0.330 0.8844 0.8844 0.7960
0.340 0.8976 0.8976 0.8078
0.350 0.9100 0.9100 0.8190
0.360 0.9216 0.9216 0.8294
0.370 0.9324 0.9324 0.8392
0.380 0.9424 0.9424 0.8482
0.390 0.9516 0.9516 0.8564
0.400 0.9600 0.9600 0.8640
0.410 0.9676 0.9682 0.8714
0.420 0.9744 0.9766 0.8792
0.430 0.9804 0.9854 0.8874
0.440 0.9856 0.9945 0.8959
0.450 0.9900 1.0039 0.9049
0.460 0.9936 1.0136 0.9142
0.470 0.9964 1.0236 0.9240
0.480 0.9984 1.0340 0.9341
0.490 0.9996 1.0446 0.9446
0.500 1.0000 1.0556 0.9556
0.510 0.9996 1.0668 0.9669
0.520 0.9984 1.0784 0.9786
0.530 0.9964 1.0903 0.9906
0.540 0.9936 1.1025 1.0031
0.550 0.9900 1.1150 1.0160
0.560 0.9856 1.1278 1.0293
0.570 0.9804 1.1410 1.0429
0.580 0.9744 1.1544 1.0570
0.590 0.9676 1.1682 1.0714
0.600 0.9600 1.1822 1.0862
0.610 0.9516 1.1966 1.1014
0.620 0.9424 1.2113 1.1170
0.630 0.9324 1.2263 1.1330
0.640 0.9216 1.2416 1.1494
0.650 0.9100 1.2572 1.1662
0.660 0.8976 1.2732 1.1834
0.670 0.8844 1.2894 1.2010
0.680 0.8704 1.3060 1.2189
0.690 0.8556 1.3228 1.2373
0.700 0.8400 1.3400 1.2560
0.710 0.8236 1.3575 1.2751
0.720 0.8064 1.3753 1.2946
0.730 0.7884 1.3934 1.3146
0.740 0.7696 1.4118 1.3349
0.750 0.7500 1.4306 1.3556
0.760 0.7296 1.4496 1.3766
0.770 0.7084 1.4690 1.3981
0.780 0.6864 1.4886 1.4200
0.790 0.6636 1.5086 1.4422
0.800 0.6400 1.5289 1.4649
0.810 0.6156 1.5495 1.4879
0.820 0.5904 1.5704 1.5114
0.830 0.5644 1.5916 1.5352
0.840 0.5376 1.6132 1.5594
0.850 0.5100 1.6350 1.5840
0.860 0.4816 1.6572 1.6090
0.870 0.4524 1.6796 1.6344
0.880 0.4224 1.7024 1.6602
0.890 0.3916 1.7255 1.6863
0.900 0.3600 1.7489 1.7129
0.910 0.3276 1.7726 1.7398
0.920 0.2944 1.7966 1.7672
0.930 0.2604 1.8210 1.7949
0.940 0.2256 1.8456 1.8230
0.950 0.1900 1.8706 1.8516
0.960 0.1536 1.8958 1.8805
0.970 0.1164 1.9214 1.9098
0.980 0.0784 1.9473 1.9394
0.990 0.0396 1.9735 1.9695
1.000 0.0000 2.0000 2.0000
