z asc15 dro35 dro30G eta2 eta1 ater200
0.0 -73.5750 -4.2547 0.0000 -0.1421 -0.6189 -957.4560
1.0 -73.5750 -4.2547 0.0000 -0.1421 -0.6189 -957.4560
2.0 -71.6620 -2.9639 3.9213 -0.0146 -0.4914 -931.9500
3.0 -71.1560 -2.6224 4.9587 0.0192 -0.4576 -925.2026
4.0 -71.1560 -2.6224 4.9587 0.0192 -0.4576 -925.2026
5.0 -71.1560 -2.6224 4.9587 0.0192 -0.4576 -925.2026
6.0 -71.1560 -2.6224 4.9587 0.0192 -0.4576 -925.2026
7.0 -71.1560 -2.6224 4.9587 0.0192 -0.4576 -925.2026
8.0 -69.4727 -1.4866 8.4091 0.1314 -0.3454 -902.7593
9.0 -68.0012 -0.4937 11.4255 0.2295 -0.2473 -883.1393
10.0 -68.0012 -0.4937 11.4255 0.2295 -0.2473 -883.1393
11.0 -68.0012 -0.4937 11.4255 0.2295 -0.2473 -883.1393
12.0 -68.0012 -0.4937 11.4255 0.2295 -0.2473 -883.1393
13.0 -67.4952 -0.1522 12.4629 0.2632 -0.2136 -876.3919
14.0 -67.4952 -0.1522 12.4629 0.2632 -0.2136 -876.3919
15.0 -67.4952 -0.1522 12.4629 0.2632 -0.2136 -876.3919
16.0 -67.4952 -0.1522 12.4629 0.2632 -0.2136 -876.3919
17.0 -67.4952 -0.1522 12.4629 0.2632 -0.2136 -876.3919
18.0 -66.9891 0.1892 13.5002 0.2970 -0.1799 -869.6445
19.0 -66.9891 0.1892 13.5002 0.2970 -0.1799 -869.6445
20.0 -66.9891 0.1892 13.5002 0.2970 -0.1799 -869.6445
21.0 -66.9891 0.1892 13.5002 0.2970 -0.1799 -869.6445
22.0 -66.9891 0.1892 13.5002 0.2970 -0.1799 -869.6445
23.0 -66.4831 0.5307 14.5375 0.3307 -0.1461 -862.8972
24.0 -66.4831 0.5307 14.5375 0.3307 -0.1461 -862.8972
25.0 -54.2696 8.7720 39.5736 1.1449 0.6681 -700.0512
26.0 -54.2696 8.7720 39.5736 1.1449 0.6681 -700.0512
27.0 -54.2696 8.7720 39.5736 1.1449 0.6681 -700.0512
28.0 -53.7636 9.1134 40.6110 1.1787 0.7018 -693.3038
29.0 -53.7636 9.1134 40.6110 1.1787 0.7018 -693.3038
30.0 -53.7636 9.1134 40.6110 1.1787 0.7018 -693.3038
31.0 -53.7636 9.1134 40.6110 1.1787 0.7018 -693.3038
32.0 -53.7636 9.1134 40.6110 1.1787 0.7018 -693.3038
33.0 -53.2575 9.4549 41.6483 1.2124 0.7356 -686.5564
34.0 -53.2575 9.4549 41.6483 1.2124 0.7356 -686.5564
35.0 -53.2575 9.4549 41.6483 1.2124 0.7356 -686.5564
36.0 -53.2575 9.4549 41.6483 1.2124 0.7356 -686.5564
37.0 -53.2575 9.4549 41.6483 1.2124 0.7356 -686.5564
38.0 -52.7515 9.7964 42.6856 1.2461 0.7693 -679.8091
39.0 -52.7515 9.7964 42.6856 1.2461 0.7693 -679.8091
40.0 -52.7515 9.7964 42.6856 1.2461 0.7693 -679.8091
41.0 -52.7515 9.7964 42.6856 1.2461 0.7693 -679.8091
42.0 -52.7515 9.7964 42.6856 1.2461 0.7693 -679.8091
43.0 -52.2454 10.1379 43.7230 1.2799 0.8031 -673.0617
44.0 -52.2454 10.1379 43.7230 1.2799 0.8031 -673.0617
45.0 -52.2454 10.1379 43.7230 1.2799 0.8031 -673.0617
46.0 -52.2454 10.1379 43.7230 1.2799 0.8031 -673.0617
47.0 -52.2454 10.1379 43.7230 1.2799 0.8031 -673.0617
48.0 -51.7394 10.4793 44.7603 1.3136 0.8368 -666.3143
49.0 -51.7394 10.4793 44.7603 1.3136 0.8368 -666.3143
50.0 -51.7394 10.4793 44.7603 1.3136 0.8368 -666.3143
51.0 -51.7394 10.4793 44.7603 1.3136 0.8368 -666.3143
52.0 -51.7394 10.4793 44.7603 1.3136 0.8368 -666.3143
53.0 -51.2333 10.8208 45.7977 1.3474 0.8705 -659.5670
54.0 -51.2333 10.8208 45.7977 1.3474 0.8705 -659.5670
55.0 -48.8789 12.4095 50.6239 1.5043 1.0275 -628.1750
56.0 -48.8789 12.4095 50.6239 1.5043 1.0275 -628.1750
57.0 -48.8789 12.4095 50.6239 1.5043 1.0275 -628.1750
58.0 -48.3729 12.7509 51.6613 1.5381 1.0612 -621.4276
59.0 -48.3729 12.7509 51.6613 1.5381 1.0612 -621.4276
60.0 -48.3729 12.7509 51.6613 1.5381 1.0612 -621.4276
61.0 -48.3729 12.7509 51.6613 1.5381 1.0612 -621.4276
62.0 -48.3729 12.7509 51.6613 1.5381 1.0612 -621.4276
63.0 -47.8668 13.0924 52.6986 1.5718 1.0950 -614.6802
64.0 -47.8668 13.0924 52.6986 1.5718 1.0950 -614.6802
65.0 -47.8668 13.0924 52.6986 1.5718 1.0950 -614.6802
66.0 -47.8668 13.0924 52.6986 1.5718 1.0950 -614.6802
67.0 -47.8668 13.0924 52.6986 1.5718 1.0950 -614.6802
68.0 -47.3608 13.4339 53.7359 1.6055 1.1287 -607.9329
69.0 -47.3608 13.4339 53.7359 1.6055 1.1287 -607.9329
70.0 -47.3608 13.4339 53.7359 1.6055 1.1287 -607.9329
71.0 -47.3608 13.4339 53.7359 1.6055 1.1287 -607.9329
72.0 -47.3608 13.4339 53.7359 1.6055 1.1287 -607.9329
73.0 -46.8547 13.7753 54.7733 1.6393 1.1624 -601.1855
74.0 -46.8547 13.7753 54.7733 1.6393 1.1624 -601.1855
75.0 -46.8547 13.7753 54.7733 1.6393 1.1624 -601.1855
76.0 -46.8547 13.7753 54.7733 1.6393 1.1624 -601.1855
77.0 -46.8547 13.7753 54.7733 1.6393 1.1624 -601.1855
78.0 -46.3487 14.1168 55.8106 1.6730 1.1962 -594.4381
79.0 -46.3487 14.1168 55.8106 1.6730 1.1962 -594.4381
80.0 -46.3487 14.1168 55.8106 1.6730 1.1962 -594.4381
81.0 -46.3487 14.1168 55.8106 1.6730 1.1962 -594.4381
82.0 -46.3487 14.1168 55.8106 1.6730 1.1962 -594.4381
83.0 -45.8426 14.4583 56.8480 1.7067 1.2299 -587.6908
84.0 -45.8426 14.4583 56.8480 1.7067 1.2299 -587.6908
85.0 -45.8426 14.4583 56.8480 1.7067 1.2299 -587.6908
86.0 -45.8426 14.4583 56.8480 1.7067 1.2299 -587.6908
87.0 -45.8426 14.4583 56.8480 1.7067 1.2299 -587.6908
88.0 -45.3366 14.7998 57.8853 1.7405 1.2637 -580.9434
89.0 -45.3366 14.7998 57.8853 1.7405 1.2637 -580.9434
90.0 -45.3366 14.7998 57.8853 1.7405 1.2637 -580.9434
91.0 -45.3366 14.7998 57.8853 1.7405 1.2637 -580.9434
92.0 -45.3366 14.7998 57.8853 1.7405 1.2637 -580.9434
93.0 -44.8305 15.1412 58.9227 1.7742 1.2974 -574.1960
94.0 -44.8305 15.1412 58.9227 1.7742 1.2974 -574.1960
95.0 -44.8305 15.1412 58.9227 1.7742 1.2974 -574.1960
96.0 -44.8305 15.1412 58.9227 1.7742 1.2974 -574.1960
97.0 -44.8305 15.1412 58.9227 1.7742 1.2974 -574.1960
98.0 -44.3245 15.4827 59.9600 1.8080 1.3311 -567.4487
99.0 -44.3245 15.4827 59.9600 1.8080 1.3311 -567.4487
100.0 -44.3245 15.4827 59.9600 1.8080 1.3311 -567.4487
101.0 -44.3245 15.4827 59.9600 1.8080 1.3311 -567.4487
102.0 -44.3245 15.4827 59.9600 1.8080 1.3311 -567.4487
103.0 -43.8184 15.8242 60.9974 1.8417 1.3649 -560.7013
104.0 -43.8184 15.8242 60.9974 1.8417 1.3649 -560.7013
105.0 -35.7251 21.2852 77.5875 2.3812 1.9044 -452.7913
106.0 -35.7251 21.2852 77.5875 2.3812 1.9044 -452.7913
107.0 -35.7251 21.2852 77.5875 2.3812 1.9044 -452.7913
108.0 -35.2191 21.6267 78.6249 2.4150 1.9381 -446.0440
109.0 -35.2191 21.6267 78.6249 2.4150 1.9381 -446.0440
110.0 -35.2191 21.6267 78.6249 2.4150 1.9381 -446.0440
111.0 -35.2191 21.6267 78.6249 2.4150 1.9381 -446.0440
112.0 -35.2191 21.6267 78.6249 2.4150 1.9381 -446.0440
113.0 -34.7130 21.9682 79.6622 2.4487 1.9719 -439.2966
114.0 -34.7130 21.9682 79.6622 2.4487 1.9719 -439.2966
115.0 -34.7130 21.9682 79.6622 2.4487 1.9719 -439.2966
116.0 -34.7130 21.9682 79.6622 2.4487 1.9719 -439.2966
117.0 -34.7130 21.9682 79.6622 2.4487 1.9719 -439.2966
118.0 -34.2070 22.3097 80.6996 2.4824 2.0056 -432.5492
119.0 -34.2070 22.3097 80.6996 2.4824 2.0056 -432.5492
120.0 -30.5282 24.7920 88.2405 2.7277 2.2509 -383.4992
121.0 -30.5282 24.7920 88.2405 2.7277 2.2509 -383.4992
122.0 -30.5282 24.7920 88.2405 2.7277 2.2509 -383.4992
123.0 -30.0222 25.1334 89.2779 2.7614 2.2846 -376.7519
124.0 -30.0222 25.1334 89.2779 2.7614 2.2846 -376.7519
125.0 -30.0222 25.1334 89.2779 2.7614 2.2846 -376.7519
126.0 -30.0222 25.1334 89.2779 2.7614 2.2846 -376.7519
127.0 -30.0222 25.1334 89.2779 2.7614 2.2846 -376.7519
128.0 -29.5161 25.4749 90.3152 2.7952 2.3183 -370.0045
129.0 -29.5161 25.4749 90.3152 2.7952 2.3183 -370.0045
130.0 -29.5161 25.4749 90.3152 2.7952 2.3183 -370.0045
131.0 -29.5161 25.4749 90.3152 2.7952 2.3183 -370.0045
132.0 -29.5161 25.4749 90.3152 2.7952 2.3183 -370.0045
133.0 -29.0101 25.8164 91.3526 2.8289 2.3521 -363.2571
134.0 -29.0101 25.8164 91.3526 2.8289 2.3521 -363.2571
135.0 -29.0101 25.8164 91.3526 2.8289 2.3521 -363.2571
136.0 -29.0101 25.8164 91.3526 2.8289 2.3521 -363.2571
137.0 -29.0101 25.8164 91.3526 2.8289 2.3521 -363.2571
138.0 -28.5040 26.1578 92.3899 2.8626 2.3858 -356.5098
139.0 -28.5040 26.1578 92.3899 2.8626 2.3858 -356.5098
140.0 -28.5040 26.1578 92.3899 2.8626 2.3858 -356.5098
141.0 -28.5040 26.1578 92.3899 2.8626 2.3858 -356.5098
142.0 -28.5040 26.1578 92.3899 2.8626 2.3858 -356.5098
143.0 -27.9980 26.4993 93.4273 2.8964 2.4196 -349.7624
144.0 -27.9980 26.4993 93.4273 2.8964 2.4196 -349.7624
145.0 -27.9980 26.4993 93.4273 2.8964 2.4196 -349.7624
146.0 -27.9980 26.4993 93.4273 2.8964 2.4196 -349.7624
147.0 -27.9980 26.4993 93.4273 2.8964 2.4196 -349.7624
148.0 -27.4919 26.8408 94.4646 2.9301 2.4533 -343.0150
149.0 -27.4919 26.8408 94.4646 2.9301 2.4533 -343.0150
150.0 -26.3147 27.6351 96.8777 3.0086 2.5318 -327.3190
151.0 -26.3147 27.6351 96.8777 3.0086 2.5318 -327.3190
152.0 -26.3147 27.6351 96.8777 3.0086 2.5318 -327.3190
153.0 -25.8087 27.9766 97.9151 3.0423 2.5655 -320.5717
154.0 -25.8087 27.9766 97.9151 3.0423 2.5655 -320.5717
155.0 -25.8087 27.9766 97.9151 3.0423 2.5655 -320.5717
156.0 -25.8087 27.9766 97.9151 3.0423 2.5655 -320.5717
157.0 -25.8087 27.9766 97.9151 3.0423 2.5655 -320.5717
158.0 -18.3866 32.9848 113.1295 3.5371 3.0603 -221.6103
159.0 -18.3866 32.9848 113.1295 3.5371 3.0603 -221.6103
160.0 -18.3866 32.9848 113.1295 3.5371 3.0603 -221.6103
161.0 -18.3866 32.9848 113.1295 3.5371 3.0603 -221.6103
162.0 -18.3866 32.9848 113.1295 3.5371 3.0603 -221.6103
163.0 -17.8805 33.3263 114.1668 3.5709 3.0941 -214.8629
164.0 -17.8805 33.3263 114.1668 3.5709 3.0941 -214.8629
165.0 -17.8805 33.3263 114.1668 3.5709 3.0941 -214.8629
166.0 -17.8805 33.3263 114.1668 3.5709 3.0941 -214.8629
167.0 -17.8805 33.3263 114.1668 3.5709 3.0941 -214.8629
168.0 -17.3745 33.6677 115.2042 3.6046 3.1278 -208.1156
169.0 -17.3745 33.6677 115.2042 3.6046 3.1278 -208.1156
170.0 -17.3745 33.6677 115.2042 3.6046 3.1278 -208.1156
171.0 -17.3745 33.6677 115.2042 3.6046 3.1278 -208.1156
172.0 -17.3745 33.6677 115.2042 3.6046 3.1278 -208.1156
173.0 -16.8684 34.0092 116.2415 3.6384 3.1615 -201.3682
174.0 -16.8684 34.0092 116.2415 3.6384 3.1615 -201.3682
175.0 -16.8684 34.0092 116.2415 3.6384 3.1615 -201.3682
176.0 -16.8684 34.0092 116.2415 3.6384 3.1615 -201.3682
177.0 -16.8684 34.0092 116.2415 3.6384 3.1615 -201.3682
178.0 -15.4795 -9.2536 -28.1113 2.8647 -0.9142 -182.8488
179.0 -15.4795 -9.2536 -28.1113 2.8647 -0.9142 -182.8488
180.0 -15.4795 -9.2536 -28.1113 2.8647 -0.9142 -182.8488
181.0 -15.4795 -9.2536 -28.1113 2.8647 -0.9142 -182.8488
182.0 -15.4795 -9.2536 -28.1113 2.8647 -0.9142 -182.8488
183.0 -14.9734 -8.9121 -27.0740 2.8984 -0.8805 -176.1015
184.0 -14.9734 -8.9121 -27.0740 2.8984 -0.8805 -176.1015
185.0 -14.9734 -8.9121 -27.0740 2.8984 -0.8805 -176.1015
186.0 -14.9734 -8.9121 -27.0740 2.8984 -0.8805 -176.1015
187.0 -14.9734 -8.9121 -27.0740 2.8984 -0.8805 -176.1015
188.0 -14.4674 -8.5706 -26.0366 2.9322 -0.8468 -169.3541
189.0 -14.4674 -8.5706 -26.0366 2.9322 -0.8468 -169.3541
190.0 -14.4674 -8.5706 -26.0366 2.9322 -0.8468 -169.3541
191.0 -14.4674 -8.5706 -26.0366 2.9322 -0.8468 -169.3541
192.0 -14.4674 -8.5706 -26.0366 2.9322 -0.8468 -169.3541
193.0 -13.9613 -8.2292 -24.9993 2.9659 -0.8130 -162.6067
194.0 -12.4898 -7.2362 -21.9829 3.0640 -0.7149 -142.9867
195.0 -12.4898 -7.2362 -21.9829 3.0640 -0.7149 -142.9867
196.0 -12.4898 -7.2362 -21.9829 3.0640 -0.7149 -142.9867
197.0 -12.4898 -7.2362 -21.9829 3.0640 -0.7149 -142.9867
198.0 -11.9838 -6.8948 -20.9455 3.0977 -0.6812 -136.2394
199.0 -11.9838 -6.8948 -20.9455 3.0977 -0.6812 -136.2394
200.0 -11.9838 -6.8948 -20.9455 3.0977 -0.6812 -136.2394
201.0 -11.9838 -6.8948 -20.9455 3.0977 -0.6812 -136.2394
202.0 -11.1009 -6.2990 -19.1357 3.1566 -0.6223 -124.4674
203.0 -10.5948 -5.9575 -18.0984 3.1903 -0.5886 -117.7200
204.0 -10.5948 -5.9575 -18.0984 3.1903 -0.5886 -117.7200
205.0 -10.5948 -5.9575 -18.0984 3.1903 -0.5886 -117.7200
206.0 -10.5948 -5.9575 -18.0984 3.1903 -0.5886 -117.7200
207.0 -10.5948 -5.9575 -18.0984 3.1903 -0.5886 -117.7200
208.0 -10.5948 -5.9575 -18.0984 3.1903 -0.5886 -117.7200
209.0 -10.5948 -5.9575 -18.0984 3.1903 -0.5886 -117.7200
210.0 -10.5948 -5.9575 -18.0984 3.1903 -0.5886 -117.7200
211.0 -10.5948 -5.9575 -18.0984 3.1903 -0.5886 -117.7200
212.0 -10.5948 -5.9575 -18.0984 3.1903 -0.5886 -117.7200
213.0 -2.6487 -0.5958 -1.8098 -0.0589 -0.0589 -11.7720
214.0 -2.6487 -0.5958 -1.8098 -0.0589 -0.0589 -11.7720
215.0 -2.6487 -0.5958 -1.8098 -0.0589 -0.0589 -11.7720
216.0 -2.6487 -0.5958 -1.8098 -0.0589 -0.0589 -11.7720
217.0 -2.6487 -0.5958 -1.8098 -0.0589 -0.0589 -11.7720
218.0 -2.6487 -0.5958 -1.8098 -0.0589 -0.0589 -11.7720
219.0 -2.6487 -0.5958 -1.8098 -0.0589 -0.0589 -11.7720
220.0 -2.6487 -0.5958 -1.8098 -0.0589 -0.0589 -11.7720
221.0 -2.6487 -0.5958 -1.8098 -0.0589 -0.0589 -11.7720
222.0 -2.6487 -0.5958 -1.8098 -0.0589 -0.0589 -11.7720
223.0 -2.6487 -0.5958 -1.8098 -0.0589 -0.0589 -11.7720
224.0 -2.6487 -0.5958 -1.8098 -0.0589 -0.0589 -11.7720
225.0 -2.6487 -0.5958 -1.8098 -0.0589 -0.0589 -11.7720
226.0 -2.6487 -0.5958 -1.8098 -0.0589 -0.0589 -11.7720
227.0 -2.6487 -0.5958 -1.8098 -0.0589 -0.0589 -11.7720
228.0 -2.6487 -0.5958 -1.8098 -0.0589 -0.0589 -11.7720
229.0 -2.6487 -0.5958 -1.8098 -0.0589 -0.0589 -11.7720
230.0 -2.6487 -0.5958 -1.8098 -0.0589 -0.0589 -11.7720
231.0 -2.6487 -0.5958 -1.8098 -0.0589 -0.0589 -11.7720
232.0 -2.6487 -0.5958 -1.8098 -0.0589 -0.0589 -11.7720
233.0 -2.6487 -0.5958 -1.8098 -0.0589 -0.0589 -11.7720
234.0 -2.6487 -0.5958 -1.8098 -0.0589 -0.0589 -11.7720
235.0 -2.6487 -0.5958 -1.8098 -0.0589 -0.0589 -11.7720
236.0 -2.6487 -0.5958 -1.8098 -0.0589 -0.0589 -11.7720
237.0 -1.7658 0.0000 0.0000 0.0000 0.0000 0.0000
238.0 -1.7658 0.0000 0.0000 0.0000 0.0000 0.0000
239.0 -1.7658 0.0000 0.0000 0.0000 0.0000 0.0000
240.0 0.0000 0.0000 0.0000 0.0000 0.0000 0.0000
241.0 0.0000 0.0000 0.0000 0.0000 0.0000 0.0000
242.0 0.0000 0.0000 0.0000 0.0000 0.0000 0.0000
243.0 0.0000 0.0000 0.0000 0.0000 0.0000 0.0000
244.0 0.0000 0.0000 0.0000 0.0000 0.0000 0.0000
245.0 0.0000 0.0000 0.0000 0.0000 0.0000 0.0000
246.0 0.0000 0.0000 0.0000 0.0000 0.0000 0.0000
247.0 0.0000 0.0000 0.0000 0.0000 0.0000 0.0000
248.0 0.0000 0.0000 0.0000 0.0000 0.0000 0.0000
249.0 0.0000 0.0000 0.0000 0.0000 0.0000 0.0000
250.0 0.0000 0.0000 0.0000 0.0000 0.0000 0.0000
