phi d_base98 g_base98 d_pat98 g_pat98 d_base97 g_base97 d_pat97 g_pat97
0.0 1.6957 0.0000 2.0117 0.2243 1.1321 0.0000 1.3466 0.3134
0.5 1.6882 -0.0000 1.9966 0.2297 1.1270 0.0000 1.3363 0.3171
1.0 1.6808 0.0000 1.9819 0.2350 1.1220 -0.0000 1.3263 0.3207
1.5 1.6736 0.0000 1.9675 0.2403 1.1172 0.0000 1.3165 0.3243
2.0 1.6666 0.0000 1.9535 0.2455 1.1124 0.0000 1.3070 0.3278
2.5 1.6598 0.0000 1.9398 0.2506 1.1078 0.0000 1.2977 0.3313
3.0 1.6532 0.0000 1.9264 0.2556 1.1033 0.0000 1.2886 0.3347
3.5 1.6467 0.0000 1.9134 0.2606 1.0990 0.0000 1.2797 0.3381
4.0 1.6404 0.0000 1.9006 0.2655 1.0947 0.0000 1.2710 0.3414
4.5 1.6342 0.0000 1.8882 0.2703 1.0905 0.0000 1.2626 0.3447
5.0 1.6283 0.0000 1.8760 0.2751 1.0865 0.0000 1.2543 0.3480
5.5 1.6225 0.0000 1.8642 0.2798 1.0826 0.0000 1.2463 0.3512
6.0 1.6168 0.0000 1.8526 0.2845 1.0788 0.0000 1.2384 0.3544
6.5 1.6113 0.0000 1.8413 0.2891 1.0751 0.0000 1.2307 0.3575
7.0 1.6060 0.0000 1.8303 0.2936 1.0715 0.0000 1.2232 0.3606
7.5 1.6008 0.0000 1.8195 0.2981 1.0679 0.0000 1.2159 0.3636
8.0 1.5957 0.0000 1.8089 0.3026 1.0645 0.0000 1.2088 0.3666
8.5 1.5908 0.0000 1.7987 0.3070 1.0612 0.0000 1.2018 0.3696
9.0 1.5861 0.0000 1.7886 0.3113 1.0580 0.0000 1.1950 0.3726
9.5 1.5815 0.0000 1.7788 0.3156 1.0549 0.0000 1.1884 0.3755
10.0 1.5770 0.0000 1.7693 0.3199 1.0519 -0.0000 1.1819 0.3784
10.5 1.5727 0.0000 1.7599 0.3241 1.0490 0.0000 1.1756 0.3812
11.0 1.5685 0.0000 1.7508 0.3283 1.0462 0.0000 1.1694 0.3841
11.5 1.5645 0.0000 1.7419 0.3324 1.0435 0.0000 1.1634 0.3869
12.0 1.5606 0.0000 1.7332 0.3365 1.0408 0.0000 1.1575 0.3896
12.5 1.5568 0.0000 1.7248 0.3406 1.0383 -0.0000 1.1517 0.3924
13.0 1.5532 0.0000 1.7165 0.3446 1.0358 0.0000 1.1461 0.3951
13.5 1.5496 0.0000 1.7084 0.3485 1.0334 0.0000 1.1407 0.3978
14.0 1.5463 0.0000 1.7006 0.3525 1.0312 0.0000 1.1354 0.4005
14.5 1.5430 0.0000 1.6929 0.3564 1.0290 0.0000 1.1302 0.4031
15.0 1.5399 0.0000 1.6854 0.3603 1.0269 0.0000 1.1251 0.4057
15.5 1.5369 0.0000 1.6781 0.3641 1.0248 0.0000 1.1202 0.4083
16.0 1.5340 0.0000 1.6710 0.3679 1.0229 0.0000 1.1154 0.4109
16.5 1.5312 0.0000 1.6641 0.3717 1.0210 0.0000 1.1107 0.4134
17.0 1.5286 0.0000 1.6573 0.3754 1.0193 0.0000 1.1061 0.4160
17.5 1.5261 0.0000 1.6507 0.3791 1.0176 0.0000 1.1017 0.4185
18.0 1.5237 0.0000 1.6443 0.3828 1.0160 0.0000 1.0973 0.4210
18.5 1.5214 0.0000 1.6381 0.3865 1.0144 0.0000 1.0931 0.4234
19.0 1.5192 0.0000 1.6320 0.3901 1.0130 0.0000 1.0890 0.4259
19.5 1.5172 0.0000 1.6261 0.3937 1.0116 0.0000 1.0850 0.4283
20.0 1.5153 0.0000 1.6203 0.3973 1.0103 0.0000 1.0811 0.4307
20.5 1.5135 0.0000 1.6147 0.4008 1.0091 0.0000 1.0774 0.4331
21.0 1.5118 0.0000 1.6093 0.4044 1.0079 0.0000 1.0737 0.4355
21.5 1.5102 0.0000 1.6040 0.4079 1.0069 0.0000 1.0701 0.4379
22.0 1.5088 0.0000 1.5989 0.4114 1.0059 0.0000 1.0667 0.4403
22.5 1.5074 0.0000 1.5939 0.4148 1.0050 0.0000 1.0633 0.4426
23.0 1.5062 0.0000 1.5891 0.4183 1.0042 0.0000 1.0600 0.4449
23.5 1.5051 0.0000 1.5844 0.4217 1.0034 0.0000 1.0569 0.4472
24.0 1.5041 0.0000 1.5798 0.4251 1.0027 -0.0000 1.0538 0.4495
24.5 1.5032 0.0000 1.5754 0.4285 1.0021 0.0000 1.0508 0.4518
25.0 1.5024 0.0000 1.5711 0.4319 1.0016 0.0000 1.0479 0.4541
25.5 1.5017 0.0000 1.5670 0.4352 1.0011 0.0000 1.0452 0.4563
26.0 1.5011 0.0000 1.5630 0.4386 1.0008 0.0000 1.0425 0.4586
26.5 1.5007 0.0000 1.5591 0.4419 1.0005 0.0000 1.0399 0.4608
27.0 1.5004 0.0000 1.5554 0.4452 1.0002 0.0000 1.0373 0.4630
27.5 1.5001 0.0000 1.5518 0.4485 1.0001 0.0000 1.0349 0.4653
28.0 1.5000 0.0000 1.5484 0.4517 1.0000 0.0000 1.0326 0.4675
28.5 1.5000 0.0000 1.5450 0.4550 1.0000 0.0000 1.0303 0.4697
29.0 1.5001 0.0000 1.5418 0.4582 1.0001 -0.0000 1.0282 0.4719
29.5 1.5003 0.0000 1.5387 0.4615 1.0002 0.0000 1.0261 0.4740
30.0 1.5007 0.0000 1.5358 0.4647 1.0004 0.0000 1.0241 0.4762
30.5 1.5011 0.0000 1.5329 0.4679 1.0007 0.0000 1.0222 0.4784
31.0 1.5016 0.0000 1.5302 0.4711 1.0011 0.0000 1.0204 0.4805
31.5 1.5023 0.0000 1.5276 0.4743 1.0016 0.0000 1.0186 0.4827
32.0 1.5031 0.0000 1.5252 0.4774 1.0021 0.0000 1.0170 0.4848
32.5 1.5040 0.0000 1.5228 0.4806 1.0027 0.0000 1.0154 0.4869
33.0 1.5050 -0.0000 1.5206 0.4838 1.0033 0.0000 1.0139 0.4891
33.5 1.5061 0.0000 1.5185 0.4869 1.0041 0.0000 1.0124 0.4912
34.0 1.5073 0.0000 1.5165 0.4900 1.0049 0.0000 1.0111 0.4933
34.5 1.5086 0.0000 1.5146 0.4932 1.0058 0.0000 1.0098 0.4954
35.0 1.5101 0.0000 1.5128 0.4963 1.0068 0.0000 1.0086 0.4975
35.5 1.5116 0.0000 1.5112 0.4994 1.0078 0.0000 1.0075 0.4996
36.0 1.5133 0.0000 1.5097 0.5025 1.0090 0.0000 1.0065 0.5017
36.5 1.5151 0.0000 1.5082 0.5056 1.0102 0.0000 1.0056 0.5038
37.0 1.5170 0.0000 1.5069 0.5087 1.0115 0.0000 1.0047 0.5059
37.5 1.5190 0.0000 1.5057 0.5118 1.0128 0.0000 1.0039 0.5080
38.0 1.5212 0.0000 1.5047 0.5149 1.0143 0.0000 1.0031 0.5100
38.5 1.5235 0.0000 1.5037 0.5180 1.0158 0.0000 1.0025 0.5121
39.0 1.5258 0.0000 1.5029 0.5211 1.0174 0.0000 1.0019 0.5142
39.5 1.5283 0.0000 1.5021 0.5241 1.0191 0.0000 1.0014 0.5163
40.0 1.5310 0.0000 1.5015 0.5272 1.0209 0.0000 1.0010 0.5183
40.5 1.5337 0.0000 1.5010 0.5303 1.0227 0.0000 1.0006 0.5204
41.0 1.5366 0.0000 1.5006 0.5334 1.0246 0.0000 1.0004 0.5225
41.5 1.5396 0.0000 1.5003 0.5364 1.0267 -0.0000 1.0002 0.5245
42.0 1.5427 0.0000 1.5001 0.5395 1.0288 0.0000 1.0001 0.5266
42.5 1.5459 0.0000 1.5000 0.5426 1.0310 0.0000 1.0000 0.5287
43.0 1.5493 0.0000 1.5000 0.5457 1.0332 0.0000 1.0000 0.5308
43.5 1.5528 0.0000 1.5000 0.5489 1.0356 0.0000 1.0000 0.5329
44.0 1.5564 0.0000 1.5000 0.5522 1.0380 -0.0000 1.0000 0.5352
44.5 1.5602 0.0000 1.5000 0.5556 1.0406 0.0000 1.0000 0.5375
45.0 1.5641 0.0000 1.5000 0.5592 1.0432 -0.0000 1.0000 0.5398
45.5 1.5602 -0.0000 1.5000 0.5556 1.0406 0.0000 1.0000 0.5375
46.0 1.5564 0.0000 1.5000 0.5522 1.0380 -0.0000 1.0000 0.5352
46.5 1.5528 0.0000 1.5000 0.5489 1.0356 0.0000 1.0000 0.5329
47.0 1.5493 0.0000 1.5000 0.5457 1.0332 0.0000 1.0000 0.5308
47.5 1.5459 0.0000 1.5000 0.5426 1.0310 0.0000 1.0000 0.5287
48.0 1.5427 -0.0000 1.5001 0.5395 1.0288 0.0000 1.0001 0.5266
48.5 1.5396 0.0000 1.5003 0.5364 1.0267 0.0000 1.0002 0.5245
49.0 1.5366 0.0000 1.5006 0.5334 1.0246 0.0000 1.0004 0.5225
49.5 1.5337 -0.0000 1.5010 0.5303 1.0227 0.0000 1.0006 0.5204
50.0 1.5310 0.0000 1.5015 0.5272 1.0209 0.0000 1.0010 0.5183
50.5 1.5283 0.0000 1.5021 0.5241 1.0191 0.0000 1.0014 0.5163
51.0 1.5258 0.0000 1.5029 0.5211 1.0174 0.0000 1.0019 0.5142
51.5 1.5235 0.0000 1.5037 0.5180 1.0158 0.0000 1.0025 0.5121
52.0 1.5212 -0.0000 1.5047 0.5149 1.0143 0.0000 1.0031 0.5100
52.5 1.5190 0.0000 1.5057 0.5118 1.0128 0.0000 1.0039 0.5080
53.0 1.5170 -0.0000 1.5069 0.5087 1.0115 -0.0000 1.0047 0.5059
53.5 1.5151 0.0000 1.5082 0.5056 1.0102 0.0000 1.0056 0.5038
54.0 1.5133 0.0000 1.5097 0.5025 1.0090 0.0000 1.0065 0.5017
54.5 1.5116 0.0000 1.5112 0.4994 1.0078 0.0000 1.0075 0.4996
55.0 1.5101 0.0000 1.5128 0.4963 1.0068 0.0000 1.0086 0.4975
55.5 1.5086 0.0000 1.5146 0.4932 1.0058 0.0000 1.0098 0.4954
56.0 1.5073 0.0000 1.5165 0.4900 1.0049 0.0000 1.0111 0.4933
56.5 1.5061 0.0000 1.5185 0.4869 1.0041 0.0000 1.0124 0.4912
57.0 1.5050 -0.0000 1.5206 0.4838 1.0033 -0.0000 1.0139 0.4891
57.5 1.5040 0.0000 1.5228 0.4806 1.0027 0.0000 1.0154 0.4869
58.0 1.5031 0.0000 1.5252 0.4774 1.0021 0.0000 1.0170 0.4848
58.5 1.5023 -0.0000 1.5276 0.4743 1.0016 -0.0000 1.0186 0.4827
59.0 1.5016 -0.0000 1.5302 0.4711 1.0011 0.0000 1.0204 0.4805
59.5 1.5011 0.0000 1.5329 0.4679 1.0007 0.0000 1.0222 0.4784
60.0 1.5007 0.0000 1.5358 0.4647 1.0004 0.0000 1.0241 0.4762
60.5 1.5003 -0.0000 1.5387 0.4615 1.0002 0.0000 1.0261 0.4740
61.0 1.5001 0.0000 1.5418 0.4582 1.0001 -0.0000 1.0282 0.4719
61.5 1.5000 0.0000 1.5450 0.4550 1.0000 0.0000 1.0303 0.4697
62.0 1.5000 0.0000 1.5484 0.4517 1.0000 0.0000 1.0326 0.4675
62.5 1.5001 0.0000 1.5518 0.4485 1.0001 -0.0000 1.0349 0.4653
63.0 1.5004 0.0000 1.5554 0.4452 1.0002 0.0000 1.0373 0.4630
63.5 1.5007 0.0000 1.5591 0.4419 1.0005 0.0000 1.0399 0.4608
64.0 1.5011 0.0000 1.5630 0.4386 1.0008 0.0000 1.0425 0.4586
64.5 1.5017 -0.0000 1.5670 0.4352 1.0011 0.0000 1.0452 0.4563
65.0 1.5024 0.0000 1.5711 0.4319 1.0016 0.0000 1.0479 0.4541
65.5 1.5032 0.0000 1.5754 0.4285 1.0021 0.0000 1.0508 0.4518
66.0 1.5041 0.0000 1.5798 0.4251 1.0027 0.0000 1.0538 0.4495
66.5 1.5051 0.0000 1.5844 0.4217 1.0034 0.0000 1.0569 0.4472
67.0 1.5062 -0.0000 1.5891 0.4183 1.0042 0.0000 1.0600 0.4449
67.5 1.5074 0.0000 1.5939 0.4148 1.0050 0.0000 1.0633 0.4426
68.0 1.5088 0.0000 1.5989 0.4114 1.0059 0.0000 1.0667 0.4403
68.5 1.5102 0.0000 1.6040 0.4079 1.0069 -0.0000 1.0701 0.4379
69.0 1.5118 0.0000 1.6093 0.4044 1.0079 0.0000 1.0737 0.4355
69.5 1.5135 0.0000 1.6147 0.4008 1.0091 -0.0000 1.0774 0.4331
70.0 1.5153 0.0000 1.6203 0.3973 1.0103 0.0000 1.0811 0.4307
70.5 1.5172 0.0000 1.6261 0.3937 1.0116 0.0000 1.0850 0.4283
71.0 1.5192 0.0000 1.6320 0.3901 1.0130 0.0000 1.0890 0.4259
71.5 1.5214 0.0000 1.6381 0.3865 1.0144 0.0000 1.0931 0.4234
72.0 1.5237 0.0000 1.6443 0.3828 1.0160 0.0000 1.0973 0.4210
72.5 1.5261 0.0000 1.6507 0.3791 1.0176 0.0000 1.1017 0.4185
73.0 1.5286 0.0000 1.6573 0.3754 1.0193 0.0000 1.1061 0.4160
73.5 1.5312 0.0000 1.6641 0.3717 1.0210 0.0000 1.1107 0.4134
74.0 1.5340 0.0000 1.6710 0.3679 1.0229 -0.0000 1.1154 0.4109
74.5 1.5369 0.0000 1.6781 0.3641 1.0248 -0.0000 1.1202 0.4083
75.0 1.5399 0.0000 1.6854 0.3603 1.0269 -0.0000 1.1251 0.4057
75.5 1.5430 0.0000 1.6929 0.3564 1.0290 0.0000 1.1302 0.4031
76.0 1.5463 0.0000 1.7006 0.3525 1.0312 0.0000 1.1354 0.4005
76.5 1.5496 0.0000 1.7084 0.3485 1.0334 0.0000 1.1407 0.3978
77.0 1.5532 0.0000 1.7165 0.3446 1.0358 0.0000 1.1461 0.3951
77.5 1.5568 -0.0000 1.7248 0.3406 1.0383 -0.0000 1.1517 0.3924
78.0 1.5606 0.0000 1.7332 0.3365 1.0408 0.0000 1.1575 0.3896
78.5 1.5645 0.0000 1.7419 0.3324 1.0435 0.0000 1.1634 0.3869
79.0 1.5685 0.0000 1.7508 0.3283 1.0462 0.0000 1.1694 0.3841
79.5 1.5727 0.0000 1.7599 0.3241 1.0490 0.0000 1.1756 0.3812
80.0 1.5770 -0.0000 1.7693 0.3199 1.0519 0.0000 1.1819 0.3784
80.5 1.5815 0.0000 1.7788 0.3156 1.0549 0.0000 1.1884 0.3755
81.0 1.5861 0.0000 1.7886 0.3113 1.0580 0.0000 1.1950 0.3726
81.5 1.5908 0.0000 1.7987 0.3070 1.0612 0.0000 1.2018 0.3696
82.0 1.5957 -0.0000 1.8089 0.3026 1.0645 0.0000 1.2088 0.3666
82.5 1.6008 -0.0000 1.8195 0.2981 1.0679 0.0000 1.2159 0.3636
83.0 1.6060 0.0000 1.8303 0.2936 1.0715 0.0000 1.2232 0.3606
83.5 1.6113 0.0000 1.8413 0.2891 1.0751 0.0000 1.2307 0.3575
84.0 1.6168 0.0000 1.8526 0.2845 1.0788 0.0000 1.2384 0.3544
84.5 1.6225 0.0000 1.8642 0.2798 1.0826 0.0000 1.2463 0.3512
85.0 1.6283 0.0000 1.8760 0.2751 1.0865 -0.0000 1.2543 0.3480
85.5 1.6342 -0.0000 1.8882 0.2703 1.0905 0.0000 1.2626 0.3447
86.0 1.6404 0.0000 1.9006 0.2655 1.0947 0.0000 1.2710 0.3414
86.5 1.6467 0.0000 1.9134 0.2606 1.0990 0.0000 1.2797 0.3381
87.0 1.6532 0.0000 1.9264 0.2556 1.1033 0.0000 1.2886 0.3347
87.5 1.6598 0.0000 1.9398 0.2506 1.1078 0.0000 1.2977 0.3313
88.0 1.6666 0.0000 1.9535 0.2455 1.1124 0.0000 1.3070 0.3278
88.5 1.6736 0.0000 1.9675 0.2403 1.1172 0.0000 1.3165 0.3243
89.0 1.6808 0.0000 1.9819 0.2350 1.1220 -0.0000 1.3263 0.3207
89.5 1.6882 -0.0000 1.9966 0.2297 1.1270 0.0000 1.3363 0.3171
90.0 1.6957 0.0000 2.0117 0.2243 1.1321 0.0000 1.3466 0.3134
