Dt nom fv_cal fv_frio al_cal carton_cal
95.00 0.0000 -0.8759 -0.6745 -0.8569 -0.8521
95.10 0.1000 -0.7758 -0.5745 -0.7568 -0.7521
95.20 0.2000 -0.6758 -0.4745 -0.6568 -0.6520
95.30 0.3000 -0.5758 -0.3745 -0.5567 -0.5519
95.40 0.4000 -0.4757 -0.2746 -0.4566 -0.4519
95.50 0.5000 -0.3757 -0.1746 -0.3566 -0.3518
95.60 0.6000 -0.2757 -0.0746 -0.2565 -0.2518
95.70 0.7000 -0.1756 0.0254 -0.1565 -0.1517
95.80 0.8000 -0.0756 0.1253 -0.0564 -0.0516
95.90 0.9000 0.0245 0.2253 0.0436 0.0484
96.00 1.0000 0.1245 0.3253 0.1437 0.1485
96.10 1.1000 0.2245 0.4253 0.2438 0.2486
96.20 1.2000 0.3246 0.5253 0.3438 0.3486
96.30 1.3000 0.4246 0.6252 0.4439 0.4487
96.40 1.4000 0.5247 0.7252 0.5439 0.5488
96.50 1.5000 0.6247 0.8252 0.6440 0.6488
96.60 1.6000 0.7247 0.9252 0.7440 0.7489
96.70 1.7000 0.8248 1.0251 0.8441 0.8489
96.80 1.8000 0.9248 1.1251 0.9442 0.9490
96.90 1.9000 1.0248 1.2251 1.0442 1.0491
97.00 2.0000 1.1249 1.3251 1.1443 1.1491
97.10 2.1000 1.2249 1.4251 1.2443 1.2492
97.20 2.2000 1.3250 1.5250 1.3444 1.3493
97.30 2.3000 1.4250 1.6250 1.4444 1.4493
97.40 2.4000 1.5250 1.7250 1.5445 1.5494
97.50 2.5000 1.6251 1.8250 1.6446 1.6494
97.60 2.6000 1.7251 1.9249 1.7446 1.7495
97.70 2.7000 1.8251 2.0249 1.8447 1.8496
97.80 2.8000 1.9252 2.1249 1.9447 1.9496
97.90 2.9000 2.0252 2.2249 2.0448 2.0497
98.00 3.0000 2.1252 2.3248 2.1448 2.1498
98.10 3.1000 2.2253 2.4248 2.2449 2.2498
98.20 3.2000 2.3253 2.5248 2.3450 2.3499
98.30 3.3000 2.4254 2.6248 2.4450 2.4499
98.40 3.4000 2.5254 2.7248 2.5451 2.5500
98.50 3.5000 2.6254 2.8247 2.6451 2.6501
98.60 3.6000 2.7255 2.9247 2.7452 2.7501
98.70 3.7000 2.8255 3.0247 2.8453 2.8502
98.80 3.8000 2.9256 3.1247 2.9453 2.9502
98.90 3.9000 3.0256 3.2246 3.0454 3.0503
99.00 4.0000 3.1256 3.3246 3.1454 3.1504
99.10 4.1000 3.2257 3.4246 3.2455 3.2504
99.20 4.2000 3.3257 3.5246 3.3455 3.3505
99.30 4.3000 3.4257 3.6246 3.4456 3.4506
99.40 4.4000 3.5258 3.7245 3.5457 3.5506
99.50 4.5000 3.6258 3.8245 3.6457 3.6507
99.60 4.6000 3.7258 3.9245 3.7458 3.7507
99.70 4.7000 3.8259 4.0245 3.8458 3.8508
99.80 4.8000 3.9259 4.1244 3.9459 3.9509
99.90 4.9000 4.0260 4.2244 4.0459 4.0509
100.00 5.0000 4.1260 4.3244 4.1460 4.1510
