alpha cl cd cm ld phi
-6.00 -0.3754 0.10993 -0.0203 -3.41 nan
-5.75 -0.3704 0.10642 -0.0191 -3.48 nan
-5.50 -0.3666 0.10447 -0.0195 -3.51 nan
-5.25 -0.3616 0.10224 -0.0203 -3.54 nan
-5.00 -0.3561 0.09923 -0.0195 -3.59 nan
-4.75 -0.3501 0.09622 -0.0193 -3.64 nan
-4.50 -0.3445 0.09320 -0.0184 -3.70 nan
-4.25 -0.3393 0.09074 -0.0175 -3.74 nan
-4.00 -0.3343 0.08749 -0.0161 -3.82 nan
-3.75 -0.3290 0.08471 -0.0148 -3.88 nan
-3.50 -0.3283 0.08166 -0.0112 -4.02 nan
-3.25 -0.3314 0.07835 -0.0060 -4.23 nan
-3.00 -0.3394 0.07453 0.0016 -4.55 nan
-2.75 -0.3429 0.07114 0.0077 -4.82 nan
-2.50 -0.3416 0.06773 0.0122 -5.04 nan
-2.25 -0.3367 0.06453 0.0146 -5.22 nan
-2.00 -0.3273 0.06158 0.0154 -5.32 nan
-1.75 -0.3139 0.05899 0.0137 -5.32 nan
-1.50 -0.2924 0.05630 0.0103 -5.19 nan
-1.25 -0.2061 0.05530 -0.0133 -3.73 nan
-1.00 0.1157 0.05426 -0.0972 2.13 25.125
-0.75 0.1653 0.05205 -0.1041 3.18 17.478
-0.50 0.2170 0.05009 -0.1110 4.33 12.998
-0.25 0.2571 0.04833 -0.1151 5.32 10.646
0.00 0.2996 0.04691 -0.1194 6.39 8.899
0.25 0.3390 0.04577 -0.1229 7.41 7.689
0.50 0.3764 0.04483 -0.1256 8.40 6.792
0.75 0.4111 0.04407 -0.1276 9.33 6.119
1.00 0.4415 0.04348 -0.1288 10.15 5.624
1.25 0.4711 0.04309 -0.1297 10.93 5.226
1.50 0.4998 0.04280 -0.1302 11.68 4.895
1.75 0.5272 0.04260 -0.1306 12.38 4.620
2.00 0.5538 0.04250 -0.1309 13.03 4.388
2.25 0.5812 0.04240 -0.1314 13.71 4.172
2.50 0.6132 0.04184 -0.1327 14.66 3.903
2.75 0.6275 0.04151 -0.1309 15.12 3.785
3.00 0.6474 0.04247 -0.1301 15.24 3.753
3.25 0.6664 0.04347 -0.1294 15.33 3.732
3.50 0.6848 0.04453 -0.1287 15.38 3.720
3.75 0.7028 0.04564 -0.1281 15.40 3.716
4.00 0.7205 0.04681 -0.1274 15.39 3.717
4.25 0.7378 0.04803 -0.1268 15.36 3.725
4.50 0.7549 0.04932 -0.1262 15.31 3.738
4.75 0.7717 0.05066 -0.1255 15.23 3.756
5.00 0.7884 0.05205 -0.1248 15.15 3.777
5.25 0.9824 0.04611 -0.1281 21.31 2.687
5.50 0.9982 0.04838 -0.1264 20.63 2.775
5.75 1.0148 0.05051 -0.1244 20.09 2.849
6.00 1.0365 0.05276 -0.1229 19.65 2.914
6.25 1.0690 0.05516 -0.1221 19.38 2.954
6.50 1.1189 0.05807 -0.1236 19.27 2.971
6.75 1.1750 0.06135 -0.1258 19.15 2.989
7.00 1.2275 0.06514 -0.1281 18.84 3.038
7.25 1.2697 0.06909 -0.1294 18.38 3.115
7.50 1.2990 0.07314 -0.1292 17.76 3.223
7.75 1.3167 0.07718 -0.1276 17.06 3.355
8.00 1.3284 0.08128 -0.1256 16.34 3.501
8.25 1.3360 0.08547 -0.1235 15.63 3.660
8.50 1.3402 0.08979 -0.1213 14.93 3.833
8.75 1.3416 0.09424 -0.1192 14.24 4.018
9.00 1.3411 0.09873 -0.1172 13.58 4.210
9.25 1.3384 0.10328 -0.1153 12.96 4.413
9.50 1.3244 0.10790 -0.1130 12.27 4.658
9.75 1.3115 0.11177 -0.1113 11.73 4.871
10.00 1.2940 0.11593 -0.1097 11.16 5.119
10.25 1.2788 0.12064 -0.1093 10.60 5.389
10.50 1.2674 0.12580 -0.1097 10.07 5.669
10.75 1.2453 0.13133 -0.1114 9.48 6.020
11.00 1.2351 0.13703 -0.1138 9.01 6.331
11.25 1.2288 0.14268 -0.1171 8.61 6.623
11.50 1.2207 0.14883 -0.1210 8.20 6.951
11.75 1.2131 0.15567 -0.1237 7.79 7.312
12.00 1.2128 0.16194 -0.1286 7.49 7.605
12.25 1.2141 0.16758 -0.1330 7.24 7.859
12.50 1.2083 0.17404 -0.1365 6.94 8.196
12.75 1.2155 0.17965 -0.1395 6.77 8.407
13.00 1.2139 0.18546 -0.1437 6.55 8.686
13.25 1.2162 0.19120 -0.1477 6.36 8.934
13.50 1.2206 0.19730 -0.1520 6.19 9.182
13.75 1.2233 0.20425 -0.1583 5.99 9.479
14.00 1.0067 0.20413 -0.1364 4.93 11.463
14.25 0.9853 0.21416 -0.1492 4.60 12.263
14.50 0.9845 0.21716 -0.1507 4.53 12.439
14.75 0.9846 0.22054 -0.1519 4.46 12.625
15.00 0.9864 0.22459 -0.1529 4.39 12.827
15.25 0.9886 0.22804 -0.1539 4.34 12.989
15.50 0.9919 0.23162 -0.1547 4.28 13.144
15.75 0.9920 0.23492 -0.1554 4.22 13.323
16.00 0.9930 0.23793 -0.1561 4.17 13.474
