x cp
1.00000 -0.1935
0.99498 -0.1951
0.98706 -0.1978
0.97751 -0.2011
0.96735 -0.2048
0.95700 -0.2086
0.94659 -0.2126
0.93613 -0.2168
0.92562 -0.2212
0.91508 -0.2261
0.90451 -0.2313
0.89390 -0.2373
0.88325 -0.2440
0.87258 -0.2514
0.86185 -0.2592
0.85104 -0.2675
0.83999 -0.2763
0.82886 -0.2856
0.81771 -0.2953
0.80654 -0.3053
0.79536 -0.3158
0.78417 -0.3267
0.77297 -0.3380
0.76176 -0.3497
0.75053 -0.3618
0.73930 -0.3744
0.72806 -0.3874
0.71681 -0.4010
0.70555 -0.4150
0.69429 -0.4297
0.68301 -0.4450
0.67173 -0.4609
0.66044 -0.4776
0.64915 -0.4951
0.63785 -0.5138
0.62655 -0.5340
0.61524 -0.5556
0.60392 -0.5784
0.59261 -0.6022
0.58129 -0.6269
0.56996 -0.6524
0.55863 -0.6788
0.54730 -0.7061
0.53597 -0.7345
0.52464 -0.7639
0.51331 -0.7945
0.50197 -0.8266
0.49064 -0.8601
0.47931 -0.8953
0.46797 -0.9325
0.45664 -0.9720
0.44531 -1.0148
0.43398 -1.0612
0.42266 -1.1124
0.41133 -1.1711
0.40002 -1.2429
0.38870 -1.3060
0.37739 -1.3087
0.36608 -1.3112
0.35478 -1.3138
0.34349 -1.3163
0.33220 -1.3189
0.32091 -1.3215
0.30964 -1.3241
0.29837 -1.3268
0.28711 -1.3294
0.27586 -1.3322
0.26461 -1.3350
0.25338 -1.3379
0.24215 -1.3409
0.23093 -1.3440
0.21973 -1.3472
0.20853 -1.3505
0.19735 -1.3540
0.18618 -1.3577
0.17502 -1.3615
0.16387 -1.3655
0.15274 -1.3698
0.14162 -1.3744
0.13051 -1.3793
0.11942 -1.3845
0.10834 -1.3903
0.09727 -1.3966
0.08623 -1.4036
0.07520 -1.4116
0.06418 -1.4206
0.05320 -1.4313
0.04232 -1.4441
0.03183 -1.4596
0.02262 -1.4772
0.01575 -1.4946
0.01108 -1.5110
0.00781 -1.5289
0.00539 -1.5544
0.00352 -1.6021
0.00208 -1.7092
0.00100 -1.9189
0.00026 -2.0904
-0.00014 -1.8582
-0.00027 -1.3222
-0.00017 -0.7109
0.00016 -0.1269
0.00072 0.3674
0.00154 0.7501
0.00263 0.9603
0.00401 0.9934
0.00566 0.9167
0.00760 0.8293
0.00994 0.7620
0.01289 0.7178
0.01692 0.6861
0.02282 0.6593
0.03124 0.6336
0.04142 0.6113
0.05222 0.5945
0.06318 0.5819
0.07418 0.5725
0.08520 0.5651
0.09624 0.5593
0.10729 0.5547
0.11836 0.5508
0.12945 0.5476
0.14055 0.5450
0.15166 0.5426
0.16279 0.5406
0.17393 0.5389
0.18508 0.5373
0.19624 0.5358
0.20742 0.5344
0.21861 0.5331
0.22981 0.5319
0.24102 0.5307
0.25224 0.5295
0.26347 0.5283
0.27471 0.5271
0.28596 0.5259
0.29721 0.5246
0.30848 0.5234
0.31975 0.5220
0.33103 0.5206
0.34231 0.5192
0.35360 0.5177
0.36490 0.5161
0.37620 0.5145
0.38751 0.5128
0.39882 0.5109
0.41014 0.5090
0.42146 0.5070
0.43278 0.5049
0.44410 0.5027
0.45543 0.5004
0.46676 0.4980
0.47809 0.4954
0.48942 0.4927
0.50075 0.4899
0.51208 0.4870
0.52341 0.4839
0.53474 0.4806
0.54607 0.4772
0.55740 0.4736
0.56872 0.4698
0.58004 0.4659
0.59136 0.4617
0.60268 0.4574
0.61399 0.4528
0.62529 0.4480
0.63660 0.4429
0.64789 0.4376
0.65918 0.4320
0.67047 0.4260
0.68175 0.4198
0.69302 0.4132
0.70428 0.4062
0.71553 0.3988
0.72678 0.3909
0.73802 0.3825
0.74925 0.3736
0.76047 0.3641
0.77167 0.3538
0.78287 0.3428
0.79406 0.3309
0.80524 0.3180
0.81640 0.3038
0.82755 0.2880
0.83870 0.2703
0.84989 0.2493
0.86123 0.2266
0.87264 0.2038
0.88405 0.1808
0.89548 0.1572
0.90690 0.1330
0.91834 0.1077
0.92977 0.0809
0.94121 0.0519
0.95265 0.0198
0.96407 -0.0170
0.97534 -0.0607
0.98596 -0.1128
0.99464 -0.1716
1.00000 -0.1935
