alpha cl cd cm fuente
-180.0 -0.0645 0.0411 -0.0322 3
-179.5 -0.0467 0.0465 -0.0231 3
-179.0 -0.0288 0.0519 -0.0139 3
-178.5 0.0080 0.0557 0.0047 3
-178.0 0.0573 0.0610 0.0294 3
-177.5 0.0986 0.0667 0.0500 3
-177.0 0.1422 0.0723 0.0717 3
-176.5 0.1788 0.0782 0.0898 3
-176.0 0.2078 0.0836 0.1042 3
-175.5 0.2220 0.0904 0.1114 3
-175.0 0.2449 0.0948 0.1226 3
-174.5 0.2567 0.0998 0.1285 3
-174.0 0.2630 0.1056 0.1318 3
-173.5 0.2743 0.1090 0.1373 3
-173.0 0.2845 0.1120 0.1423 3
-172.5 0.2937 0.1145 0.1467 3
-172.0 0.3020 0.1167 0.1506 3
-171.5 0.3092 0.1186 0.1540 3
-171.0 0.3156 0.1201 0.1570 3
-170.5 0.3213 0.1215 0.1596 3
-170.0 0.3262 0.1227 0.1618 3
-169.5 0.3306 0.1238 0.1637 3
-169.0 0.3344 0.1249 0.1653 3
-168.5 0.3380 0.1262 0.1668 3
-168.0 0.3413 0.1276 0.1682 3
-167.5 0.3446 0.1293 0.1695 3
-167.0 0.3479 0.1313 0.1709 3
-166.5 0.3513 0.1338 0.1724 3
-166.0 0.3551 0.1369 0.1741 3
-165.5 0.3592 0.1406 0.1761 3
-165.0 0.3639 0.1449 0.1783 3
-164.5 0.3692 0.1501 0.1809 3
-164.0 0.3752 0.1561 0.1839 3
-163.5 0.3820 0.1629 0.1873 3
-163.0 0.3895 0.1707 0.1913 3
-162.5 0.3980 0.1794 0.1957 3
-162.0 0.4073 0.1891 0.2006 3
-161.5 0.4171 0.1994 0.2058 3
-161.0 0.4267 0.2099 0.2110 3
-160.5 0.4361 0.2206 0.2161 3
-160.0 0.4455 0.2316 0.2212 3
-159.5 0.4546 0.2428 0.2264 3
-159.0 0.4637 0.2543 0.2314 3
-158.5 0.4726 0.2660 0.2365 3
-158.0 0.4814 0.2779 0.2416 3
-157.5 0.4900 0.2900 0.2466 3
-157.0 0.4985 0.3023 0.2516 3
-156.5 0.5068 0.3148 0.2566 3
-156.0 0.5150 0.3276 0.2616 3
-155.5 0.5230 0.3405 0.2666 3
-155.0 0.5309 0.3536 0.2715 3
-154.5 0.5386 0.3670 0.2764 3
-154.0 0.5461 0.3805 0.2813 3
-153.5 0.5535 0.3942 0.2862 3
-153.0 0.5606 0.4081 0.2910 3
-152.5 0.5677 0.4222 0.2959 3
-152.0 0.5745 0.4364 0.3007 3
-151.5 0.5812 0.4508 0.3055 3
-151.0 0.5877 0.4654 0.3102 3
-150.5 0.5940 0.4801 0.3150 3
-150.0 0.6002 0.4950 0.3197 3
-149.5 0.6061 0.5100 0.3244 3
-149.0 0.6119 0.5252 0.3290 3
-148.5 0.6175 0.5405 0.3337 3
-148.0 0.6229 0.5560 0.3383 3
-147.5 0.6281 0.5716 0.3429 3
-147.0 0.6331 0.5873 0.3474 3
-146.5 0.6379 0.6032 0.3519 3
-146.0 0.6425 0.6191 0.3564 3
-145.5 0.6470 0.6352 0.3609 3
-145.0 0.6512 0.6514 0.3653 3
-144.5 0.6552 0.6677 0.3697 3
-144.0 0.6591 0.6841 0.3741 3
-143.5 0.6627 0.7006 0.3785 3
-143.0 0.6662 0.7171 0.3828 3
-142.5 0.6694 0.7338 0.3870 3
-142.0 0.6724 0.7505 0.3913 3
-141.5 0.6752 0.7673 0.3955 3
-141.0 0.6779 0.7842 0.3996 3
-140.5 0.6803 0.8011 0.4037 3
-140.0 0.6825 0.8181 0.4078 3
-139.5 0.6845 0.8351 0.4119 3
-139.0 0.6863 0.8522 0.4159 3
-138.5 0.6878 0.8693 0.4198 3
-138.0 0.6892 0.8865 0.4237 3
-137.5 0.6904 0.9037 0.4276 3
-137.0 0.6913 0.9209 0.4314 3
-136.5 0.6921 0.9382 0.4352 3
-136.0 0.6926 0.9554 0.4389 3
-135.5 0.6929 0.9727 0.4426 3
-135.0 0.6930 0.9900 0.4463 3
-134.5 0.6929 1.0073 0.4499 3
-134.0 0.6926 1.0246 0.4534 3
-133.5 0.6921 1.0418 0.4569 3
-133.0 0.6913 1.0591 0.4603 3
-132.5 0.6904 1.0763 0.4637 3
-132.0 0.6892 1.0935 0.4671 3
-131.5 0.6878 1.1107 0.4703 3
-131.0 0.6863 1.1278 0.4736 3
-130.5 0.6845 1.1449 0.4767 3
-130.0 0.6825 1.1619 0.4798 3
-129.5 0.6803 1.1789 0.4829 3
-129.0 0.6779 1.1958 0.4859 3
-128.5 0.6752 1.2127 0.4888 3
-128.0 0.6724 1.2295 0.4917 3
-127.5 0.6694 1.2462 0.4945 3
-127.0 0.6662 1.2629 0.4972 3
-126.5 0.6627 1.2794 0.4999 3
-126.0 0.6591 1.2959 0.5025 3
-125.5 0.6552 1.3123 0.5051 3
-125.0 0.6512 1.3286 0.5076 3
-124.5 0.6470 1.3448 0.5100 3
-124.0 0.6425 1.3609 0.5124 3
-123.5 0.6379 1.3768 0.5147 3
-123.0 0.6331 1.3927 0.5169 3
-122.5 0.6281 1.4084 0.5190 3
-122.0 0.6229 1.4240 0.5211 3
-121.5 0.6175 1.4395 0.5231 3
-121.0 0.6119 1.4548 0.5250 3
-120.5 0.6061 1.4700 0.5269 3
-120.0 0.6002 1.4850 0.5287 3
-119.5 0.5940 1.4999 0.5304 3
-119.0 0.5877 1.5146 0.5321 3
-118.5 0.5812 1.5292 0.5336 3
-118.0 0.5745 1.5436 0.5351 3
-117.5 0.5677 1.5578 0.5366 3
-117.0 0.5606 1.5719 0.5379 3
-116.5 0.5535 1.5858 0.5392 3
-116.0 0.5461 1.5995 0.5404 3
-115.5 0.5386 1.6130 0.5415 3
-115.0 0.5309 1.6264 0.5425 3
-114.5 0.5230 1.6395 0.5435 3
-114.0 0.5150 1.6524 0.5444 3
-113.5 0.5068 1.6652 0.5452 3
-113.0 0.4985 1.6777 0.5459 3
-112.5 0.4900 1.6900 0.5465 3
-112.0 0.4814 1.7021 0.5471 3
-111.5 0.4726 1.7140 0.5476 3
-111.0 0.4637 1.7257 0.5480 3
-110.5 0.4546 1.7372 0.5483 3
-110.0 0.4455 1.7484 0.5486 3
-109.5 0.4361 1.7594 0.5487 3
-109.0 0.4267 1.7701 0.5488 3
-108.5 0.4171 1.7806 0.5488 3
-108.0 0.4073 1.7909 0.5487 3
-107.5 0.3975 1.8010 0.5486 3
-107.0 0.3875 1.8107 0.5484 3
-106.5 0.3774 1.8203 0.5480 3
-106.0 0.3672 1.8296 0.5476 3
-105.5 0.3569 1.8386 0.5472 3
-105.0 0.3465 1.8474 0.5466 3
-104.5 0.3360 1.8559 0.5460 3
-104.0 0.3253 1.8641 0.5453 3
-103.5 0.3146 1.8721 0.5445 3
-103.0 0.3038 1.8798 0.5436 3
-102.5 0.2929 1.8872 0.5427 3
-102.0 0.2819 1.8944 0.5416 3
-101.5 0.2708 1.9013 0.5405 3
-101.0 0.2596 1.9079 0.5393 3
-100.5 0.2483 1.9142 0.5381 3
-100.0 0.2370 1.9203 0.5367 3
-99.5 0.2256 1.9261 0.5353 3
-99.0 0.2141 1.9315 0.5338 3
-98.5 0.2026 1.9367 0.5323 3
-98.0 0.1910 1.9416 0.5307 3
-97.5 0.1794 1.9463 0.5289 3
-97.0 0.1677 1.9506 0.5272 3
-96.5 0.1559 1.9546 0.5253 3
-96.0 0.1441 1.9584 0.5234 3
-95.5 0.1322 1.9618 0.5214 3
-95.0 0.1203 1.9650 0.5193 3
-94.5 0.1084 1.9678 0.5172 3
-94.0 0.0964 1.9704 0.5150 3
-93.5 0.0845 1.9726 0.5127 3
-93.0 0.0724 1.9746 0.5104 3
-92.5 0.0604 1.9762 0.5080 3
-92.0 0.0483 1.9776 0.5055 3
-91.5 0.0363 1.9786 0.5030 3
-91.0 0.0242 1.9794 0.5004 3
-90.5 0.0121 1.9798 0.4977 3
-90.0 0.0000 1.9800 0.4950 3
-89.5 -0.0173 1.9798 0.4914 2
-89.0 -0.0346 1.9794 0.4878 2
-88.5 -0.0518 1.9786 0.4841 2
-88.0 -0.0691 1.9776 0.4804 2
-87.5 -0.0863 1.9762 0.4767 2
-87.0 -0.1035 1.9746 0.4729 2
-86.5 -0.1207 1.9726 0.4691 2
-86.0 -0.1378 1.9704 0.4653 2
-85.5 -0.1549 1.9678 0.4614 2
-85.0 -0.1719 1.9650 0.4575 2
-84.5 -0.1889 1.9618 0.4536 2
-84.0 -0.2058 1.9584 0.4497 2
-83.5 -0.2227 1.9546 0.4457 2
-83.0 -0.2395 1.9506 0.4417 2
-82.5 -0.2562 1.9463 0.4377 2
-82.0 -0.2729 1.9416 0.4336 2
-81.5 -0.2894 1.9367 0.4295 2
-81.0 -0.3059 1.9315 0.4254 2
-80.5 -0.3223 1.9261 0.4213 2
-80.0 -0.3386 1.9203 0.4171 2
-79.5 -0.3548 1.9142 0.4130 2
-79.0 -0.3709 1.9079 0.4088 2
-78.5 -0.3868 1.9013 0.4046 2
-78.0 -0.4027 1.8944 0.4003 2
-77.5 -0.4184 1.8872 0.3961 2
-77.0 -0.4340 1.8798 0.3918 2
-76.5 -0.4495 1.8721 0.3876 2
-76.0 -0.4648 1.8641 0.3833 2
-75.5 -0.4800 1.8559 0.3790 2
-75.0 -0.4950 1.8474 0.3746 2
-74.5 -0.5099 1.8386 0.3703 2
-74.0 -0.5246 1.8296 0.3660 2
-73.5 -0.5392 1.8203 0.3616 2
-73.0 -0.5536 1.8107 0.3572 2
-72.5 -0.5678 1.8010 0.3529 2
-72.0 -0.5819 1.7909 0.3485 2
-71.5 -0.5958 1.7806 0.3441 2
-71.0 -0.6095 1.7701 0.3397 2
-70.5 -0.6230 1.7594 0.3353 2
-70.0 -0.6364 1.7484 0.3309 2
-69.5 -0.6495 1.7372 0.3265 2
-69.0 -0.6624 1.7257 0.3221 2
-68.5 -0.6752 1.7140 0.3177 2
-68.0 -0.6877 1.7021 0.3133 2
-67.5 -0.7000 1.6900 0.3088 2
-67.0 -0.7121 1.6777 0.3044 2
-66.5 -0.7240 1.6652 0.3000 2
-66.0 -0.7357 1.6524 0.2956 2
-65.5 -0.7472 1.6395 0.2912 2
-65.0 -0.7584 1.6264 0.2868 2
-64.5 -0.7694 1.6130 0.2824 2
-64.0 -0.7801 1.5995 0.2780 2
-63.5 -0.7906 1.5858 0.2736 2
-63.0 -0.8009 1.5719 0.2692 2
-62.5 -0.8110 1.5578 0.2648 2
-62.0 -0.8207 1.5436 0.2605 2
-61.5 -0.8303 1.5292 0.2561 2
-61.0 -0.8396 1.5146 0.2518 2
-60.5 -0.8486 1.4999 0.2474 2
-60.0 -0.8574 1.4850 0.2431 2
-59.5 -0.8659 1.4700 0.2388 2
-59.0 -0.8741 1.4548 0.2345 2
-58.5 -0.8821 1.4395 0.2302 2
-58.0 -0.8898 1.4240 0.2259 2
-57.5 -0.8972 1.4084 0.2217 2
-57.0 -0.9044 1.3927 0.2175 2
-56.5 -0.9113 1.3768 0.2132 2
-56.0 -0.9179 1.3609 0.2090 2
-55.5 -0.9242 1.3448 0.2049 2
-55.0 -0.9303 1.3286 0.2007 2
-54.5 -0.9361 1.3123 0.1966 2
-54.0 -0.9415 1.2959 0.1924 2
-53.5 -0.9467 1.2794 0.1883 2
-53.0 -0.9516 1.2629 0.1843 2
-52.5 -0.9563 1.2462 0.1802 2
-52.0 -0.9606 1.2295 0.1762 2
-51.5 -0.9646 1.2127 0.1722 2
-51.0 -0.9684 1.1958 0.1682 2
-50.5 -0.9718 1.1789 0.1642 2
-50.0 -0.9750 1.1619 0.1603 2
-49.5 -0.9778 1.1449 0.1564 2
-49.0 -0.9804 1.1278 0.1526 2
-48.5 -0.9826 1.1107 0.1487 2
-48.0 -0.9846 1.0935 0.1449 2
-47.5 -0.9862 1.0763 0.1411 2
-47.0 -0.9876 1.0591 0.1374 2
-46.5 -0.9886 1.0418 0.1337 2
-46.0 -0.9894 1.0246 0.1300 2
-45.5 -0.9898 1.0073 0.1263 2
-45.0 -0.9900 0.9900 0.1227 2
-44.5 -0.9898 0.9727 0.1192 2
-44.0 -0.9894 0.9554 0.1156 2
-43.5 -0.9886 0.9382 0.1121 2
-43.0 -0.9876 0.9209 0.1086 2
-42.5 -0.9862 0.9037 0.1052 2
-42.0 -0.9846 0.8865 0.1018 2
-41.5 -0.9826 0.8693 0.0984 2
-41.0 -0.9804 0.8522 0.0951 2
-40.5 -0.9778 0.8351 0.0919 2
-40.0 -0.9750 0.8181 0.0886 2
-39.5 -0.9718 0.8011 0.0854 2
-39.0 -0.9684 0.7842 0.0823 2
-38.5 -0.9646 0.7673 0.0791 2
-38.0 -0.9606 0.7505 0.0761 2
-37.5 -0.9563 0.7338 0.0731 2
-37.0 -0.9516 0.7171 0.0701 2
-36.5 -0.9467 0.7006 0.0671 2
-36.0 -0.9415 0.6841 0.0642 2
-35.5 -0.9361 0.6677 0.0614 2
-35.0 -0.9303 0.6514 0.0586 2
-34.5 -0.9242 0.6352 0.0558 2
-34.0 -0.9179 0.6191 0.0531 2
-33.5 -0.9113 0.6032 0.0505 2
-33.0 -0.9044 0.5873 0.0479 2
-32.5 -0.8972 0.5716 0.0453 2
-32.0 -0.8898 0.5560 0.0428 2
-31.5 -0.8821 0.5405 0.0403 2
-31.0 -0.8741 0.5252 0.0379 2
-30.5 -0.8659 0.5100 0.0355 2
-30.0 -0.8574 0.4950 0.0332 2
-29.5 -0.8486 0.4801 0.0310 2
-29.0 -0.8396 0.4654 0.0287 2
-28.5 -0.8303 0.4508 0.0266 2
-28.0 -0.8207 0.4364 0.0245 2
-27.5 -0.8110 0.4222 0.0224 2
-27.0 -0.8009 0.4081 0.0204 2
-26.5 -0.7906 0.3942 0.0185 2
-26.0 -0.7801 0.3805 0.0166 2
-25.5 -0.7694 0.3670 0.0148 2
-25.0 -0.7584 0.3536 0.0130 2
-24.5 -0.7472 0.3405 0.0113 2
-24.0 -0.7357 0.3276 0.0096 2
-23.5 -0.7240 0.3148 0.0080 2
-23.0 -0.7121 0.3023 0.0064 2
-22.5 -0.7000 0.2900 0.0049 2
-22.0 -0.6877 0.2779 0.0035 2
-21.5 -0.6752 0.2660 0.0021 2
-21.0 -0.6624 0.2543 0.0008 2
-20.5 -0.6495 0.2428 -0.0005 2
-20.0 -0.6364 0.2316 -0.0017 2
-19.5 -0.6230 0.2206 -0.0029 2
-19.0 -0.6095 0.2099 -0.0040 2
-18.5 -0.5958 0.1994 -0.0050 2
-18.0 -0.5819 0.1891 -0.0060 2
-17.5 -0.5686 0.1794 -0.0069 2
-17.0 -0.5565 0.1707 -0.0078 2
-16.5 -0.5457 0.1629 -0.0086 2
-16.0 -0.5360 0.1561 -0.0095 2
-15.5 -0.5274 0.1501 -0.0103 2
-15.0 -0.5199 0.1449 -0.0111 2
-14.5 -0.5132 0.1406 -0.0119 2
-14.0 -0.5072 0.1369 -0.0127 2
-13.5 -0.5019 0.1338 -0.0135 2
-13.0 -0.4969 0.1313 -0.0143 2
-12.5 -0.4922 0.1293 -0.0150 2
-12.0 -0.4876 0.1276 -0.0158 2
-11.5 -0.4828 0.1262 -0.0165 2
-11.0 -0.4778 0.1249 -0.0172 2
-10.5 -0.4722 0.1238 -0.0179 2
-10.0 -0.4660 0.1227 -0.0185 2
-9.5 -0.4590 0.1215 -0.0191 2
-9.0 -0.4509 0.1201 -0.0196 2
-8.5 -0.4418 0.1186 -0.0200 2
-8.0 -0.4314 0.1167 -0.0203 2
-7.5 -0.4196 0.1145 -0.0205 2
-7.0 -0.4065 0.1120 -0.0206 2
-6.5 -0.3918 0.1090 -0.0206 2
-6.0 -0.3757 0.1056 -0.0204 0
-5.5 -0.3667 0.0998 -0.0190 0
-5.0 -0.3498 0.0948 -0.0220 0
-4.5 -0.3172 0.0904 -0.0300 0
-4.0 -0.2968 0.0836 -0.0303 0
-3.5 -0.2554 0.0782 -0.0376 0
-3.0 -0.2032 0.0723 -0.0465 0
-2.5 -0.1408 0.0667 -0.0578 0
-2.0 -0.0819 0.0610 -0.0657 0
-1.5 -0.0115 0.0557 -0.0756 0
-1.0 0.0412 0.0519 -0.0804 0
-0.5 0.0667 0.0465 -0.0750 0
0.0 0.0921 0.0411 -0.0695 0
0.5 0.1245 0.0364 -0.0665 0
1.0 0.3950 0.0386 -0.1225 0
1.5 0.4737 0.0371 -0.1274 0
2.0 0.5371 0.0366 -0.1295 0
2.5 0.5901 0.0368 -0.1298 0
3.0 0.6480 0.0371 -0.1311 0
3.5 0.6888 0.0378 -0.1299 0
4.0 0.7232 0.0401 -0.1287 0
4.5 1.0420 0.0330 -0.1462 0
5.0 1.1899 0.0390 -0.1576 0
5.5 1.2618 0.0439 -0.1568 0
6.0 1.3291 0.0501 -0.1543 0
6.5 1.3948 0.0563 -0.1501 0
7.0 1.4252 0.0664 -0.1501 0
7.5 1.3661 0.0798 -0.1491 0
8.0 1.2826 0.0924 -0.1458 0
8.5 1.2378 0.0973 -0.1418 1
9.0 1.1996 0.1024 -0.1385 1
9.5 1.1669 0.1078 -0.1357 1
10.0 1.1390 0.1135 -0.1335 1
10.5 1.1150 0.1194 -0.1317 1
11.0 1.0945 0.1257 -0.1303 1
11.5 1.0770 0.1322 -0.1292 1
12.0 1.0621 0.1390 -0.1284 1
12.5 1.0495 0.1461 -0.1279 1
13.0 1.0388 0.1534 -0.1276 1
13.5 1.0299 0.1610 -0.1276 1
14.0 1.0225 0.1689 -0.1277 1
14.5 1.0164 0.1770 -0.1280 1
15.0 1.0116 0.1854 -0.1284 1
15.5 1.0078 0.1940 -0.1290 1
16.0 1.0050 0.2029 -0.1297 1
16.5 1.0030 0.2121 -0.1306 1
17.0 1.0018 0.2215 -0.1315 1
17.5 1.0013 0.2311 -0.1326 1
18.0 1.0014 0.2410 -0.1338 1
18.5 1.0019 0.2511 -0.1350 1
19.0 1.0030 0.2615 -0.1364 1
19.5 1.0045 0.2721 -0.1378 1
20.0 1.0063 0.2829 -0.1393 1
20.5 1.0085 0.2940 -0.1408 1
21.0 1.0110 0.3053 -0.1425 1
21.5 1.0137 0.3168 -0.1441 1
22.0 1.0166 0.3285 -0.1459 1
22.5 1.0197 0.3404 -0.1477 1
23.0 1.0229 0.3525 -0.1496 1
23.5 1.0263 0.3649 -0.1515 1
24.0 1.0297 0.3774 -0.1535 1
24.5 1.0333 0.3902 -0.1555 1
25.0 1.0369 0.4031 -0.1575 1
25.5 1.0405 0.4163 -0.1596 1
26.0 1.0442 0.4296 -0.1618 1
26.5 1.0479 0.4431 -0.1640 1
27.0 1.0515 0.4567 -0.1662 1
27.5 1.0551 0.4706 -0.1684 1
28.0 1.0587 0.4846 -0.1707 1
28.5 1.0622 0.4988 -0.1731 1
29.0 1.0657 0.5131 -0.1754 1
29.5 1.0690 0.5276 -0.1778 1
30.0 1.0723 0.5423 -0.1802 1
30.5 1.0755 0.5571 -0.1827 1
31.0 1.0785 0.5720 -0.1852 1
31.5 1.0815 0.5871 -0.1877 1
32.0 1.0843 0.6023 -0.1902 1
32.5 1.0870 0.6177 -0.1928 1
33.0 1.0895 0.6331 -0.1953 1
33.5 1.0918 0.6487 -0.1979 1
34.0 1.0940 0.6644 -0.2006 1
34.5 1.0961 0.6802 -0.2032 1
35.0 1.0979 0.6961 -0.2059 1
35.5 1.0996 0.7121 -0.2086 1
36.0 1.1011 0.7282 -0.2113 1
36.5 1.1024 0.7444 -0.2140 1
37.0 1.1035 0.7607 -0.2168 1
37.5 1.1044 0.7771 -0.2195 1
38.0 1.1051 0.7935 -0.2223 1
38.5 1.1056 0.8100 -0.2251 1
39.0 1.1059 0.8266 -0.2279 1
39.5 1.1059 0.8432 -0.2307 1
40.0 1.1058 0.8599 -0.2336 1
40.5 1.1054 0.8766 -0.2364 1
41.0 1.1048 0.8934 -0.2393 1
41.5 1.1039 0.9102 -0.2422 1
42.0 1.1028 0.9271 -0.2450 1
42.5 1.1015 0.9440 -0.2479 1
43.0 1.1000 0.9609 -0.2509 1
43.5 1.0982 0.9778 -0.2538 1
44.0 1.0961 0.9947 -0.2567 1
44.5 1.0939 1.0117 -0.2596 1
45.0 1.0913 1.0286 -0.2626 1
45.5 1.0886 1.0455 -0.2655 1
46.0 1.0855 1.0625 -0.2685 1
46.5 1.0823 1.0794 -0.2715 1
47.0 1.0787 1.0963 -0.2744 1
47.5 1.0749 1.1132 -0.2774 1
48.0 1.0709 1.1300 -0.2804 1
48.5 1.0666 1.1468 -0.2834 1
49.0 1.0621 1.1636 -0.2864 1
49.5 1.0573 1.1803 -0.2894 1
50.0 1.0523 1.1970 -0.2924 1
50.5 1.0469 1.2136 -0.2953 1
51.0 1.0414 1.2302 -0.2983 1
51.5 1.0356 1.2467 -0.3013 1
52.0 1.0295 1.2631 -0.3043 1
52.5 1.0232 1.2795 -0.3073 1
53.0 1.0166 1.2957 -0.3103 1
53.5 1.0098 1.3119 -0.3133 1
54.0 1.0027 1.3280 -0.3163 1
54.5 0.9954 1.3440 -0.3193 1
55.0 0.9878 1.3599 -0.3223 1
55.5 0.9800 1.3757 -0.3253 1
56.0 0.9720 1.3914 -0.3283 1
56.5 0.9637 1.4070 -0.3313 1
57.0 0.9551 1.4224 -0.3343 1
57.5 0.9463 1.4377 -0.3372 1
58.0 0.9373 1.4529 -0.3402 1
58.5 0.9280 1.4680 -0.3432 1
59.0 0.9185 1.4829 -0.3461 1
59.5 0.9087 1.4977 -0.3491 1
60.0 0.8987 1.5123 -0.3520 1
60.5 0.8885 1.5268 -0.3549 1
61.0 0.8781 1.5411 -0.3579 1
61.5 0.8674 1.5552 -0.3608 1
62.0 0.8565 1.5692 -0.3637 1
62.5 0.8454 1.5831 -0.3666 1
63.0 0.8341 1.5967 -0.3695 1
63.5 0.8225 1.6102 -0.3723 1
64.0 0.8108 1.6234 -0.3752 1
64.5 0.7988 1.6365 -0.3780 1
65.0 0.7866 1.6494 -0.3809 1
65.5 0.7742 1.6621 -0.3837 1
66.0 0.7617 1.6746 -0.3865 1
66.5 0.7489 1.6870 -0.3893 1
67.0 0.7359 1.6990 -0.3921 1
67.5 0.7228 1.7109 -0.3948 1
68.0 0.7094 1.7226 -0.3976 1
68.5 0.6959 1.7341 -0.4003 1
69.0 0.6822 1.7453 -0.4030 1
69.5 0.6683 1.7563 -0.4057 1
70.0 0.6542 1.7671 -0.4084 1
70.5 0.6400 1.7776 -0.4111 1
71.0 0.6256 1.7879 -0.4137 1
71.5 0.6110 1.7980 -0.4163 1
72.0 0.5963 1.8078 -0.4189 1
72.5 0.5814 1.8174 -0.4215 1
73.0 0.5664 1.8267 -0.4241 1
73.5 0.5512 1.8358 -0.4266 1
74.0 0.5359 1.8446 -0.4291 1
74.5 0.5205 1.8532 -0.4316 1
75.0 0.5049 1.8615 -0.4341 1
75.5 0.4892 1.8695 -0.4365 1
76.0 0.4734 1.8773 -0.4389 1
76.5 0.4575 1.8848 -0.4413 1
77.0 0.4414 1.8921 -0.4437 1
77.5 0.4253 1.8991 -0.4461 1
78.0 0.4090 1.9058 -0.4484 1
78.5 0.3926 1.9122 -0.4507 1
79.0 0.3762 1.9183 -0.4530 1
79.5 0.3596 1.9242 -0.4552 1
80.0 0.3430 1.9298 -0.4574 1
80.5 0.3263 1.9351 -0.4596 1
81.0 0.3095 1.9401 -0.4618 1
81.5 0.2926 1.9448 -0.4639 1
82.0 0.2757 1.9492 -0.4660 1
82.5 0.2587 1.9534 -0.4680 1
83.0 0.2416 1.9572 -0.4701 1
83.5 0.2245 1.9608 -0.4721 1
84.0 0.2074 1.9641 -0.4740 1
84.5 0.1902 1.9670 -0.4760 1
85.0 0.1730 1.9697 -0.4779 1
85.5 0.1558 1.9721 -0.4798 1
86.0 0.1385 1.9742 -0.4816 1
86.5 0.1212 1.9760 -0.4834 1
87.0 0.1039 1.9774 -0.4852 1
87.5 0.0866 1.9786 -0.4869 1
88.0 0.0692 1.9795 -0.4886 1
88.5 0.0519 1.9801 -0.4902 1
89.0 0.0346 1.9803 -0.4919 1
89.5 0.0173 1.9803 -0.4935 1
90.0 0.0000 1.9800 -0.4950 1
90.5 -0.0121 1.9803 -0.4978 3
91.0 -0.0242 1.9803 -0.5006 3
91.5 -0.0363 1.9801 -0.5033 3
92.0 -0.0485 1.9795 -0.5060 3
92.5 -0.0606 1.9786 -0.5086 3
93.0 -0.0727 1.9774 -0.5111 3
93.5 -0.0848 1.9760 -0.5136 3
94.0 -0.0969 1.9742 -0.5160 3
94.5 -0.1090 1.9721 -0.5183 3
95.0 -0.1211 1.9697 -0.5206 3
95.5 -0.1332 1.9670 -0.5228 3
96.0 -0.1452 1.9641 -0.5249 3
96.5 -0.1572 1.9608 -0.5270 3
97.0 -0.1692 1.9572 -0.5290 3
97.5 -0.1811 1.9534 -0.5309 3
98.0 -0.1930 1.9492 -0.5328 3
98.5 -0.2048 1.9448 -0.5346 3
99.0 -0.2166 1.9401 -0.5363 3
99.5 -0.2284 1.9351 -0.5379 3
100.0 -0.2401 1.9298 -0.5395 3
100.5 -0.2517 1.9242 -0.5410 3
101.0 -0.2633 1.9183 -0.5424 3
101.5 -0.2748 1.9122 -0.5438 3
102.0 -0.2863 1.9058 -0.5450 3
102.5 -0.2977 1.8991 -0.5462 3
103.0 -0.3090 1.8921 -0.5474 3
103.5 -0.3202 1.8848 -0.5484 3
104.0 -0.3314 1.8773 -0.5494 3
104.5 -0.3425 1.8695 -0.5503 3
105.0 -0.3535 1.8615 -0.5511 3
105.5 -0.3644 1.8532 -0.5519 3
106.0 -0.3752 1.8446 -0.5525 3
106.5 -0.3859 1.8358 -0.5531 3
107.0 -0.3965 1.8267 -0.5537 3
107.5 -0.4070 1.8174 -0.5541 3
108.0 -0.4174 1.8078 -0.5545 3
108.5 -0.4277 1.7980 -0.5548 3
109.0 -0.4379 1.7879 -0.5550 3
109.5 -0.4480 1.7776 -0.5552 3
110.0 -0.4579 1.7671 -0.5552 3
110.5 -0.4678 1.7563 -0.5552 3
111.0 -0.4775 1.7453 -0.5551 3
111.5 -0.4871 1.7341 -0.5550 3
112.0 -0.4966 1.7226 -0.5548 3
112.5 -0.5059 1.7109 -0.5545 3
113.0 -0.5151 1.6990 -0.5541 3
113.5 -0.5242 1.6870 -0.5536 3
114.0 -0.5332 1.6746 -0.5531 3
114.5 -0.5420 1.6621 -0.5525 3
115.0 -0.5506 1.6494 -0.5519 3
115.5 -0.5592 1.6365 -0.5511 3
116.0 -0.5675 1.6234 -0.5503 3
116.5 -0.5758 1.6102 -0.5495 3
117.0 -0.5839 1.5967 -0.5485 3
117.5 -0.5918 1.5831 -0.5475 3
118.0 -0.5996 1.5692 -0.5464 3
118.5 -0.6072 1.5552 -0.5453 3
119.0 -0.6147 1.5411 -0.5440 3
119.5 -0.6220 1.5268 -0.5428 3
120.0 -0.6291 1.5123 -0.5414 3
120.5 -0.6361 1.4977 -0.5400 3
121.0 -0.6429 1.4829 -0.5385 3
121.5 -0.6496 1.4680 -0.5370 3
122.0 -0.6561 1.4529 -0.5354 3
122.5 -0.6624 1.4377 -0.5337 3
123.0 -0.6686 1.4224 -0.5320 3
123.5 -0.6746 1.4070 -0.5302 3
124.0 -0.6804 1.3914 -0.5284 3
124.5 -0.6860 1.3757 -0.5265 3
125.0 -0.6915 1.3599 -0.5245 3
125.5 -0.6968 1.3440 -0.5225 3
126.0 -0.7019 1.3280 -0.5204 3
126.5 -0.7069 1.3119 -0.5183 3
127.0 -0.7116 1.2957 -0.5162 3
127.5 -0.7162 1.2795 -0.5139 3
128.0 -0.7207 1.2631 -0.5117 3
128.5 -0.7249 1.2467 -0.5093 3
129.0 -0.7290 1.2302 -0.5070 3
129.5 -0.7329 1.2136 -0.5046 3
130.0 -0.7366 1.1970 -0.5021 3
130.5 -0.7401 1.1803 -0.4996 3
131.0 -0.7435 1.1636 -0.4970 3
131.5 -0.7466 1.1468 -0.4945 3
132.0 -0.7496 1.1300 -0.4918 3
132.5 -0.7525 1.1132 -0.4892 3
133.0 -0.7551 1.0963 -0.4865 3
133.5 -0.7576 1.0794 -0.4837 3
134.0 -0.7599 1.0625 -0.4810 3
134.5 -0.7620 1.0455 -0.4782 3
135.0 -0.7639 1.0286 -0.4753 3
135.5 -0.7657 1.0117 -0.4725 3
136.0 -0.7673 0.9947 -0.4696 3
136.5 -0.7687 0.9778 -0.4666 3
137.0 -0.7700 0.9609 -0.4637 3
137.5 -0.7711 0.9440 -0.4607 3
138.0 -0.7720 0.9271 -0.4577 3
138.5 -0.7728 0.9102 -0.4547 3
139.0 -0.7733 0.8934 -0.4517 3
139.5 -0.7738 0.8766 -0.4486 3
140.0 -0.7740 0.8599 -0.4455 3
140.5 -0.7742 0.8432 -0.4425 3
141.0 -0.7741 0.8266 -0.4394 3
141.5 -0.7739 0.8100 -0.4363 3
142.0 -0.7736 0.7935 -0.4332 3
142.5 -0.7731 0.7771 -0.4300 3
143.0 -0.7725 0.7607 -0.4269 3
143.5 -0.7717 0.7444 -0.4238 3
144.0 -0.7708 0.7282 -0.4207 3
144.5 -0.7697 0.7121 -0.4175 3
145.0 -0.7686 0.6961 -0.4144 3
145.5 -0.7673 0.6802 -0.4113 3
146.0 -0.7658 0.6644 -0.4082 3
146.5 -0.7643 0.6487 -0.4051 3
147.0 -0.7626 0.6331 -0.4020 3
147.5 -0.7609 0.6177 -0.3989 3
148.0 -0.7590 0.6023 -0.3958 3
148.5 -0.7570 0.5871 -0.3928 3
149.0 -0.7550 0.5720 -0.3898 3
149.5 -0.7528 0.5571 -0.3868 3
150.0 -0.7506 0.5423 -0.3838 3
150.5 -0.7483 0.5276 -0.3809 3
151.0 -0.7460 0.5131 -0.3780 3
151.5 -0.7436 0.4988 -0.3752 3
152.0 -0.7411 0.4846 -0.3723 3
152.5 -0.7386 0.4706 -0.3696 3
153.0 -0.7361 0.4567 -0.3669 3
153.5 -0.7335 0.4431 -0.3642 3
154.0 -0.7309 0.4296 -0.3616 3
154.5 -0.7284 0.4163 -0.3591 3
155.0 -0.7258 0.4031 -0.3566 3
155.5 -0.7233 0.3902 -0.3542 3
156.0 -0.7208 0.3774 -0.3519 3
156.5 -0.7184 0.3649 -0.3497 3
157.0 -0.7160 0.3525 -0.3475 3
157.5 -0.7138 0.3404 -0.3455 3
158.0 -0.7116 0.3285 -0.3436 3
158.5 -0.7096 0.3168 -0.3418 3
159.0 -0.7077 0.3053 -0.3401 3
159.5 -0.7060 0.2940 -0.3386 3
160.0 -0.7044 0.2829 -0.3372 3
160.5 -0.7031 0.2721 -0.3360 3
161.0 -0.7021 0.2615 -0.3350 3
161.5 -0.7014 0.2511 -0.3341 3
162.0 -0.7010 0.2410 -0.3335 3
162.5 -0.7009 0.2311 -0.3331 3
163.0 -0.7013 0.2215 -0.3330 3
163.5 -0.7021 0.2121 -0.3331 3
164.0 -0.7035 0.2029 -0.3336 3
164.5 -0.7055 0.1940 -0.3343 3
165.0 -0.7081 0.1854 -0.3355 3
165.5 -0.7115 0.1770 -0.3370 3
166.0 -0.7157 0.1689 -0.3391 3
166.5 -0.7209 0.1610 -0.3416 3
167.0 -0.7271 0.1534 -0.3447 3
167.5 -0.7346 0.1461 -0.3484 3
168.0 -0.7435 0.1390 -0.3529 3
168.5 -0.7539 0.1322 -0.3581 3
169.0 -0.7662 0.1257 -0.3643 3
169.5 -0.7805 0.1194 -0.3716 3
170.0 -0.7973 0.1135 -0.3801 3
170.5 -0.8168 0.1078 -0.3900 3
171.0 -0.8397 0.1024 -0.4015 3
171.5 -0.8664 0.0973 -0.4151 3
172.0 -0.8978 0.0924 -0.4309 3
172.5 -0.9563 0.0798 -0.4593 3
173.0 -0.9976 0.0664 -0.4797 3
173.5 -0.9764 0.0563 -0.4706 3
174.0 -0.9304 0.0501 -0.4497 3
174.5 -0.8833 0.0439 -0.4282 3
175.0 -0.8329 0.0390 -0.4050 3
175.5 -0.7294 0.0330 -0.3557 3
176.0 -0.5062 0.0401 -0.2483 3
176.5 -0.4822 0.0378 -0.2371 3
177.0 -0.4536 0.0371 -0.2237 3
177.5 -0.4131 0.0368 -0.2043 3
178.0 -0.3760 0.0366 -0.1864 3
178.5 -0.3316 0.0371 -0.1648 3
179.0 -0.2765 0.0386 -0.1378 3
179.5 -0.0871 0.0364 -0.0436 3
180.0 -0.0645 0.0411 -0.0322 3
