perfil Re ncrit n amin amax clmax aclmax cerrado ldmax ald clld cdld cmld cdmin a09 ld09 alo ahi ahiext nbi
placa7 20000 9 88 -6.00 16.00 1.395 7.75 1 22.9 5.75 1.080 0.0472 -0.126 0.0393 5.57 17.1 -6.00 16.00 8.75 22
placa7 20000 5 89 -6.00 16.00 1.342 8.75 1 21.3 5.25 0.982 0.0461 -0.128 0.0415 5.14 18.5 -6.00 16.00 9.75 4
placa7 35000 9 85 -6.00 16.00 1.423 7.50 1 27.8 4.75 1.015 0.0366 -0.138 0.0334 4.64 22.4 -6.00 16.00 8.50 4
placa7 35000 5 84 -6.00 16.00 1.377 8.50 1 30.0 3.75 0.942 0.0314 -0.148 0.0314 3.68 26.7 -6.00 16.00 9.50 0
placa7 50000 9 81 -6.00 16.00 1.425 7.00 1 32.3 4.25 1.011 0.0313 -0.147 0.0313 4.15 25.9 -6.00 16.00 8.00 4
placa7 50000 5 55 -6.00 8.00 1.383 8.00 0 36.5 3.00 0.919 0.0252 -0.159 0.0252 2.96 34.3 -6.00 8.00 8.00 0
placa7 75000 9 84 -6.00 16.00 1.423 9.00 1 41.6 3.25 0.982 0.0236 -0.163 0.0236 3.19 33.6 1.00 16.00 10.00 0
placa7 75000 5 54 -6.00 7.25 1.361 7.25 0 43.6 2.25 0.868 0.0199 -0.170 0.0199 2.41 43.5 -6.00 7.25 7.25 0
placa7 100000 9 46 -6.00 5.75 1.374 5.75 0 48.1 2.75 0.967 0.0201 -0.171 0.0201 2.68 38.8 -6.00 5.75 5.75 0
placa7 100000 5 52 -6.00 6.75 1.324 6.50 0 55.9 2.00 0.914 0.0164 -0.178 0.0164 1.97 53.0 -6.00 6.75 6.75 0
placa4 20000 9 89 -6.00 16.00 1.094 16.00 0 21.0 4.00 0.755 0.0360 -0.076 0.0251 4.88 19.4 -6.00 16.00 16.00 2
placa4 35000 9 87 -6.00 16.00 1.090 15.75 0 24.8 3.25 0.688 0.0278 -0.083 0.0202 4.61 22.1 -6.00 16.00 16.00 5
placa4 50000 9 81 -6.00 16.00 1.027 5.50 1 28.3 2.75 0.659 0.0233 -0.090 0.0179 4.55 23.4 -6.00 6.25 6.25 4
placa4 75000 9 78 -6.00 16.00 1.071 16.00 0 32.8 2.25 0.635 0.0193 -0.098 0.0159 4.38 25.3 -1.00 16.00 16.00 0
placa4 100000 9 77 -6.00 16.00 1.075 7.75 1 73.0 2.00 0.607 0.0083 -0.097 0.0083 4.20 27.2 -0.50 16.00 8.75 0
plana3 20000 9 89 -6.00 16.00 0.792 16.00 0 10.8 3.25 0.476 0.0442 -0.011 0.0237 nan nan -6.00 16.00 16.00 0
plana3 35000 9 89 -6.00 16.00 0.780 16.00 0 11.9 2.75 0.422 0.0354 -0.012 0.0185 nan nan -6.00 16.00 16.00 4
plana3 50000 9 89 -6.00 16.00 0.769 16.00 0 12.7 2.50 0.396 0.0311 -0.014 0.0109 nan nan -6.00 16.00 16.00 6
plana3 75000 9 85 -5.75 16.00 0.770 16.00 0 20.1 3.00 0.504 0.0251 -0.039 0.0153 nan nan -5.75 16.00 16.00 4
plana3 100000 9 80 -6.00 16.00 0.383 2.25 0 14.7 1.75 0.329 0.0224 -0.023 0.0140 nan nan -6.00 2.25 2.25 0
clarky 20000 9 89 -6.00 16.00 0.860 16.00 0 4.8 6.75 0.383 0.0798 -0.045 0.0332 nan nan -6.00 16.00 16.00 0
clarky 35000 9 81 -6.00 16.00 0.777 10.25 0 9.9 5.00 0.598 0.0604 -0.074 0.0284 nan nan -6.00 10.25 10.25 0
clarky 50000 9 83 -6.00 16.00 1.356 11.00 1 29.8 9.25 1.255 0.0422 -0.059 0.0266 6.04 21.5 -6.00 12.75 12.00 1
clarky 75000 9 89 -6.00 16.00 1.437 13.00 1 44.3 7.25 1.140 0.0257 -0.071 0.0221 4.81 40.5 -6.00 16.00 14.00 1
clarky 100000 9 89 -6.00 16.00 1.418 13.00 1 53.2 6.50 1.074 0.0202 -0.072 0.0172 4.65 51.2 -6.00 16.00 14.00 0
naca6412 20000 9 89 -6.00 16.00 0.988 16.00 0 5.3 6.75 0.509 0.0968 -0.090 0.0542 13.88 4.8 -6.00 16.00 16.00 0
naca6412 20000 5 89 -6.00 16.00 1.108 16.00 0 9.0 5.00 0.699 0.0774 -0.112 0.0524 9.09 8.0 -6.00 16.00 16.00 0
naca6412 35000 9 89 -6.00 16.00 1.032 16.00 0 6.0 7.75 0.663 0.1106 -0.112 0.0539 12.50 5.4 -6.00 16.00 16.00 5
naca6412 35000 5 89 -6.00 16.00 1.277 15.50 0 16.6 4.00 0.807 0.0487 -0.117 0.0376 5.39 16.1 -6.00 16.00 16.00 0
naca6412 50000 9 88 -6.00 16.00 1.489 15.25 1 19.3 14.00 1.463 0.0760 -0.062 0.0471 11.27 6.2 -6.00 16.00 16.00 18
naca6412 50000 5 89 -6.00 16.00 1.345 13.00 1 30.5 5.00 1.048 0.0344 -0.123 0.0270 3.45 28.9 -6.00 16.00 14.00 0
naca6412 75000 9 83 -6.00 16.00 1.590 11.00 1 39.9 11.00 1.590 0.0399 -0.101 0.0310 nan nan 9.25 16.00 12.00 7
naca6412 75000 5 89 -6.00 16.00 1.488 10.00 1 48.8 5.75 1.220 0.0250 -0.131 0.0190 2.59 43.9 -6.00 16.00 11.00 0
naca6412 100000 9 89 -6.00 16.00 1.622 10.25 1 53.9 10.00 1.617 0.0300 -0.119 0.0201 2.32 42.7 -6.00 16.00 11.25 0
naca6412 100000 5 89 -6.00 16.00 1.525 10.75 1 59.8 6.75 1.343 0.0225 -0.132 0.0155 2.34 53.5 -6.00 16.00 11.75 0
naca0012 20000 9 86 -6.00 16.00 0.694 16.00 0 7.0 6.25 0.482 0.0689 -0.026 0.0293 nan nan -6.00 16.00 16.00 0
naca0012 35000 9 88 -6.00 16.00 0.798 8.00 1 19.7 5.75 0.673 0.0341 -0.006 0.0236 nan nan -6.00 16.00 9.00 24
naca0012 50000 9 87 -6.00 16.00 0.870 9.00 1 25.7 5.25 0.637 0.0248 -0.007 0.0208 nan nan -6.00 16.00 10.00 0
naca0012 75000 9 88 -6.00 16.00 0.938 10.25 1 32.1 5.00 0.615 0.0192 -0.008 0.0169 8.75 22.9 -6.00 16.00 11.25 17
naca0012 100000 9 82 -6.00 16.00 0.984 10.25 1 36.7 5.00 0.614 0.0168 -0.008 0.0143 8.64 27.7 -6.00 12.50 11.25 0
placa7_t11 50000 9 81 -6.00 16.00 1.430 6.50 1 32.1 4.25 1.046 0.0326 -0.153 0.0326 4.01 25.5 -6.00 16.00 7.50 0
placa7_t20 50000 9 58 -6.00 9.00 1.417 7.25 1 31.5 4.50 0.998 0.0317 -0.138 0.0317 4.42 25.6 -6.00 9.00 8.25 0
