alpha cl cd cm ld phi
-6.00 -0.4780 0.07413 -0.0226 -6.45 nan
-5.75 -0.4802 0.07197 -0.0224 -6.67 nan
-5.50 -0.4547 0.06718 -0.0291 -6.77 nan
-5.25 -0.4245 0.06269 -0.0356 -6.77 nan
-5.00 -0.3818 0.04196 -0.0513 -9.10 nan
-4.75 -0.3458 0.03688 -0.0546 -9.38 nan
-4.50 -0.3084 0.03324 -0.0574 -9.28 nan
-4.25 -0.2698 0.03091 -0.0596 -8.73 nan
-4.00 -0.2320 0.02934 -0.0621 -7.91 nan
-3.75 -0.1947 0.02795 -0.0639 -6.97 nan
-3.50 -0.1556 0.02673 -0.0663 -5.82 nan
-3.25 -0.1199 0.02572 -0.0679 -4.66 nan
-3.00 -0.0809 0.02485 -0.0701 -3.26 nan
-2.75 -0.0463 0.02411 -0.0716 -1.92 nan
-2.50 -0.0101 0.02343 -0.0734 -0.43 nan
-2.25 0.0242 0.02290 -0.0749 1.06 nan
-2.00 0.0592 0.02214 -0.0765 2.67 20.505
-1.75 0.0961 0.02093 -0.0783 4.59 12.287
-1.50 0.1178 0.01982 -0.0749 5.94 9.551
-1.25 0.1956 0.01956 -0.0839 10.00 5.711
-1.00 0.2313 0.01958 -0.0853 11.81 4.839
-0.75 0.2732 0.01944 -0.0877 14.05 4.070
-0.50 0.3128 0.01918 -0.0893 16.31 3.509
-0.25 0.3503 0.01895 -0.0906 18.49 3.096
0.00 0.3870 0.01860 -0.0914 20.81 2.752
0.25 0.4189 0.01835 -0.0915 22.83 2.508
0.50 0.4506 0.01818 -0.0916 24.79 2.310
0.75 0.4830 0.01796 -0.0917 26.89 2.130
1.00 0.5112 0.01791 -0.0914 28.54 2.007
1.25 0.5404 0.01779 -0.0910 30.38 1.885
1.50 0.5670 0.01775 -0.0903 31.94 1.793
1.75 0.5937 0.01769 -0.0895 33.56 1.707
2.00 0.6221 0.01756 -0.0890 35.43 1.617
2.25 0.6502 0.01744 -0.0883 37.28 1.536
2.50 0.6769 0.01740 -0.0876 38.90 1.472
2.75 0.7038 0.01732 -0.0868 40.64 1.410
3.00 0.7300 0.01728 -0.0859 42.25 1.356
3.25 0.7567 0.01724 -0.0851 43.89 1.305
3.50 0.7841 0.01718 -0.0843 45.64 1.255
3.75 0.8100 0.01721 -0.0834 47.07 1.217
4.00 0.8346 0.01726 -0.0823 48.35 1.185
4.25 0.8602 0.01732 -0.0813 49.67 1.153
4.50 0.8848 0.01744 -0.0803 50.73 1.129
4.75 0.9094 0.01764 -0.0793 51.55 1.111
5.00 0.9340 0.01789 -0.0783 52.21 1.097
5.25 0.9579 0.01823 -0.0773 52.55 1.090
5.50 0.9812 0.01859 -0.0763 52.78 1.085
5.75 1.0056 0.01895 -0.0755 53.07 1.080
6.00 1.0286 0.01934 -0.0744 53.19 1.077
6.25 1.0511 0.01977 -0.0734 53.17 1.078
6.50 1.0744 0.02020 -0.0725 53.19 1.077
6.75 1.0961 0.02065 -0.0715 53.08 1.079
7.00 1.1181 0.02108 -0.0704 53.04 1.080
7.25 1.1403 0.02156 -0.0695 52.89 1.083
7.50 1.1628 0.02206 -0.0686 52.71 1.087
7.75 1.1852 0.02260 -0.0677 52.44 1.092
8.00 1.2074 0.02321 -0.0668 52.02 1.101
8.25 1.2294 0.02386 -0.0660 51.53 1.112
8.50 1.2492 0.02449 -0.0646 51.01 1.123
8.75 1.2682 0.02511 -0.0633 50.51 1.134
9.00 1.2854 0.02573 -0.0616 49.96 1.147
9.25 1.3010 0.02636 -0.0597 49.36 1.161
9.50 1.3151 0.02707 -0.0576 48.58 1.179
9.75 1.3269 0.02793 -0.0552 47.51 1.206
10.00 1.3398 0.02886 -0.0531 46.42 1.234
10.25 1.3507 0.02985 -0.0507 45.25 1.266
10.50 1.3610 0.03081 -0.0483 44.17 1.297
10.75 1.3700 0.03175 -0.0458 43.15 1.328
11.00 1.3763 0.03263 -0.0429 42.18 1.358
11.25 1.3827 0.03348 -0.0402 41.30 1.387
11.50 1.3891 0.03449 -0.0376 40.28 1.422
11.75 1.3963 0.03554 -0.0354 39.29 1.458
12.00 1.4023 0.03687 -0.0333 38.03 1.506
12.25 1.4080 0.03838 -0.0312 36.69 1.561
12.50 1.4139 0.03996 -0.0294 35.38 1.619
12.75 1.4173 0.04158 -0.0274 34.09 1.680
13.00 1.4184 0.04342 -0.0256 32.67 1.753
13.25 1.4175 0.04542 -0.0237 31.21 1.835
13.50 1.4173 0.04747 -0.0221 29.86 1.918
13.75 1.4112 0.04993 -0.0205 28.26 2.026
14.00 1.4006 0.05301 -0.0192 26.42 2.167
14.25 1.3901 0.05633 -0.0181 24.68 2.320
14.50 1.3806 0.05978 -0.0174 23.09 2.479
14.75 1.3729 0.06318 -0.0169 21.73 2.635
15.00 1.3631 0.06710 -0.0166 20.31 2.818
15.25 1.3601 0.07037 -0.0162 19.33 2.962
15.50 1.3513 0.07449 -0.0164 18.14 3.155
15.75 1.3555 0.07697 -0.0159 17.61 3.250
16.00 1.3423 0.08195 -0.0167 16.38 3.494
