alpha cl cd cm xtrs xtri npan dcl dcd
-6.00 -0.3708 0.10568 -0.0209 1.0000 0.0745 1 0.0000 0.00000
-5.75 -0.3556 0.10614 -0.0278 1.0000 0.0752 1 0.0000 0.00000
-5.50 -0.3586 0.10006 -0.0225 1.0000 0.0766 1 0.0000 0.00000
-5.25 -0.3556 0.09633 -0.0205 1.0000 0.0793 1 0.0000 0.00000
-5.00 -0.3477 0.09368 -0.0212 1.0000 0.0825 1 0.0000 0.00000
-4.75 -0.3330 0.09163 -0.0249 1.0000 0.0866 1 0.0000 0.00000
-4.50 -0.3005 0.09054 -0.0352 1.0000 0.0891 1 0.0000 0.00000
-4.25 -0.3045 0.08582 -0.0301 1.0000 0.0914 1 0.0000 0.00000
-4.00 -0.2927 0.08278 -0.0309 1.0000 0.0960 1 0.0000 0.00000
-3.75 -0.2449 0.08128 -0.0443 1.0000 0.1026 1 0.0000 0.00000
-3.50 -0.2479 0.07695 -0.0394 1.0000 0.1059 1 0.0000 0.00000
-3.25 -0.2037 0.07474 -0.0501 1.0000 0.1164 1 0.0000 0.00000
-3.00 -0.2006 0.07100 -0.0469 1.0000 0.1227 1 0.0000 0.00000
-2.75 -0.1686 0.06801 -0.0528 1.0000 0.1332 1 0.0000 0.00000
-2.50 -0.1344 0.06508 -0.0588 1.0000 0.1457 1 0.0000 0.00000
-2.25 -0.1025 0.06215 -0.0637 1.0000 0.1595 1 0.0000 0.00000
-2.00 -0.0726 0.05929 -0.0676 1.0000 0.1754 1 0.0000 0.00000
-1.75 -0.0311 0.05667 -0.0746 1.0000 0.1991 1 0.0000 0.00000
-1.50 0.0021 0.05408 -0.0789 1.0000 0.2262 1 0.0000 0.00000
-1.25 0.0378 0.05190 -0.0836 1.0000 0.2656 1 0.0000 0.00000
-1.00 0.0622 0.04934 -0.0849 1.0000 0.3072 1 0.0000 0.00000
0.00 0.1020 0.03883 -0.0716 1.0000 0.6114 1 0.0000 0.00000
0.25 0.1193 0.03627 -0.0697 1.0000 0.6793 1 0.0000 0.00000
0.50 0.1519 0.03407 -0.0718 1.0000 0.7238 1 0.0000 0.00000
0.75 0.4225 0.03687 -0.1323 1.0000 0.1881 2 0.0116 0.00026
1.00 0.4595 0.03596 -0.1343 1.0000 0.1537 3 0.0237 0.00055
1.25 0.4970 0.03518 -0.1364 1.0000 0.1444 3 0.0241 0.00056
1.50 0.5307 0.03479 -0.1376 1.0000 0.1448 3 0.0244 0.00040
1.75 0.5592 0.03459 -0.1381 1.0000 0.1442 3 0.0239 0.00041
2.00 0.5860 0.03456 -0.1382 1.0000 0.1577 3 0.0246 0.00030
2.25 0.6138 0.03458 -0.1384 1.0000 0.1733 3 0.0260 0.00030
2.50 0.6348 0.03470 -0.1377 1.0000 0.2198 2 0.0184 0.00031
2.75 0.6712 0.03380 -0.1394 1.0000 1.0000 3 0.0238 0.00013
3.00 0.6897 0.03481 -0.1388 1.0000 1.0000 3 0.0237 0.00016
3.25 0.7077 0.03587 -0.1381 1.0000 1.0000 3 0.0237 0.00018
3.50 0.7254 0.03699 -0.1375 1.0000 1.0000 3 0.0238 0.00021
3.75 0.7428 0.03816 -0.1369 1.0000 1.0000 3 0.0240 0.00024
4.25 1.0459 0.03256 -0.1535 0.0926 1.0000 3 0.0029 0.00003
4.50 1.1208 0.03512 -0.1591 0.0943 1.0000 3 0.0019 0.00011
4.75 1.1729 0.03741 -0.1611 0.0983 1.0000 3 0.0036 0.00052
5.00 1.2145 0.04026 -0.1616 0.1019 1.0000 3 0.0016 0.00017
5.25 1.2521 0.04345 -0.1614 0.1107 1.0000 3 0.0041 0.00099
5.50 1.2887 0.04606 -0.1602 0.1257 1.0000 3 0.0030 0.00099
5.75 1.3246 0.04873 -0.1585 0.1480 1.0000 3 0.0052 0.00075
6.00 1.3608 0.05154 -0.1566 0.1838 1.0000 3 0.0043 0.00139
6.25 1.3983 0.05464 -0.1550 0.2388 1.0000 3 0.0053 0.00081
6.50 1.4301 0.05918 -0.1558 0.3125 1.0000 3 0.0055 0.00026
6.75 1.4266 0.06518 -0.1566 0.3650 1.0000 2 0.0030 0.00024
7.00 1.4025 0.07222 -0.1575 0.3966 1.0000 3 0.0042 0.00072
7.25 1.3691 0.07946 -0.1577 0.4135 1.0000 3 0.0017 0.00083
7.50 1.3301 0.08574 -0.1560 0.4143 1.0000 3 0.0036 0.00021
7.75 1.2900 0.09245 -0.1555 0.4144 1.0000 3 0.0039 0.00061
8.00 1.2485 0.10046 -0.1577 0.4160 1.0000 3 0.0032 0.00149
8.25 1.2058 0.11000 -0.1632 0.4415 1.0000 3 0.0049 0.00231
8.50 1.0896 0.12134 -0.1505 0.4192 1.0000 1 0.0000 0.00000
9.50 1.1151 0.14299 -0.1787 0.5375 1.0000 1 0.0000 0.00000
9.75 1.1333 0.14842 -0.1790 0.5212 1.0000 1 0.0000 0.00000
10.00 1.1345 0.15158 -0.1777 0.4943 1.0000 1 0.0000 0.00000
10.25 1.1553 0.15631 -0.1766 0.4656 1.0000 1 0.0000 0.00000
10.50 1.1708 0.16021 -0.1747 0.4328 1.0000 1 0.0000 0.00000
10.75 1.1837 0.16382 -0.1727 0.3998 1.0000 1 0.0000 0.00000
11.00 1.1974 0.16748 -0.1704 0.3670 1.0000 1 0.0000 0.00000
11.25 1.1945 0.17032 -0.1699 0.3410 1.0000 1 0.0000 0.00000
11.50 1.2119 0.17444 -0.1675 0.3116 1.0000 1 0.0000 0.00000
12.00 1.2193 0.18145 -0.1667 0.2662 1.0000 1 0.0000 0.00000
12.25 1.2265 0.18525 -0.1661 0.2449 1.0000 1 0.0000 0.00000
12.50 1.2367 0.18932 -0.1651 0.2242 1.0000 1 0.0000 0.00000
12.75 1.2333 0.19265 -0.1671 0.2110 1.0000 1 0.0000 0.00000
13.00 1.2375 0.19635 -0.1679 0.1962 1.0000 1 0.0000 0.00000
13.25 1.2544 0.20165 -0.1661 0.1813 1.0000 1 0.0000 0.00000
13.50 1.2601 0.20592 -0.1670 0.1706 1.0000 1 0.0000 0.00000
13.75 1.2494 0.20808 -0.1722 0.1649 1.0000 1 0.0000 0.00000
14.00 1.2550 0.21224 -0.1736 0.1568 1.0000 1 0.0000 0.00000
14.25 1.2653 0.21703 -0.1738 0.1481 1.0000 1 0.0000 0.00000
14.50 1.2674 0.22016 -0.1763 0.1402 1.0000 1 0.0000 0.00000
14.75 1.2699 0.22390 -0.1790 0.1356 1.0000 1 0.0000 0.00000
15.00 1.2856 0.22999 -0.1779 0.1272 1.0000 1 0.0000 0.00000
15.25 1.2795 0.23126 -0.1833 0.1242 1.0000 1 0.0000 0.00000
15.50 1.2973 0.23822 -0.1817 0.1165 1.0000 1 0.0000 0.00000
15.75 1.2918 0.23897 -0.1871 0.1145 1.0000 1 0.0000 0.00000
16.00 1.2967 0.24206 -0.1894 0.1090 1.0000 1 0.0000 0.00000
