alpha cl cd cm xtrs xtri npan dcl dcd
-6.00 -0.3840 0.10594 -0.0173 1.0000 0.0843 1 0.0000 0.00000
-5.75 -0.3800 0.10305 -0.0165 1.0000 0.0869 1 0.0000 0.00000
-5.50 -0.3742 0.10080 -0.0172 1.0000 0.0900 1 0.0000 0.00000
-5.25 -0.3611 0.09984 -0.0221 1.0000 0.0931 1 0.0000 0.00000
-5.00 -0.3526 0.09676 -0.0232 1.0000 0.0947 1 0.0000 0.00000
-4.75 -0.3489 0.09320 -0.0211 1.0000 0.0979 1 0.0000 0.00000
-4.50 -0.3359 0.09080 -0.0234 1.0000 0.1024 1 0.0000 0.00000
-4.25 -0.3101 0.08891 -0.0309 1.0000 0.1057 1 0.0000 0.00000
-4.00 -0.3071 0.08514 -0.0280 1.0000 0.1088 1 0.0000 0.00000
-3.75 -0.2817 0.08294 -0.0337 1.0000 0.1155 1 0.0000 0.00000
-3.50 -0.2656 0.07964 -0.0356 1.0000 0.1187 1 0.0000 0.00000
-3.25 -0.2409 0.07711 -0.0399 1.0000 0.1266 1 0.0000 0.00000
-3.00 -0.2226 0.07388 -0.0418 1.0000 0.1313 1 0.0000 0.00000
-2.75 -0.1899 0.07125 -0.0481 1.0000 0.1409 1 0.0000 0.00000
-2.50 -0.1614 0.06854 -0.0524 1.0000 0.1521 1 0.0000 0.00000
-2.25 -0.1362 0.06574 -0.0555 1.0000 0.1641 1 0.0000 0.00000
-2.00 -0.1113 0.06301 -0.0582 1.0000 0.1770 1 0.0000 0.00000
-1.75 -0.0708 0.06089 -0.0652 1.0000 0.1973 1 0.0000 0.00000
-1.50 -0.0517 0.05805 -0.0657 1.0000 0.2120 1 0.0000 0.00000
-1.00 0.0098 0.05371 -0.0728 1.0000 0.2674 1 0.0000 0.00000
-0.75 0.0312 0.05145 -0.0735 1.0000 0.3037 1 0.0000 0.00000
0.00 0.0695 0.04451 -0.0669 1.0000 0.5026 1 0.0000 0.00000
0.25 0.0767 0.04230 -0.0632 1.0000 0.5640 2 0.0037 0.00070
0.50 0.0956 0.03955 -0.0613 1.0000 0.6413 3 0.0102 0.00130
0.75 0.1200 0.03741 -0.0614 1.0000 0.6902 3 0.0200 0.00107
1.00 0.1381 0.03626 -0.0612 1.0000 0.7160 1 0.0000 0.00000
1.25 0.3631 0.04065 -0.1118 1.0000 0.2749 1 0.0000 0.00000
1.50 0.3987 0.03989 -0.1137 1.0000 0.2044 3 0.0246 0.00050
1.75 0.4339 0.03932 -0.1155 1.0000 0.1794 3 0.0265 0.00032
2.00 0.4672 0.03896 -0.1169 1.0000 0.1704 3 0.0289 0.00026
2.25 0.4992 0.03888 -0.1179 1.0000 0.1658 3 0.0274 0.00022
2.50 0.5265 0.03897 -0.1184 1.0000 0.1679 3 0.0267 0.00009
2.75 0.5529 0.03924 -0.1186 1.0000 0.1734 3 0.0264 0.00013
3.00 0.5788 0.03954 -0.1187 1.0000 0.1833 3 0.0274 0.00010
3.25 0.6047 0.03996 -0.1190 1.0000 0.2061 3 0.0281 0.00007
3.50 0.6328 0.04039 -0.1197 1.0000 0.2503 3 0.0320 0.00020
3.75 0.6639 0.03986 -0.1207 1.0000 1.0000 2 0.0100 0.00011
4.00 0.6763 0.04100 -0.1190 1.0000 1.0000 3 0.0237 0.00030
4.25 0.6930 0.04225 -0.1184 1.0000 1.0000 3 0.0237 0.00033
4.50 0.9980 0.03173 -0.1377 0.1165 1.0000 1 0.0000 0.00000
4.75 1.0261 0.03329 -0.1367 0.1109 1.0000 2 0.0021 0.00015
5.00 1.1275 0.03606 -0.1473 0.1057 1.0000 3 0.0111 0.00031
5.25 1.1888 0.03929 -0.1511 0.1077 1.0000 3 0.0099 0.00057
5.50 1.2364 0.04268 -0.1536 0.1102 1.0000 3 0.0048 0.00150
5.75 1.2676 0.04474 -0.1520 0.1152 1.0000 3 0.0041 0.00007
6.00 1.2997 0.04772 -0.1507 0.1251 1.0000 3 0.0069 0.00031
6.25 1.3280 0.05053 -0.1489 0.1380 1.0000 3 0.0074 0.00027
6.50 1.3593 0.05425 -0.1473 0.1541 1.0000 3 0.0030 0.00200
6.75 1.3825 0.05723 -0.1442 0.1890 1.0000 3 0.0059 0.00004
7.00 1.4107 0.06115 -0.1425 0.2375 1.0000 1 0.0000 0.00000
7.25 1.4173 0.06648 -0.1408 0.3015 1.0000 3 0.0079 0.00025
7.50 1.4000 0.07247 -0.1399 0.3417 1.0000 3 0.0101 0.00045
7.75 1.3629 0.07849 -0.1371 0.3601 1.0000 3 0.0031 0.00047
8.00 1.3201 0.08440 -0.1348 0.3666 1.0000 3 0.0060 0.00106
8.25 1.2758 0.09024 -0.1323 0.3673 1.0000 3 0.0048 0.00152
8.50 1.2294 0.09803 -0.1331 0.3696 1.0000 3 0.0037 0.00288
8.75 1.1755 0.10904 -0.1399 0.3920 1.0000 3 0.0107 0.00357
9.00 1.0491 0.12094 -0.1299 0.3783 1.0000 1 0.0000 0.00000
