alpha cl cd cm xtrs xtri npan dcl dcd
-5.75 -0.6512 0.07516 0.0282 1.0000 0.3612 2 0.0098 0.00098
-5.50 -0.6431 0.07198 0.0335 1.0000 0.4026 2 0.0093 0.00051
-5.25 -0.2687 0.05208 0.0156 1.0000 1.0000 3 0.0030 0.00045
-5.00 -0.2580 0.04961 0.0148 1.0000 1.0000 3 0.0030 0.00045
-4.75 -0.2472 0.04718 0.0140 1.0000 1.0000 3 0.0030 0.00044
-4.50 -0.3003 0.04892 0.0288 1.0000 0.9562 3 0.0032 0.00033
-4.25 -0.3609 0.04964 0.0422 1.0000 0.8987 3 0.0891 0.01060
-4.00 -0.4149 0.04927 0.0510 1.0000 0.8332 3 0.0813 0.01065
-3.75 -0.4283 0.04265 0.0526 1.0000 0.7707 2 0.0751 0.01107
-3.50 -0.4803 0.04090 0.0591 1.0000 0.7319 2 0.0735 0.01187
-3.25 -0.4950 0.04011 0.0148 1.0000 0.2893 2 0.0122 0.00017
-3.00 -0.4514 0.03607 0.0122 1.0000 0.1968 3 0.0043 0.00058
-2.75 -0.4228 0.03334 0.0131 1.0000 0.1725 3 0.0057 0.00037
-2.50 -0.3962 0.03111 0.0144 1.0000 0.1604 3 0.0052 0.00039
-2.25 -0.3692 0.02949 0.0160 1.0000 0.1513 3 0.0048 0.00067
-2.00 -0.3429 0.02744 0.0170 1.0000 0.1492 3 0.0053 0.00033
-1.75 -0.3149 0.02574 0.0179 1.0000 0.1474 3 0.0062 0.00037
-1.50 -0.2861 0.02434 0.0186 1.0000 0.1486 3 0.0069 0.00039
-1.25 -0.2558 0.02307 0.0192 1.0000 0.1512 3 0.0067 0.00026
-1.00 -0.2144 0.02162 0.0173 1.0000 0.1585 3 0.0073 0.00016
-0.75 -0.1780 0.02049 0.0165 1.0000 0.1697 3 0.0061 0.00021
-0.50 -0.0498 0.01586 -0.0034 1.0000 1.0000 2 0.0001 0.00004
-0.25 -0.0238 0.01590 -0.0014 1.0000 1.0000 3 0.0000 0.00011
0.00 0.0000 0.01590 0.0000 1.0000 1.0000 3 0.0000 0.00011
0.25 0.0238 0.01590 0.0014 1.0000 1.0000 3 0.0000 0.00011
0.50 0.0498 0.01586 0.0034 1.0000 1.0000 2 0.0001 0.00004
0.75 0.1780 0.02049 -0.0165 0.1697 1.0000 3 0.0061 0.00021
1.00 0.2144 0.02161 -0.0173 0.1585 1.0000 3 0.0073 0.00016
1.25 0.2557 0.02307 -0.0192 0.1512 1.0000 3 0.0067 0.00026
1.50 0.2861 0.02434 -0.0186 0.1486 1.0000 3 0.0069 0.00040
1.75 0.3149 0.02574 -0.0179 0.1474 1.0000 3 0.0062 0.00037
2.00 0.3429 0.02744 -0.0170 0.1492 1.0000 3 0.0052 0.00033
2.25 0.3692 0.02949 -0.0160 0.1513 1.0000 3 0.0047 0.00067
2.50 0.3962 0.03110 -0.0144 0.1604 1.0000 3 0.0052 0.00039
2.75 0.4228 0.03334 -0.0131 0.1725 1.0000 3 0.0057 0.00038
3.00 0.4514 0.03607 -0.0122 0.1967 1.0000 3 0.0043 0.00057
3.25 0.4908 0.04003 -0.0136 0.2807 1.0000 3 0.0122 0.00069
3.50 0.5129 0.04678 -0.0639 0.7447 1.0000 1 0.0000 0.00000
3.75 0.4658 0.04822 -0.0578 0.7812 1.0000 3 0.0066 0.00006
4.00 0.4140 0.04926 -0.0510 0.8373 1.0000 3 0.0041 0.00037
4.25 0.3610 0.04979 -0.0422 0.8972 1.0000 3 0.0037 0.00024
4.50 0.3019 0.04887 -0.0290 0.9566 1.0000 2 0.0027 0.00006
4.75 0.2476 0.04716 -0.0140 1.0000 1.0000 3 0.0030 0.00044
5.00 0.2584 0.04958 -0.0149 1.0000 1.0000 3 0.0029 0.00044
5.25 0.2691 0.05206 -0.0157 1.0000 1.0000 3 0.0029 0.00044
5.50 0.6431 0.07197 -0.0335 0.4025 1.0000 2 0.0091 0.00051
5.75 0.6512 0.07515 -0.0282 0.3612 1.0000 2 0.0098 0.00098
6.00 0.6614 0.07839 -0.0240 0.3303 1.0000 1 0.0000 0.00000
6.25 0.6554 0.08071 -0.0234 0.3046 1.0000 3 0.0129 0.00089
6.50 0.6585 0.08380 -0.0219 0.2843 1.0000 2 0.0001 0.00004
6.75 0.6650 0.08728 -0.0188 0.2676 1.0000 3 0.1004 0.00739
7.25 0.6658 0.09379 -0.0172 0.2385 1.0000 3 0.1049 0.00666
7.50 0.6699 0.09733 -0.0175 0.2267 1.0000 3 0.0931 0.00546
7.75 0.6752 0.10074 -0.0166 0.2155 1.0000 3 0.1133 0.00706
8.00 0.6574 0.10272 -0.0163 0.2085 1.0000 3 0.1124 0.00621
8.25 0.6587 0.10589 -0.0176 0.2002 1.0000 3 0.0751 0.00306
8.50 0.6610 0.10933 -0.0159 0.1922 1.0000 3 0.1119 0.00608
8.75 0.6571 0.11228 -0.0171 0.1845 1.0000 3 0.0853 0.00297
9.25 0.6593 0.11869 -0.0188 0.1715 1.0000 3 0.0759 0.00122
9.75 0.6629 0.12531 -0.0199 0.1605 1.0000 3 0.1013 0.00374
10.25 0.6732 0.13243 -0.0201 0.1507 1.0000 3 0.1065 0.00418
10.50 0.6693 0.13504 -0.0218 0.1453 1.0000 3 0.1017 0.00308
10.75 0.6835 0.13982 -0.0188 0.1411 1.0000 3 0.1083 0.00449
11.00 0.6777 0.14162 -0.0220 0.1376 1.0000 3 0.1096 0.00418
11.25 0.6779 0.14494 -0.0214 0.1336 1.0000 3 0.1284 0.00666
11.50 0.6857 0.14873 -0.0238 0.1296 1.0000 3 0.1086 0.00345
11.75 0.6880 0.15136 -0.0234 0.1256 1.0000 3 0.1039 0.00281
12.00 0.6897 0.15508 -0.0240 0.1231 1.0000 3 0.1282 0.00612
12.25 0.6922 0.15785 -0.0268 0.1193 1.0000 3 0.1269 0.00549
12.50 0.6999 0.16086 -0.0242 0.1160 1.0000 3 0.1444 0.01087
12.75 0.7069 0.16441 -0.0272 0.1127 1.0000 3 0.1259 0.00682
13.00 0.7060 0.16798 -0.0284 0.1106 1.0000 3 0.1200 0.00305
13.25 0.7088 0.17057 -0.0309 0.1082 1.0000 3 0.1285 0.00439
13.50 0.7156 0.17335 -0.0314 0.1050 1.0000 3 0.1387 0.00737
13.75 0.7263 0.17693 -0.0293 0.1016 1.0000 3 0.1609 0.01546
14.00 0.7337 0.18312 -0.0321 0.1002 1.0000 3 0.1590 0.01313
14.25 0.7314 0.18406 -0.0345 0.0988 1.0000 3 0.1202 0.00056
14.50 0.7342 0.18557 -0.0362 0.0962 1.0000 3 0.1344 0.00381
14.75 0.7398 0.18859 -0.0373 0.0933 1.0000 3 0.1515 0.00880
15.00 0.7486 0.19316 -0.0377 0.0904 1.0000 3 0.1687 0.01377
15.25 0.7667 0.19840 -0.0366 0.0887 1.0000 3 0.1797 0.02168
15.50 0.7638 0.19879 -0.0393 0.0878 1.0000 3 0.1769 0.01909
15.75 0.7643 0.20051 -0.0417 0.0861 1.0000 3 0.1772 0.01725
16.00 0.7689 0.20320 -0.0434 0.0838 1.0000 3 0.1773 0.01622
