alpha cl cd cm fuente
-180.0 -0.1874 0.0359 -0.0937 3
-179.5 -0.1762 0.0352 -0.0877 3
-179.0 -0.1635 0.0344 -0.0810 3
-178.5 -0.1495 0.0335 -0.0736 3
-178.0 -0.1341 0.0326 -0.0657 3
-177.5 -0.1176 0.0316 -0.0572 3
-177.0 -0.1001 0.0306 -0.0484 3
-176.5 -0.0818 0.0296 -0.0391 3
-176.0 -0.0629 0.0287 -0.0297 3
-175.5 -0.0436 0.0279 -0.0201 3
-175.0 -0.0241 0.0272 -0.0105 3
-174.5 -0.0046 0.0266 -0.0010 3
-174.0 0.0147 0.0263 0.0084 3
-173.5 0.0335 0.0263 0.0175 3
-173.0 0.0516 0.0265 0.0262 3
-172.5 0.0689 0.0271 0.0344 3
-172.0 0.0852 0.0281 0.0422 3
-171.5 0.1003 0.0294 0.0493 3
-171.0 0.1140 0.0311 0.0558 3
-170.5 0.1263 0.0333 0.0616 3
-170.0 0.1371 0.0360 0.0667 3
-169.5 0.1462 0.0391 0.0711 3
-169.0 0.1537 0.0427 0.0747 3
-168.5 0.1603 0.0466 0.0779 3
-168.0 0.1669 0.0507 0.0811 3
-167.5 0.1734 0.0549 0.0843 3
-167.0 0.1799 0.0593 0.0875 3
-166.5 0.1863 0.0639 0.0907 3
-166.0 0.1926 0.0686 0.0938 3
-165.5 0.1989 0.0735 0.0970 3
-165.0 0.2052 0.0785 0.1001 3
-164.5 0.2113 0.0837 0.1033 3
-164.0 0.2174 0.0891 0.1064 3
-163.5 0.2235 0.0946 0.1095 3
-163.0 0.2295 0.1002 0.1126 3
-162.5 0.2354 0.1060 0.1157 3
-162.0 0.2412 0.1120 0.1188 3
-161.5 0.2469 0.1180 0.1219 3
-161.0 0.2526 0.1243 0.1249 3
-160.5 0.2582 0.1306 0.1280 3
-160.0 0.2638 0.1371 0.1310 3
-159.5 0.2692 0.1438 0.1340 3
-159.0 0.2746 0.1506 0.1370 3
-158.5 0.2799 0.1575 0.1401 3
-158.0 0.2850 0.1645 0.1430 3
-157.5 0.2902 0.1717 0.1460 3
-157.0 0.2952 0.1790 0.1490 3
-156.5 0.3001 0.1864 0.1520 3
-156.0 0.3049 0.1940 0.1549 3
-155.5 0.3097 0.2016 0.1578 3
-155.0 0.3143 0.2094 0.1608 3
-154.5 0.3189 0.2173 0.1637 3
-154.0 0.3234 0.2253 0.1666 3
-153.5 0.3277 0.2334 0.1695 3
-153.0 0.3320 0.2416 0.1723 3
-152.5 0.3361 0.2500 0.1752 3
-152.0 0.3402 0.2584 0.1780 3
-151.5 0.3441 0.2669 0.1809 3
-151.0 0.3480 0.2756 0.1837 3
-150.5 0.3517 0.2843 0.1865 3
-150.0 0.3554 0.2931 0.1893 3
-149.5 0.3589 0.3020 0.1921 3
-149.0 0.3623 0.3110 0.1948 3
-148.5 0.3656 0.3201 0.1976 3
-148.0 0.3688 0.3292 0.2003 3
-147.5 0.3719 0.3385 0.2030 3
-147.0 0.3749 0.3478 0.2057 3
-146.5 0.3777 0.3572 0.2084 3
-146.0 0.3805 0.3666 0.2111 3
-145.5 0.3831 0.3761 0.2137 3
-145.0 0.3856 0.3857 0.2163 3
-144.5 0.3880 0.3954 0.2189 3
-144.0 0.3903 0.4051 0.2215 3
-143.5 0.3924 0.4148 0.2241 3
-143.0 0.3944 0.4246 0.2266 3
-142.5 0.3964 0.4345 0.2292 3
-142.0 0.3982 0.4444 0.2317 3
-141.5 0.3998 0.4543 0.2342 3
-141.0 0.4014 0.4643 0.2366 3
-140.5 0.4028 0.4743 0.2391 3
-140.0 0.4041 0.4844 0.2415 3
-139.5 0.4053 0.4945 0.2439 3
-139.0 0.4063 0.5046 0.2462 3
-138.5 0.4073 0.5148 0.2486 3
-138.0 0.4081 0.5249 0.2509 3
-137.5 0.4088 0.5351 0.2532 3
-137.0 0.4093 0.5453 0.2555 3
-136.5 0.4098 0.5555 0.2577 3
-136.0 0.4101 0.5657 0.2599 3
-135.5 0.4103 0.5760 0.2621 3
-135.0 0.4103 0.5862 0.2642 3
-134.5 0.4103 0.5964 0.2664 3
-134.0 0.4101 0.6067 0.2685 3
-133.5 0.4098 0.6169 0.2705 3
-133.0 0.4093 0.6271 0.2726 3
-132.5 0.4088 0.6373 0.2746 3
-132.0 0.4081 0.6475 0.2766 3
-131.5 0.4073 0.6576 0.2785 3
-131.0 0.4063 0.6678 0.2804 3
-130.5 0.4053 0.6779 0.2823 3
-130.0 0.4041 0.6880 0.2841 3
-129.5 0.4028 0.6981 0.2859 3
-129.0 0.4014 0.7081 0.2877 3
-128.5 0.3998 0.7181 0.2894 3
-128.0 0.3982 0.7280 0.2911 3
-127.5 0.3964 0.7379 0.2928 3
-127.0 0.3944 0.7478 0.2944 3
-126.5 0.3924 0.7576 0.2960 3
-126.0 0.3903 0.7673 0.2976 3
-125.5 0.3880 0.7770 0.2991 3
-125.0 0.3856 0.7867 0.3006 3
-124.5 0.3831 0.7963 0.3020 3
-124.0 0.3805 0.8058 0.3034 3
-123.5 0.3777 0.8152 0.3047 3
-123.0 0.3749 0.8246 0.3061 3
-122.5 0.3719 0.8339 0.3073 3
-122.0 0.3688 0.8432 0.3086 3
-121.5 0.3656 0.8523 0.3097 3
-121.0 0.3623 0.8614 0.3109 3
-120.5 0.3589 0.8704 0.3120 3
-120.0 0.3554 0.8793 0.3131 3
-119.5 0.3517 0.8881 0.3141 3
-119.0 0.3480 0.8968 0.3151 3
-118.5 0.3441 0.9055 0.3160 3
-118.0 0.3402 0.9140 0.3169 3
-117.5 0.3361 0.9224 0.3177 3
-117.0 0.3320 0.9308 0.3185 3
-116.5 0.3277 0.9390 0.3193 3
-116.0 0.3234 0.9471 0.3200 3
-115.5 0.3189 0.9551 0.3206 3
-115.0 0.3143 0.9630 0.3212 3
-114.5 0.3097 0.9708 0.3218 3
-114.0 0.3049 0.9784 0.3223 3
-113.5 0.3001 0.9860 0.3228 3
-113.0 0.2952 0.9934 0.3232 3
-112.5 0.2902 1.0007 0.3236 3
-112.0 0.2850 1.0079 0.3239 3
-111.5 0.2799 1.0149 0.3242 3
-111.0 0.2746 1.0218 0.3245 3
-110.5 0.2692 1.0286 0.3247 3
-110.0 0.2638 1.0353 0.3248 3
-109.5 0.2582 1.0418 0.3249 3
-109.0 0.2526 1.0481 0.3250 3
-108.5 0.2469 1.0544 0.3250 3
-108.0 0.2412 1.0604 0.3249 3
-107.5 0.2354 1.0664 0.3248 3
-107.0 0.2295 1.0722 0.3247 3
-106.5 0.2235 1.0778 0.3245 3
-106.0 0.2174 1.0833 0.3243 3
-105.5 0.2113 1.0887 0.3240 3
-105.0 0.2052 1.0939 0.3237 3
-104.5 0.1989 1.0989 0.3233 3
-104.0 0.1926 1.1038 0.3229 3
-103.5 0.1863 1.1085 0.3224 3
-103.0 0.1799 1.1131 0.3219 3
-102.5 0.1734 1.1175 0.3213 3
-102.0 0.1669 1.1217 0.3207 3
-101.5 0.1603 1.1258 0.3201 3
-101.0 0.1537 1.1297 0.3194 3
-100.5 0.1471 1.1335 0.3186 3
-100.0 0.1403 1.1370 0.3178 3
-99.5 0.1336 1.1405 0.3170 3
-99.0 0.1268 1.1437 0.3161 3
-98.5 0.1200 1.1468 0.3152 3
-98.0 0.1131 1.1497 0.3142 3
-97.5 0.1062 1.1524 0.3132 3
-97.0 0.0993 1.1550 0.3121 3
-96.5 0.0923 1.1574 0.3110 3
-96.0 0.0853 1.1596 0.3099 3
-95.5 0.0783 1.1616 0.3087 3
-95.0 0.0713 1.1635 0.3075 3
-94.5 0.0642 1.1652 0.3062 3
-94.0 0.0571 1.1667 0.3049 3
-93.5 0.0500 1.1680 0.3036 3
-93.0 0.0429 1.1692 0.3022 3
-92.5 0.0358 1.1702 0.3008 3
-92.0 0.0286 1.1710 0.2993 3
-91.5 0.0215 1.1716 0.2978 3
-91.0 0.0143 1.1720 0.2963 3
-90.5 0.0072 1.1723 0.2947 3
-90.0 0.0000 1.1724 0.2931 3
-89.5 -0.0102 1.1723 0.2937 2
-89.0 -0.0205 1.1720 0.2943 2
-88.5 -0.0307 1.1716 0.2948 2
-88.0 -0.0409 1.1710 0.2954 2
-87.5 -0.0511 1.1702 0.2959 2
-87.0 -0.0613 1.1692 0.2964 2
-86.5 -0.0714 1.1680 0.2968 2
-86.0 -0.0816 1.1667 0.2973 2
-85.5 -0.0917 1.1652 0.2977 2
-85.0 -0.1018 1.1635 0.2981 2
-84.5 -0.1119 1.1616 0.2985 2
-84.0 -0.1219 1.1596 0.2988 2
-83.5 -0.1319 1.1574 0.2991 2
-83.0 -0.1418 1.1550 0.2994 2
-82.5 -0.1517 1.1524 0.2997 2
-82.0 -0.1616 1.1497 0.3000 2
-81.5 -0.1714 1.1468 0.3002 2
-81.0 -0.1811 1.1437 0.3004 2
-80.5 -0.1908 1.1405 0.3006 2
-80.0 -0.2005 1.1370 0.3007 2
-79.5 -0.2101 1.1335 0.3009 2
-79.0 -0.2196 1.1297 0.3010 2
-78.5 -0.2290 1.1258 0.3010 2
-78.0 -0.2384 1.1217 0.3011 2
-77.5 -0.2477 1.1175 0.3011 2
-77.0 -0.2570 1.1131 0.3011 2
-76.5 -0.2661 1.1085 0.3011 2
-76.0 -0.2752 1.1038 0.3011 2
-75.5 -0.2842 1.0989 0.3010 2
-75.0 -0.2931 1.0939 0.3009 2
-74.5 -0.3019 1.0887 0.3008 2
-74.0 -0.3106 1.0833 0.3006 2
-73.5 -0.3193 1.0778 0.3004 2
-73.0 -0.3278 1.0722 0.3002 2
-72.5 -0.3362 1.0664 0.3000 2
-72.0 -0.3446 1.0604 0.2998 2
-71.5 -0.3528 1.0544 0.2995 2
-71.0 -0.3609 1.0481 0.2992 2
-70.5 -0.3689 1.0418 0.2988 2
-70.0 -0.3768 1.0353 0.2985 2
-69.5 -0.3846 1.0286 0.2981 2
-69.0 -0.3922 1.0218 0.2977 2
-68.5 -0.3998 1.0149 0.2973 2
-68.0 -0.4072 1.0079 0.2968 2
-67.5 -0.4145 1.0007 0.2963 2
-67.0 -0.4217 0.9934 0.2958 2
-66.5 -0.4287 0.9860 0.2952 2
-66.0 -0.4356 0.9784 0.2947 2
-65.5 -0.4424 0.9708 0.2941 2
-65.0 -0.4491 0.9630 0.2934 2
-64.5 -0.4556 0.9551 0.2928 2
-64.0 -0.4619 0.9471 0.2921 2
-63.5 -0.4682 0.9390 0.2914 2
-63.0 -0.4742 0.9308 0.2907 2
-62.5 -0.4802 0.9224 0.2899 2
-62.0 -0.4860 0.9140 0.2891 2
-61.5 -0.4916 0.9055 0.2883 2
-61.0 -0.4971 0.8968 0.2875 2
-60.5 -0.5025 0.8881 0.2866 2
-60.0 -0.5077 0.8793 0.2857 2
-59.5 -0.5127 0.8704 0.2848 2
-59.0 -0.5176 0.8614 0.2838 2
-58.5 -0.5223 0.8523 0.2829 2
-58.0 -0.5269 0.8432 0.2819 2
-57.5 -0.5313 0.8339 0.2808 2
-57.0 -0.5355 0.8246 0.2798 2
-56.5 -0.5396 0.8152 0.2787 2
-56.0 -0.5435 0.8058 0.2776 2
-55.5 -0.5473 0.7963 0.2764 2
-55.0 -0.5508 0.7867 0.2753 2
-54.5 -0.5543 0.7770 0.2741 2
-54.0 -0.5575 0.7673 0.2729 2
-53.5 -0.5606 0.7576 0.2716 2
-53.0 -0.5635 0.7478 0.2703 2
-52.5 -0.5662 0.7379 0.2690 2
-52.0 -0.5688 0.7280 0.2677 2
-51.5 -0.5712 0.7181 0.2664 2
-51.0 -0.5734 0.7081 0.2650 2
-50.5 -0.5754 0.6981 0.2636 2
-50.0 -0.5773 0.6880 0.2621 2
-49.5 -0.5790 0.6779 0.2607 2
-49.0 -0.5805 0.6678 0.2592 2
-48.5 -0.5818 0.6576 0.2577 2
-48.0 -0.5830 0.6475 0.2561 2
-47.5 -0.5840 0.6373 0.2546 2
-47.0 -0.5848 0.6271 0.2530 2
-46.5 -0.5854 0.6169 0.2513 2
-46.0 -0.5858 0.6067 0.2497 2
-45.5 -0.5861 0.5964 0.2480 2
-45.0 -0.5862 0.5862 0.2463 2
-44.5 -0.5861 0.5760 0.2446 2
-44.0 -0.5858 0.5657 0.2428 2
-43.5 -0.5854 0.5555 0.2410 2
-43.0 -0.5848 0.5453 0.2392 2
-42.5 -0.5840 0.5351 0.2374 2
-42.0 -0.5830 0.5249 0.2355 2
-41.5 -0.5818 0.5148 0.2337 2
-41.0 -0.5805 0.5046 0.2317 2
-40.5 -0.5790 0.4945 0.2298 2
-40.0 -0.5773 0.4844 0.2278 2
-39.5 -0.5754 0.4743 0.2259 2
-39.0 -0.5734 0.4643 0.2238 2
-38.5 -0.5712 0.4543 0.2218 2
-38.0 -0.5688 0.4444 0.2197 2
-37.5 -0.5662 0.4345 0.2177 2
-37.0 -0.5635 0.4246 0.2155 2
-36.5 -0.5606 0.4148 0.2134 2
-36.0 -0.5575 0.4051 0.2112 2
-35.5 -0.5543 0.3954 0.2090 2
-35.0 -0.5508 0.3857 0.2068 2
-34.5 -0.5473 0.3761 0.2046 2
-34.0 -0.5435 0.3666 0.2023 2
-33.5 -0.5396 0.3572 0.2000 2
-33.0 -0.5355 0.3478 0.1977 2
-32.5 -0.5313 0.3385 0.1954 2
-32.0 -0.5269 0.3292 0.1930 2
-31.5 -0.5223 0.3201 0.1907 2
-31.0 -0.5176 0.3110 0.1883 2
-30.5 -0.5127 0.3020 0.1858 2
-30.0 -0.5077 0.2931 0.1834 2
-29.5 -0.5025 0.2843 0.1809 2
-29.0 -0.4971 0.2756 0.1784 2
-28.5 -0.4916 0.2669 0.1759 2
-28.0 -0.4860 0.2584 0.1733 2
-27.5 -0.4802 0.2500 0.1708 2
-27.0 -0.4742 0.2416 0.1682 2
-26.5 -0.4682 0.2334 0.1656 2
-26.0 -0.4619 0.2253 0.1629 2
-25.5 -0.4556 0.2173 0.1603 2
-25.0 -0.4491 0.2094 0.1576 2
-24.5 -0.4424 0.2016 0.1549 2
-24.0 -0.4356 0.1940 0.1522 2
-23.5 -0.4287 0.1864 0.1494 2
-23.0 -0.4217 0.1790 0.1467 2
-22.5 -0.4145 0.1717 0.1439 2
-22.0 -0.4072 0.1645 0.1411 2
-21.5 -0.3998 0.1575 0.1382 2
-21.0 -0.3922 0.1506 0.1354 2
-20.5 -0.3846 0.1438 0.1325 2
-20.0 -0.3768 0.1371 0.1296 2
-19.5 -0.3689 0.1306 0.1267 2
-19.0 -0.3609 0.1243 0.1238 2
-18.5 -0.3528 0.1180 0.1208 2
-18.0 -0.3446 0.1120 0.1179 2
-17.5 -0.3362 0.1060 0.1149 2
-17.0 -0.3278 0.1002 0.1119 2
-16.5 -0.3193 0.0946 0.1089 2
-16.0 -0.3106 0.0891 0.1058 2
-15.5 -0.3019 0.0837 0.1028 2
-15.0 -0.2931 0.0785 0.0997 2
-14.5 -0.2842 0.0735 0.0966 2
-14.0 -0.2752 0.0686 0.0935 2
-13.5 -0.2661 0.0639 0.0903 2
-13.0 -0.2570 0.0593 0.0872 2
-12.5 -0.2477 0.0549 0.0840 2
-12.0 -0.2384 0.0507 0.0808 2
-11.5 -0.2290 0.0466 0.0776 2
-11.0 -0.2196 0.0427 0.0744 2
-10.5 -0.2089 0.0391 0.0708 2
-10.0 -0.1959 0.0360 0.0665 2
-9.5 -0.1805 0.0333 0.0613 2
-9.0 -0.1629 0.0311 0.0555 2
-8.5 -0.1432 0.0294 0.0490 2
-8.0 -0.1217 0.0281 0.0418 2
-7.5 -0.0984 0.0271 0.0340 2
-7.0 -0.0737 0.0265 0.0257 2
-6.5 -0.0478 0.0263 0.0170 2
-6.0 -0.0210 0.0263 0.0080 2
-5.5 0.0065 0.0266 -0.0013 2
-5.0 0.0344 0.0272 -0.0108 2
-4.5 0.0622 0.0279 -0.0203 2
-4.0 0.0898 0.0287 -0.0298 2
-3.5 0.1168 0.0296 -0.0391 2
-3.0 0.1430 0.0306 -0.0482 2
-2.5 0.1680 0.0316 -0.0569 2
-2.0 0.1916 0.0326 -0.0651 2
-1.5 0.2135 0.0335 -0.0728 2
-1.0 0.2336 0.0344 -0.0800 2
-0.5 0.2517 0.0352 -0.0864 2
0.0 0.2677 0.0359 -0.0921 2
0.5 0.2814 0.0364 -0.0971 2
1.0 0.2928 0.0369 -0.1013 0
1.5 0.4622 0.0356 -0.1255 0
2.0 0.5151 0.0348 -0.1258 0
2.5 0.5720 0.0351 -0.1268 0
3.0 0.6648 0.0360 -0.1343 0
3.5 0.9990 0.0249 -0.1604 0
4.0 1.0519 0.0282 -0.1583 0
4.5 1.1363 0.0328 -0.1615 0
5.0 1.2161 0.0382 -0.1626 0
5.5 1.3014 0.0426 -0.1597 0
6.0 1.4045 0.0496 -0.1642 0
6.5 1.3194 0.0657 -0.1648 0
7.0 1.2287 0.0790 -0.1597 0
7.5 1.2812 0.0842 -0.1515 0
8.0 1.3538 0.0871 -0.1407 0
8.5 1.2897 0.0990 -0.1377 0
9.0 1.4235 0.1008 -0.1243 0
9.5 1.3480 0.1063 -0.1158 0
10.0 1.2889 0.1167 -0.1150 0
10.5 1.2439 0.1201 -0.1123 1
11.0 1.2037 0.1237 -0.1099 1
11.5 1.1677 0.1275 -0.1078 1
12.0 1.1352 0.1315 -0.1060 1
12.5 1.1059 0.1355 -0.1045 1
13.0 1.0794 0.1398 -0.1031 1
13.5 1.0554 0.1442 -0.1020 1
14.0 1.0336 0.1487 -0.1010 1
14.5 1.0137 0.1534 -0.1002 1
15.0 0.9956 0.1583 -0.0995 1
15.5 0.9791 0.1633 -0.0989 1
16.0 0.9639 0.1685 -0.0985 1
16.5 0.9501 0.1738 -0.0982 1
17.0 0.9374 0.1792 -0.0980 1
17.5 0.9257 0.1848 -0.0978 1
18.0 0.9150 0.1905 -0.0978 1
18.5 0.9051 0.1964 -0.0978 1
19.0 0.8960 0.2024 -0.0979 1
19.5 0.8877 0.2085 -0.0981 1
20.0 0.8799 0.2147 -0.0984 1
20.5 0.8728 0.2211 -0.0987 1
21.0 0.8662 0.2277 -0.0991 1
21.5 0.8601 0.2343 -0.0995 1
22.0 0.8544 0.2411 -0.1000 1
22.5 0.8492 0.2480 -0.1005 1
23.0 0.8443 0.2550 -0.1011 1
23.5 0.8397 0.2621 -0.1017 1
24.0 0.8355 0.2694 -0.1024 1
24.5 0.8315 0.2768 -0.1031 1
25.0 0.8278 0.2842 -0.1039 1
25.5 0.8243 0.2918 -0.1047 1
26.0 0.8211 0.2995 -0.1055 1
26.5 0.8180 0.3073 -0.1063 1
27.0 0.8150 0.3152 -0.1072 1
27.5 0.8122 0.3232 -0.1082 1
28.0 0.8096 0.3313 -0.1091 1
28.5 0.8071 0.3395 -0.1101 1
29.0 0.8046 0.3478 -0.1111 1
29.5 0.8023 0.3562 -0.1122 1
30.0 0.8000 0.3646 -0.1132 1
30.5 0.7978 0.3732 -0.1143 1
31.0 0.7956 0.3818 -0.1154 1
31.5 0.7935 0.3905 -0.1166 1
32.0 0.7914 0.3993 -0.1178 1
32.5 0.7893 0.4081 -0.1189 1
33.0 0.7872 0.4170 -0.1202 1
33.5 0.7851 0.4260 -0.1214 1
34.0 0.7830 0.4351 -0.1226 1
34.5 0.7809 0.4442 -0.1239 1
35.0 0.7788 0.4534 -0.1252 1
35.5 0.7767 0.4626 -0.1265 1
36.0 0.7745 0.4719 -0.1279 1
36.5 0.7723 0.4812 -0.1292 1
37.0 0.7700 0.4906 -0.1306 1
37.5 0.7677 0.5000 -0.1320 1
38.0 0.7653 0.5095 -0.1334 1
38.5 0.7629 0.5190 -0.1348 1
39.0 0.7604 0.5285 -0.1362 1
39.5 0.7578 0.5381 -0.1376 1
40.0 0.7552 0.5477 -0.1391 1
40.5 0.7525 0.5573 -0.1406 1
41.0 0.7497 0.5669 -0.1421 1
41.5 0.7468 0.5766 -0.1436 1
42.0 0.7438 0.5863 -0.1451 1
42.5 0.7408 0.5960 -0.1466 1
43.0 0.7376 0.6057 -0.1481 1
43.5 0.7344 0.6154 -0.1497 1
44.0 0.7310 0.6251 -0.1512 1
44.5 0.7276 0.6349 -0.1528 1
45.0 0.7240 0.6446 -0.1544 1
45.5 0.7203 0.6543 -0.1560 1
46.0 0.7166 0.6640 -0.1576 1
46.5 0.7127 0.6737 -0.1592 1
47.0 0.7087 0.6834 -0.1608 1
47.5 0.7046 0.6931 -0.1624 1
48.0 0.7004 0.7027 -0.1641 1
48.5 0.6961 0.7124 -0.1657 1
49.0 0.6916 0.7220 -0.1673 1
49.5 0.6871 0.7315 -0.1690 1
50.0 0.6824 0.7411 -0.1707 1
50.5 0.6776 0.7506 -0.1723 1
51.0 0.6727 0.7600 -0.1740 1
51.5 0.6677 0.7695 -0.1757 1
52.0 0.6625 0.7789 -0.1774 1
52.5 0.6573 0.7882 -0.1791 1
53.0 0.6519 0.7975 -0.1807 1
53.5 0.6464 0.8067 -0.1824 1
54.0 0.6407 0.8159 -0.1841 1
54.5 0.6350 0.8250 -0.1858 1
55.0 0.6291 0.8341 -0.1876 1
55.5 0.6231 0.8431 -0.1893 1
56.0 0.6170 0.8520 -0.1910 1
56.5 0.6108 0.8608 -0.1927 1
57.0 0.6044 0.8696 -0.1944 1
57.5 0.5980 0.8783 -0.1961 1
58.0 0.5914 0.8869 -0.1978 1
58.5 0.5847 0.8955 -0.1996 1
59.0 0.5779 0.9039 -0.2013 1
59.5 0.5710 0.9123 -0.2030 1
60.0 0.5639 0.9206 -0.2047 1
60.5 0.5568 0.9288 -0.2064 1
61.0 0.5495 0.9369 -0.2082 1
61.5 0.5421 0.9449 -0.2099 1
62.0 0.5346 0.9528 -0.2116 1
62.5 0.5270 0.9606 -0.2133 1
63.0 0.5193 0.9683 -0.2150 1
63.5 0.5115 0.9758 -0.2167 1
64.0 0.5036 0.9833 -0.2184 1
64.5 0.4956 0.9907 -0.2201 1
65.0 0.4875 0.9979 -0.2218 1
65.5 0.4792 1.0050 -0.2235 1
66.0 0.4709 1.0120 -0.2252 1
66.5 0.4625 1.0189 -0.2269 1
67.0 0.4540 1.0257 -0.2285 1
67.5 0.4454 1.0323 -0.2302 1
68.0 0.4367 1.0388 -0.2319 1
68.5 0.4279 1.0452 -0.2335 1
69.0 0.4191 1.0514 -0.2352 1
69.5 0.4101 1.0575 -0.2368 1
70.0 0.4011 1.0635 -0.2384 1
70.5 0.3919 1.0693 -0.2401 1
71.0 0.3827 1.0750 -0.2417 1
71.5 0.3735 1.0806 -0.2433 1
72.0 0.3641 1.0860 -0.2449 1
72.5 0.3547 1.0912 -0.2465 1
73.0 0.3452 1.0963 -0.2481 1
73.5 0.3357 1.1013 -0.2496 1
74.0 0.3260 1.1061 -0.2512 1
74.5 0.3164 1.1107 -0.2527 1
75.0 0.3066 1.1152 -0.2543 1
75.5 0.2968 1.1196 -0.2558 1
76.0 0.2870 1.1238 -0.2573 1
76.5 0.2771 1.1278 -0.2588 1
77.0 0.2671 1.1317 -0.2603 1
77.5 0.2571 1.1354 -0.2618 1
78.0 0.2470 1.1389 -0.2632 1
78.5 0.2370 1.1423 -0.2647 1
79.0 0.2268 1.1455 -0.2661 1
79.5 0.2167 1.1485 -0.2675 1
80.0 0.2065 1.1514 -0.2689 1
80.5 0.1962 1.1541 -0.2703 1
81.0 0.1860 1.1566 -0.2717 1
81.5 0.1757 1.1590 -0.2730 1
82.0 0.1654 1.1612 -0.2744 1
82.5 0.1551 1.1632 -0.2757 1
83.0 0.1447 1.1651 -0.2770 1
83.5 0.1344 1.1667 -0.2783 1
84.0 0.1240 1.1682 -0.2795 1
84.5 0.1137 1.1695 -0.2808 1
85.0 0.1033 1.1707 -0.2820 1
85.5 0.0929 1.1717 -0.2832 1
86.0 0.0825 1.1725 -0.2844 1
86.5 0.0722 1.1731 -0.2856 1
87.0 0.0618 1.1735 -0.2867 1
87.5 0.0515 1.1738 -0.2878 1
88.0 0.0411 1.1739 -0.2889 1
88.5 0.0308 1.1738 -0.2900 1
89.0 0.0205 1.1735 -0.2911 1
89.5 0.0102 1.1730 -0.2921 1
90.0 0.0000 1.1724 -0.2931 1
90.5 -0.0072 1.1730 -0.2949 3
91.0 -0.0144 1.1735 -0.2966 3
91.5 -0.0216 1.1738 -0.2984 3
92.0 -0.0288 1.1739 -0.3001 3
92.5 -0.0360 1.1738 -0.3017 3
93.0 -0.0433 1.1735 -0.3033 3
93.5 -0.0505 1.1731 -0.3049 3
94.0 -0.0578 1.1725 -0.3064 3
94.5 -0.0650 1.1717 -0.3080 3
95.0 -0.0723 1.1707 -0.3094 3
95.5 -0.0796 1.1695 -0.3108 3
96.0 -0.0868 1.1682 -0.3122 3
96.5 -0.0941 1.1667 -0.3136 3
97.0 -0.1013 1.1651 -0.3149 3
97.5 -0.1085 1.1632 -0.3162 3
98.0 -0.1158 1.1612 -0.3174 3
98.5 -0.1230 1.1590 -0.3186 3
99.0 -0.1302 1.1566 -0.3198 3
99.5 -0.1374 1.1541 -0.3209 3
100.0 -0.1445 1.1514 -0.3219 3
100.5 -0.1517 1.1485 -0.3230 3
101.0 -0.1588 1.1455 -0.3240 3
101.5 -0.1659 1.1423 -0.3249 3
102.0 -0.1729 1.1389 -0.3258 3
102.5 -0.1800 1.1354 -0.3267 3
103.0 -0.1870 1.1317 -0.3275 3
103.5 -0.1939 1.1278 -0.3283 3
104.0 -0.2009 1.1238 -0.3290 3
104.5 -0.2078 1.1196 -0.3297 3
105.0 -0.2146 1.1152 -0.3304 3
105.5 -0.2215 1.1107 -0.3310 3
106.0 -0.2282 1.1061 -0.3316 3
106.5 -0.2350 1.1013 -0.3321 3
107.0 -0.2417 1.0963 -0.3326 3
107.5 -0.2483 1.0912 -0.3331 3
108.0 -0.2549 1.0860 -0.3335 3
108.5 -0.2614 1.0806 -0.3338 3
109.0 -0.2679 1.0750 -0.3342 3
109.5 -0.2744 1.0693 -0.3345 3
110.0 -0.2807 1.0635 -0.3347 3
110.5 -0.2871 1.0575 -0.3349 3
111.0 -0.2933 1.0514 -0.3351 3
111.5 -0.2995 1.0452 -0.3352 3
112.0 -0.3057 1.0388 -0.3353 3
112.5 -0.3118 1.0323 -0.3353 3
113.0 -0.3178 1.0257 -0.3353 3
113.5 -0.3238 1.0189 -0.3353 3
114.0 -0.3296 1.0120 -0.3352 3
114.5 -0.3355 1.0050 -0.3351 3
115.0 -0.3412 0.9979 -0.3350 3
115.5 -0.3469 0.9907 -0.3348 3
116.0 -0.3525 0.9833 -0.3346 3
116.5 -0.3581 0.9758 -0.3343 3
117.0 -0.3635 0.9683 -0.3340 3
117.5 -0.3689 0.9606 -0.3337 3
118.0 -0.3742 0.9528 -0.3333 3
118.5 -0.3795 0.9449 -0.3329 3
119.0 -0.3846 0.9369 -0.3325 3
119.5 -0.3897 0.9288 -0.3320 3
120.0 -0.3947 0.9206 -0.3315 3
120.5 -0.3997 0.9123 -0.3310 3
121.0 -0.4045 0.9039 -0.3305 3
121.5 -0.4093 0.8955 -0.3299 3
122.0 -0.4140 0.8869 -0.3292 3
122.5 -0.4186 0.8783 -0.3286 3
123.0 -0.4231 0.8696 -0.3279 3
123.5 -0.4276 0.8608 -0.3272 3
124.0 -0.4319 0.8520 -0.3265 3
124.5 -0.4362 0.8431 -0.3257 3
125.0 -0.4404 0.8341 -0.3249 3
125.5 -0.4445 0.8250 -0.3241 3
126.0 -0.4485 0.8159 -0.3233 3
126.5 -0.4525 0.8067 -0.3224 3
127.0 -0.4563 0.7975 -0.3216 3
127.5 -0.4601 0.7882 -0.3207 3
128.0 -0.4638 0.7789 -0.3197 3
128.5 -0.4674 0.7695 -0.3188 3
129.0 -0.4709 0.7600 -0.3178 3
129.5 -0.4743 0.7506 -0.3169 3
130.0 -0.4777 0.7411 -0.3159 3
130.5 -0.4810 0.7315 -0.3149 3
131.0 -0.4841 0.7220 -0.3139 3
131.5 -0.4873 0.7124 -0.3128 3
132.0 -0.4903 0.7027 -0.3118 3
132.5 -0.4932 0.6931 -0.3107 3
133.0 -0.4961 0.6834 -0.3097 3
133.5 -0.4989 0.6737 -0.3086 3
134.0 -0.5016 0.6640 -0.3075 3
134.5 -0.5042 0.6543 -0.3064 3
135.0 -0.5068 0.6446 -0.3053 3
135.5 -0.5093 0.6349 -0.3042 3
136.0 -0.5117 0.6251 -0.3031 3
136.5 -0.5141 0.6154 -0.3020 3
137.0 -0.5163 0.6057 -0.3009 3
137.5 -0.5185 0.5960 -0.2998 3
138.0 -0.5207 0.5863 -0.2987 3
138.5 -0.5228 0.5766 -0.2976 3
139.0 -0.5248 0.5669 -0.2965 3
139.5 -0.5267 0.5573 -0.2955 3
140.0 -0.5286 0.5477 -0.2944 3
140.5 -0.5305 0.5381 -0.2933 3
141.0 -0.5323 0.5285 -0.2923 3
141.5 -0.5340 0.5190 -0.2913 3
142.0 -0.5357 0.5095 -0.2902 3
142.5 -0.5374 0.5000 -0.2892 3
143.0 -0.5390 0.4906 -0.2883 3
143.5 -0.5406 0.4812 -0.2873 3
144.0 -0.5422 0.4719 -0.2864 3
144.5 -0.5437 0.4626 -0.2855 3
145.0 -0.5452 0.4534 -0.2846 3
145.5 -0.5467 0.4442 -0.2838 3
146.0 -0.5481 0.4351 -0.2830 3
146.5 -0.5496 0.4260 -0.2822 3
147.0 -0.5510 0.4170 -0.2815 3
147.5 -0.5525 0.4081 -0.2808 3
148.0 -0.5539 0.3993 -0.2801 3
148.5 -0.5554 0.3905 -0.2795 3
149.0 -0.5569 0.3818 -0.2790 3
149.5 -0.5584 0.3732 -0.2785 3
150.0 -0.5600 0.3646 -0.2780 3
150.5 -0.5616 0.3562 -0.2777 3
151.0 -0.5632 0.3478 -0.2773 3
151.5 -0.5649 0.3395 -0.2771 3
152.0 -0.5667 0.3313 -0.2769 3
152.5 -0.5686 0.3232 -0.2769 3
153.0 -0.5705 0.3152 -0.2769 3
153.5 -0.5726 0.3073 -0.2770 3
154.0 -0.5747 0.2995 -0.2771 3
154.5 -0.5770 0.2918 -0.2774 3
155.0 -0.5795 0.2842 -0.2778 3
155.5 -0.5821 0.2768 -0.2784 3
156.0 -0.5848 0.2694 -0.2790 3
156.5 -0.5878 0.2621 -0.2798 3
157.0 -0.5910 0.2550 -0.2807 3
157.5 -0.5944 0.2480 -0.2818 3
158.0 -0.5981 0.2411 -0.2830 3
158.5 -0.6021 0.2343 -0.2844 3
159.0 -0.6063 0.2277 -0.2860 3
159.5 -0.6110 0.2211 -0.2879 3
160.0 -0.6160 0.2147 -0.2899 3
160.5 -0.6214 0.2085 -0.2922 3
161.0 -0.6272 0.2024 -0.2947 3
161.5 -0.6336 0.1964 -0.2975 3
162.0 -0.6405 0.1905 -0.3006 3
162.5 -0.6480 0.1848 -0.3040 3
163.0 -0.6562 0.1792 -0.3078 3
163.5 -0.6650 0.1738 -0.3120 3
164.0 -0.6747 0.1685 -0.3166 3
164.5 -0.6853 0.1633 -0.3217 3
165.0 -0.6969 0.1583 -0.3273 3
165.5 -0.7096 0.1534 -0.3335 3
166.0 -0.7235 0.1487 -0.3403 3
166.5 -0.7388 0.1442 -0.3478 3
167.0 -0.7556 0.1398 -0.3561 3
167.5 -0.7742 0.1355 -0.3653 3
168.0 -0.7947 0.1315 -0.3755 3
168.5 -0.8174 0.1275 -0.3868 3
169.0 -0.8426 0.1237 -0.3994 3
169.5 -0.8707 0.1201 -0.4134 3
170.0 -0.9022 0.1167 -0.4291 3
170.5 -0.9436 0.1063 -0.4491 3
171.0 -0.9964 0.1008 -0.4750 3
171.5 -0.9028 0.0990 -0.4323 3
172.0 -0.9477 0.0871 -0.4542 3
172.5 -0.8968 0.0842 -0.4313 3
173.0 -0.8601 0.0790 -0.4149 3
173.5 -0.9236 0.0657 -0.4458 3
174.0 -0.9831 0.0496 -0.4751 3
174.5 -0.9110 0.0426 -0.4415 3
175.0 -0.8513 0.0382 -0.4139 3
175.5 -0.7954 0.0328 -0.3878 3
176.0 -0.7363 0.0282 -0.3601 3
176.5 -0.6993 0.0249 -0.3430 3
177.0 -0.4654 0.0360 -0.2294 3
177.5 -0.4004 0.0351 -0.1980 3
178.0 -0.3606 0.0348 -0.1788 3
178.5 -0.3235 0.0356 -0.1608 3
179.0 -0.2050 0.0369 -0.1022 3
179.5 -0.1970 0.0364 -0.0984 3
180.0 -0.1874 0.0359 -0.0937 3
