alpha cl cd cm ld phi
-6.00 -0.3763 0.10849 -0.0206 -3.47 nan
-5.75 -0.3715 0.10393 -0.0194 -3.57 nan
-5.50 -0.3666 0.10139 -0.0194 -3.62 nan
-5.25 -0.3563 0.10049 -0.0238 -3.55 nan
-5.00 -0.3524 0.09623 -0.0210 -3.66 nan
-4.75 -0.3389 0.09412 -0.0247 -3.60 nan
-4.50 -0.3305 0.09124 -0.0249 -3.62 nan
-4.25 -0.3190 0.08824 -0.0268 -3.62 nan
-4.00 -0.3018 0.08549 -0.0294 -3.53 nan
-3.75 -0.2891 0.08282 -0.0307 -3.49 nan
-3.50 -0.2735 0.07979 -0.0324 -3.43 nan
-3.25 -0.2569 0.07728 -0.0342 -3.32 nan
-3.00 -0.2361 0.07438 -0.0380 -3.17 nan
-2.75 -0.2157 0.07182 -0.0394 -3.00 nan
-2.50 -0.1975 0.06824 -0.0410 -2.89 nan
-2.25 -0.1791 0.06538 -0.0423 -2.74 nan
-2.00 -0.1648 0.06296 -0.0423 -2.62 nan
-1.75 -0.1511 0.06004 -0.0415 -2.52 nan
nan nan nan nan nan nan
-1.00 -0.1590 0.05008 -0.0224 -3.17 nan
-0.75 -0.1629 0.04748 -0.0165 -3.43 nan
-0.50 -0.1606 0.04445 -0.0127 -3.61 nan
-0.25 -0.1522 0.04200 -0.0097 -3.62 nan
0.00 -0.1369 0.03862 -0.0087 -3.54 nan
0.25 -0.1083 0.03610 -0.0111 -3.00 nan
0.50 -0.0436 0.03342 -0.0206 -1.30 nan
0.75 0.3483 0.04137 -0.1177 8.42 6.774
1.00 0.4096 0.04016 -0.1249 10.20 5.600
1.25 0.4485 0.03947 -0.1276 11.36 5.029
1.50 0.4817 0.03908 -0.1290 12.33 4.638
1.75 0.5122 0.03883 -0.1298 13.19 4.335
2.00 0.5414 0.03870 -0.1303 13.99 4.089
2.25 0.5688 0.03868 -0.1306 14.71 3.890
2.50 0.5967 0.03869 -0.1309 15.42 3.710
2.75 0.6114 0.03881 -0.1289 15.75 3.632
3.00 0.6528 0.03778 -0.1311 17.28 3.312
3.25 0.6716 0.03881 -0.1304 17.30 3.307
3.50 0.6896 0.03989 -0.1297 17.29 3.311
3.75 0.7071 0.04103 -0.1290 17.23 3.321
4.00 0.7244 0.04223 -0.1284 17.15 3.336
4.25 0.7413 0.04348 -0.1278 17.05 3.357
4.50 0.7581 0.04479 -0.1271 16.93 3.381
4.75 0.7535 0.04578 -0.1223 16.46 3.477
5.00 1.0401 0.03855 -0.1360 26.98 2.123
5.25 1.1022 0.04085 -0.1392 26.98 2.123
5.50 1.2205 0.04498 -0.1504 27.13 2.111
5.75 1.2675 0.04777 -0.1514 26.53 2.158
6.00 1.3042 0.05085 -0.1509 25.65 2.233
6.25 1.3314 0.05423 -0.1488 24.55 2.332
6.50 1.3633 0.05816 -0.1484 23.44 2.443
6.75 1.3838 0.06126 -0.1457 22.59 2.535
7.00 1.4016 0.06521 -0.1432 21.49 2.664
7.25 1.4171 0.06922 -0.1411 20.47 2.796
7.50 1.4213 0.07413 -0.1387 19.17 2.986
7.75 1.4181 0.07916 -0.1370 17.91 3.195
8.00 1.4007 0.08464 -0.1351 16.55 3.458
8.25 1.3769 0.09041 -0.1339 15.23 3.757
8.50 1.3483 0.09657 -0.1328 13.96 4.097
8.75 1.3077 0.10210 -0.1317 12.81 4.464
9.00 1.2692 0.10960 -0.1339 11.58 4.935
9.25 1.2313 0.11788 -0.1376 10.45 5.469
9.50 1.1193 0.13154 -0.1332 8.51 6.703
9.75 1.0574 0.14261 -0.1401 7.41 7.681
nan nan nan nan nan nan
10.25 1.0761 0.15446 -0.1721 6.97 8.168
10.50 1.0846 0.15919 -0.1746 6.81 8.350
10.75 1.0813 0.16345 -0.1745 6.62 8.596
11.00 1.0949 0.16847 -0.1763 6.50 8.747
11.25 1.1020 0.17219 -0.1773 6.40 8.881
11.50 1.1140 0.17670 -0.1768 6.30 9.013
11.75 1.1227 0.18083 -0.1775 6.21 9.150
12.00 1.1321 0.18453 -0.1774 6.14 9.258
12.25 1.1431 0.18904 -0.1767 6.05 9.390
12.50 1.1482 0.19224 -0.1765 5.97 9.505
12.75 1.1636 0.19620 -0.1765 5.93 9.571
13.00 1.1683 0.19951 -0.1767 5.86 9.691
13.25 1.1883 0.20574 -0.1761 5.78 9.823
13.50 1.1860 0.20764 -0.1768 5.71 9.930
13.75 1.1982 0.21062 -0.1771 5.69 9.970
14.00 1.2171 0.21825 -0.1761 5.58 10.166
14.25 1.2195 0.22081 -0.1769 5.52 10.263
14.50 1.2239 0.22366 -0.1777 5.47 10.356
14.75 1.2342 0.22704 -0.1784 5.44 10.423
15.00 1.2382 0.23001 -0.1791 5.38 10.523
15.25 1.2469 0.23267 -0.1798 5.36 10.570
15.50 1.2563 0.23764 -0.1803 5.29 10.711
15.75 1.2666 0.24406 -0.1805 5.19 10.907
16.00 1.2575 0.24221 -0.1842 5.19 10.902
