alpha phin
-6.00 nan
-5.75 nan
-5.50 nan
-5.25 nan
-5.00 nan
-4.75 nan
-4.50 nan
-4.25 nan
-4.00 nan
-3.75 nan
-3.50 nan
-3.25 nan
-3.00 nan
-2.75 nan
-2.50 nan
-2.25 nan
-2.00 nan
-1.75 nan
-1.50 nan
-1.25 nan
-1.00 nan
nan nan
-0.50 33.588
-0.25 27.215
0.00 24.044
0.25 19.756
0.50 15.632
0.75 11.797
1.00 5.588
1.25 5.043
1.50 4.476
1.75 4.136
2.00 3.897
2.25 3.723
2.50 3.565
2.75 3.528
3.00 3.338
3.25 3.155
3.50 3.138
3.75 3.155
4.00 3.176
4.25 1.773
4.50 1.812
4.75 1.812
5.00 1.880
5.25 1.956
5.50 1.991
5.75 2.067
6.00 2.170
6.25 2.228
6.50 2.314
6.75 2.435
7.00 2.670
7.25 2.983
7.50 3.346
7.75 3.710
8.00 4.121
8.25 4.635
8.50 5.363
8.75 6.335
nan nan
9.50 7.318
9.75 7.498
10.00 7.627
10.25 7.814
10.50 7.912
10.75 7.997
11.00 8.113
11.25 8.172
11.50 8.287
11.75 8.434
12.00 8.495
12.25 8.711
12.50 8.805
12.75 10.631
13.00 10.842
13.25 10.957
13.50 11.159
13.75 11.350
14.00 11.527
14.25 11.699
14.50 11.878
14.75 12.057
15.00 12.226
15.25 12.387
15.50 12.592
15.75 12.770
16.00 12.926
