alpha cl cd cm xtrs xtri npan dcl dcd
-6.00 -0.2992 0.06089 0.0169 1.0000 1.0000 3 0.0036 0.00030
-5.75 -0.2891 0.05828 0.0161 1.0000 1.0000 3 0.0036 0.00031
-5.50 -0.3270 0.05947 0.0272 1.0000 0.9659 3 0.0016 0.00049
-5.25 -0.3878 0.06134 0.0408 1.0000 0.8937 3 0.0016 0.00034
-5.00 -0.4408 0.06160 0.0489 1.0000 0.8199 3 0.0037 0.00021
-4.75 -0.4918 0.06100 0.0537 1.0000 0.7463 3 0.0032 0.00019
-4.50 -0.5408 0.05975 0.0573 1.0000 0.6893 3 0.0072 0.00017
-4.25 -0.5829 0.05756 0.0576 1.0000 0.6343 3 0.0045 0.00017
-3.75 -0.5356 0.04719 0.0138 1.0000 0.2998 2 0.0054 0.00040
-3.50 -0.5040 0.04351 0.0113 1.0000 0.2540 2 0.0035 0.00032
-3.25 -0.4747 0.04045 0.0106 1.0000 0.2265 3 0.0039 0.00039
-3.00 -0.4488 0.03779 0.0112 1.0000 0.2115 3 0.0034 0.00036
-2.75 -0.4218 0.03543 0.0119 1.0000 0.2011 3 0.0029 0.00058
-2.50 -0.3943 0.03319 0.0127 1.0000 0.1948 3 0.0052 0.00033
-2.25 -0.3662 0.03121 0.0134 1.0000 0.1924 3 0.0057 0.00027
-2.00 -0.3364 0.02943 0.0140 1.0000 0.1920 3 0.0055 0.00017
-1.75 -0.2994 0.02775 0.0133 1.0000 0.1937 3 0.0056 0.00014
-1.50 -0.2601 0.02625 0.0122 1.0000 0.2013 3 0.0066 0.00026
-1.25 -0.2205 0.02474 0.0109 1.0000 0.2117 3 0.0050 0.00016
-1.00 -0.1856 0.02340 0.0105 1.0000 0.2299 3 0.0045 0.00019
-0.75 -0.0743 0.01848 -0.0047 1.0000 1.0000 3 0.0004 0.00008
-0.50 -0.0474 0.01850 -0.0028 1.0000 1.0000 3 0.0001 0.00009
-0.25 -0.0235 0.01849 -0.0013 1.0000 1.0000 3 0.0001 0.00010
0.00 0.0000 0.01848 0.0000 1.0000 1.0000 3 0.0000 0.00009
0.25 0.0235 0.01849 0.0013 1.0000 1.0000 3 0.0001 0.00010
0.50 0.0474 0.01850 0.0028 1.0000 1.0000 3 0.0001 0.00009
0.75 0.0743 0.01848 0.0047 1.0000 1.0000 3 0.0004 0.00008
1.00 0.1856 0.02339 -0.0105 0.2299 1.0000 3 0.0045 0.00019
1.25 0.2204 0.02474 -0.0109 0.2117 1.0000 3 0.0050 0.00016
1.50 0.2601 0.02625 -0.0122 0.2013 1.0000 3 0.0066 0.00026
1.75 0.2994 0.02775 -0.0133 0.1937 1.0000 3 0.0056 0.00013
2.00 0.3364 0.02943 -0.0140 0.1920 1.0000 3 0.0055 0.00017
2.25 0.3661 0.03121 -0.0134 0.1924 1.0000 3 0.0057 0.00028
2.50 0.3943 0.03319 -0.0127 0.1948 1.0000 3 0.0052 0.00033
2.75 0.4218 0.03543 -0.0119 0.2011 1.0000 3 0.0029 0.00058
3.00 0.4488 0.03778 -0.0112 0.2115 1.0000 3 0.0034 0.00036
3.25 0.4747 0.04045 -0.0106 0.2265 1.0000 3 0.0039 0.00039
3.50 0.5040 0.04351 -0.0113 0.2540 1.0000 2 0.0035 0.00032
3.75 0.5343 0.04688 -0.0136 0.2994 1.0000 2 0.0011 0.00008
4.25 0.5835 0.05765 -0.0576 0.6348 1.0000 3 0.0065 0.00013
4.50 0.5387 0.05966 -0.0568 0.6885 1.0000 3 0.0071 0.00028
4.75 0.4925 0.06105 -0.0540 0.7482 1.0000 3 0.0032 0.00018
5.00 0.4426 0.06164 -0.0492 0.8188 1.0000 2 0.0036 0.00011
5.25 0.3877 0.06139 -0.0408 0.8926 1.0000 2 0.0008 0.00016
5.50 0.3273 0.05944 -0.0273 0.9660 1.0000 3 0.0016 0.00046
5.75 0.2895 0.05825 -0.0162 1.0000 1.0000 3 0.0034 0.00030
6.00 0.2996 0.06086 -0.0170 1.0000 1.0000 3 0.0035 0.00030
6.25 0.3097 0.06352 -0.0178 1.0000 1.0000 3 0.0035 0.00029
6.50 0.3196 0.06624 -0.0187 1.0000 1.0000 3 0.0035 0.00029
6.75 0.3295 0.06900 -0.0195 1.0000 1.0000 3 0.0035 0.00028
7.00 0.5466 0.08894 -0.0507 0.6861 1.0000 3 0.0035 0.00068
7.25 0.5884 0.09433 -0.0472 0.5837 1.0000 3 0.0042 0.00075
7.50 0.6082 0.09838 -0.0439 0.5221 1.0000 3 0.0120 0.00097
7.75 0.6286 0.10335 -0.0401 0.4696 1.0000 1 0.0000 0.00000
8.00 0.6311 0.10590 -0.0378 0.4364 1.0000 2 0.0055 0.00009
8.25 0.6404 0.10950 -0.0357 0.4051 1.0000 3 0.0069 0.00028
8.50 0.6468 0.11311 -0.0334 0.3759 1.0000 2 0.0055 0.00094
8.75 0.6529 0.11644 -0.0322 0.3539 1.0000 3 0.0145 0.00119
9.00 0.6524 0.11907 -0.0311 0.3334 1.0000 3 0.0177 0.00168
9.25 0.6580 0.12246 -0.0300 0.3167 1.0000 3 0.0110 0.00126
9.50 0.6628 0.12623 -0.0296 0.3015 1.0000 3 0.0165 0.00166
9.75 0.6648 0.12933 -0.0293 0.2890 1.0000 3 0.0100 0.00075
10.00 0.6687 0.13273 -0.0290 0.2768 1.0000 3 0.0018 0.00053
10.25 0.6744 0.13640 -0.0286 0.2649 1.0000 3 0.0104 0.00265
10.50 0.6754 0.13884 -0.0285 0.2537 1.0000 3 0.0127 0.00173
10.75 0.6792 0.14310 -0.0282 0.2439 1.0000 3 0.0129 0.00262
11.00 0.6839 0.14558 -0.0292 0.2343 1.0000 3 0.0179 0.00410
11.25 0.6861 0.14923 -0.0291 0.2258 1.0000 3 0.0096 0.00047
11.50 0.7002 0.15445 -0.0285 0.2152 1.0000 3 0.0013 0.00192
11.75 0.6905 0.15507 -0.0301 0.2096 1.0000 3 0.0072 0.00023
12.00 0.7063 0.16095 -0.0295 0.2009 1.0000 2 0.0115 0.00458
12.25 0.6987 0.16251 -0.0306 0.1959 1.0000 3 0.0159 0.00243
12.50 0.7075 0.16470 -0.0310 0.1894 1.0000 3 0.0134 0.00261
12.75 0.7189 0.16964 -0.0322 0.1838 1.0000 3 0.0127 0.00426
13.00 0.7168 0.17177 -0.0323 0.1788 1.0000 3 0.0170 0.00429
13.25 0.7185 0.17484 -0.0338 0.1730 1.0000 3 0.0159 0.00142
13.50 0.7267 0.17758 -0.0346 0.1681 1.0000 3 0.0125 0.00630
13.75 0.7342 0.18228 -0.0347 0.1637 1.0000 3 0.0130 0.00062
14.00 0.7315 0.18358 -0.0365 0.1596 1.0000 3 0.0111 0.00057
14.25 0.7384 0.18778 -0.0365 0.1537 1.0000 2 0.0075 0.00064
14.50 0.7508 0.19168 -0.0377 0.1506 1.0000 3 0.0034 0.00529
14.75 0.7475 0.19266 -0.0395 0.1466 1.0000 3 0.0088 0.00231
15.00 0.7558 0.19640 -0.0401 0.1416 1.0000 3 0.0224 0.00276
15.25 0.7673 0.19969 -0.0403 0.1385 1.0000 3 0.0124 0.00407
15.50 0.7720 0.20240 -0.0425 0.1352 1.0000 3 0.0070 0.00790
15.75 0.7705 0.20720 -0.0436 0.1325 1.0000 3 0.0181 0.00314
16.00 0.7798 0.20801 -0.0446 0.1293 1.0000 3 0.0152 0.00126
