alpha cl cd cm ld phi
-6.00 -0.4666 0.08031 -0.0171 -5.81 nan
-5.75 -0.4658 0.07778 -0.0147 -5.99 nan
-5.50 -0.4764 0.07497 -0.0178 -6.35 nan
-5.25 -0.4685 0.07247 -0.0135 -6.46 nan
-5.00 -0.4675 0.06979 -0.0134 -6.70 nan
-4.75 -0.4324 0.05089 -0.0367 -8.50 nan
-4.50 -0.4042 0.04296 -0.0398 -9.41 nan
-4.25 -0.3813 0.03956 -0.0404 -9.64 nan
-4.00 -0.3575 0.03675 -0.0408 -9.73 nan
-3.75 -0.3302 0.03448 -0.0415 -9.58 nan
-3.50 -0.2870 0.03245 -0.0452 -8.84 nan
-3.25 -0.2440 0.03100 -0.0485 -7.87 nan
-3.00 -0.2018 0.02975 -0.0514 -6.78 nan
-2.75 -0.1613 0.02881 -0.0541 -5.60 nan
-2.50 -0.1212 0.02804 -0.0568 -4.32 nan
-2.25 -0.0813 0.02746 -0.0594 -2.96 nan
-2.00 -0.0424 0.02694 -0.0619 -1.57 nan
-1.75 -0.0075 0.02635 -0.0637 -0.28 nan
-1.50 0.0339 0.02493 -0.0664 1.36 nan
-1.25 0.0685 0.02374 -0.0654 2.89 19.115
-1.00 0.1140 0.02412 -0.0690 4.73 11.946
-0.75 0.1507 0.02442 -0.0710 6.17 9.204
-0.50 0.1858 0.02475 -0.0726 7.51 7.588
-0.25 0.2236 0.02507 -0.0747 8.92 6.397
0.00 0.2664 0.02525 -0.0774 10.55 5.414
0.25 0.2995 0.02542 -0.0784 11.78 4.851
0.50 0.3427 0.02531 -0.0806 13.54 4.224
0.75 0.3895 0.02501 -0.0832 15.57 3.674
1.00 0.4331 0.02468 -0.0852 17.55 3.261
1.25 0.4642 0.02466 -0.0853 18.82 3.041
1.50 0.4975 0.02458 -0.0857 20.24 2.829
1.75 0.5313 0.02440 -0.0860 21.77 2.629
2.00 0.5639 0.02425 -0.0862 23.25 2.462
2.25 0.5933 0.02414 -0.0857 24.58 2.330
2.50 0.6253 0.02392 -0.0855 26.14 2.191
2.75 0.6598 0.02355 -0.0856 28.02 2.044
3.00 0.6942 0.02313 -0.0855 30.01 1.908
3.25 0.7209 0.02297 -0.0845 31.38 1.825
3.50 0.7526 0.02267 -0.0840 33.20 1.725
3.75 0.7828 0.02239 -0.0834 34.96 1.638
4.00 0.8121 0.02223 -0.0827 36.53 1.568
4.25 0.8398 0.02213 -0.0818 37.95 1.509
4.50 0.8653 0.02221 -0.0807 38.96 1.470
4.75 0.8939 0.02220 -0.0800 40.27 1.423
5.00 0.9191 0.02239 -0.0790 41.05 1.395
5.25 0.9463 0.02260 -0.0783 41.87 1.368
5.50 0.9719 0.02289 -0.0775 42.46 1.349
5.75 0.9984 0.02322 -0.0768 43.00 1.332
6.00 1.0212 0.02364 -0.0757 43.20 1.326
6.25 1.0452 0.02400 -0.0747 43.55 1.315
6.50 1.0684 0.02442 -0.0737 43.75 1.309
6.75 1.0926 0.02484 -0.0728 43.99 1.302
7.00 1.1162 0.02529 -0.0719 44.14 1.298
7.25 1.1396 0.02571 -0.0709 44.33 1.292
7.50 1.1594 0.02627 -0.0695 44.13 1.298
7.75 1.1825 0.02671 -0.0686 44.27 1.294
8.00 1.2028 0.02727 -0.0673 44.11 1.299
8.25 1.2249 0.02779 -0.0662 44.08 1.300
8.50 1.2462 0.02842 -0.0650 43.85 1.306
8.75 1.2677 0.02915 -0.0639 43.49 1.317
9.00 1.2847 0.02998 -0.0622 42.85 1.337
9.25 1.2995 0.03089 -0.0601 42.07 1.362
9.50 1.3159 0.03175 -0.0583 41.45 1.382
9.75 1.3316 0.03271 -0.0564 40.71 1.407
10.00 1.3496 0.03374 -0.0549 40.00 1.432
10.25 1.3621 0.03506 -0.0528 38.85 1.474
10.50 1.3812 0.03628 -0.0517 38.07 1.505
10.75 1.3899 0.03757 -0.0491 36.99 1.548
11.00 1.4020 0.03887 -0.0471 36.07 1.588
11.25 1.4130 0.04000 -0.0450 35.33 1.622
11.50 1.4228 0.04098 -0.0427 34.72 1.650
11.75 1.4273 0.04202 -0.0399 33.97 1.686
12.00 1.4301 0.04292 -0.0368 33.32 1.719
12.25 1.4319 0.04384 -0.0338 32.66 1.754
12.50 1.4314 0.04511 -0.0309 31.73 1.805
12.75 1.4352 0.04642 -0.0286 30.92 1.853
13.00 1.4368 0.04808 -0.0263 29.88 1.917
13.25 1.4337 0.05015 -0.0239 28.59 2.003
13.50 1.4304 0.05255 -0.0218 27.22 2.104
13.75 1.4195 0.05517 -0.0195 25.73 2.226
14.00 1.4124 0.05788 -0.0177 24.40 2.347
14.25 1.4057 0.06084 -0.0161 23.10 2.478
14.50 1.3981 0.06398 -0.0149 21.85 2.620
14.75 1.3805 0.06840 -0.0139 20.18 2.837
15.00 1.3718 0.07192 -0.0133 19.07 3.001
15.25 1.3565 0.07657 -0.0132 17.72 3.231
15.50 1.3460 0.08104 -0.0132 16.61 3.446
15.75 1.3324 0.08554 -0.0140 15.58 3.673
16.00 0.9944 0.16956 -0.0669 5.86 9.677
