alpha cl cd cm xtrs xtri npan dcl dcd
-1.00 -0.1609 0.05073 -0.0227 1.0000 0.6013 1 0.0000 0.00000
-0.75 -0.1617 0.04718 -0.0166 1.0000 0.6652 2 0.0061 0.00061
-0.50 -0.1578 0.04408 -0.0123 1.0000 0.7158 2 0.0062 0.00074
-0.25 -0.1538 0.04144 -0.0086 1.0000 0.7559 1 0.0000 0.00000
0.50 0.2931 0.04177 -0.1102 1.0000 0.3746 1 0.0000 0.00000
0.75 0.3607 0.04100 -0.1200 1.0000 0.2706 3 0.0237 0.00054
1.00 0.4096 0.04016 -0.1249 1.0000 0.2281 3 0.0237 0.00039
1.25 0.4485 0.03947 -0.1276 1.0000 0.2113 3 0.0234 0.00031
1.50 0.4817 0.03908 -0.1290 1.0000 0.2102 3 0.0235 0.00024
1.75 0.5122 0.03883 -0.1298 1.0000 0.2117 3 0.0227 0.00025
2.00 0.5414 0.03870 -0.1303 1.0000 0.2151 3 0.0224 0.00020
2.25 0.5688 0.03868 -0.1306 1.0000 0.2339 3 0.0223 0.00020
2.50 0.5967 0.03869 -0.1309 1.0000 0.2617 3 0.0244 0.00027
2.75 0.6198 0.03865 -0.1303 1.0000 0.3199 2 0.0168 0.00032
3.00 0.6528 0.03778 -0.1311 1.0000 1.0000 3 0.0218 0.00018
3.25 0.6716 0.03881 -0.1304 1.0000 1.0000 3 0.0208 0.00021
3.50 0.6896 0.03989 -0.1297 1.0000 1.0000 3 0.0209 0.00023
3.75 0.7071 0.04103 -0.1290 1.0000 1.0000 3 0.0209 0.00025
4.00 0.7244 0.04223 -0.1284 1.0000 1.0000 3 0.0211 0.00028
4.25 0.7413 0.04348 -0.1278 1.0000 1.0000 3 0.0212 0.00031
4.50 0.7581 0.04479 -0.1271 1.0000 1.0000 3 0.0213 0.00034
5.00 1.0401 0.03855 -0.1360 0.1373 1.0000 1 0.0000 0.00000
5.25 1.0993 0.04087 -0.1386 0.1296 1.0000 2 0.0059 0.00004
5.50 1.2216 0.04500 -0.1504 0.1320 1.0000 2 0.0107 0.00106
5.75 1.2667 0.04776 -0.1510 0.1379 1.0000 2 0.0016 0.00002
6.00 1.3052 0.05134 -0.1511 0.1452 1.0000 2 0.0020 0.00098
6.25 1.3336 0.05422 -0.1493 0.1541 1.0000 2 0.0054 0.00002
6.50 1.3645 0.05862 -0.1486 0.1633 1.0000 2 0.0047 0.00091
6.75 1.3845 0.06177 -0.1458 0.1773 1.0000 2 0.0015 0.00124
7.00 1.4016 0.06514 -0.1431 0.1948 1.0000 2 0.0057 0.00020
7.25 1.4171 0.06922 -0.1411 0.2175 1.0000 1 0.0000 0.00000
7.50 1.4228 0.07407 -0.1389 0.2393 1.0000 2 0.0117 0.00012
7.75 1.4187 0.07919 -0.1371 0.2622 1.0000 2 0.0025 0.00025
8.00 1.4055 0.08489 -0.1357 0.2823 1.0000 2 0.0137 0.00053
8.25 1.3788 0.09060 -0.1342 0.2947 1.0000 2 0.0079 0.00037
8.50 1.3490 0.09668 -0.1334 0.3054 1.0000 2 0.0014 0.00022
8.75 1.3088 0.10224 -0.1319 0.3067 1.0000 2 0.0022 0.00052
9.00 1.2696 0.10941 -0.1336 0.3120 1.0000 2 0.0009 0.00147
9.25 1.2313 0.11787 -0.1376 0.3190 1.0000 1 0.0000 0.00000
9.75 1.0376 0.14289 -0.1391 0.3688 1.0000 1 0.0000 0.00000
10.50 0.9468 0.16362 -0.1530 0.5147 1.0000 1 0.0000 0.00000
10.75 0.9490 0.16807 -0.1538 0.5138 1.0000 1 0.0000 0.00000
11.00 0.9398 0.16982 -0.1534 0.5034 1.0000 1 0.0000 0.00000
11.25 1.1006 0.17277 -0.1762 0.5435 1.0000 1 0.0000 0.00000
11.50 1.1140 0.17771 -0.1768 0.5281 1.0000 1 0.0000 0.00000
11.75 1.1177 0.18083 -0.1767 0.5100 1.0000 1 0.0000 0.00000
12.00 1.1280 0.18453 -0.1766 0.4880 1.0000 1 0.0000 0.00000
12.25 1.1403 0.18904 -0.1767 0.4681 1.0000 1 0.0000 0.00000
12.50 1.1482 0.19224 -0.1765 0.4458 1.0000 1 0.0000 0.00000
12.75 1.1636 0.19748 -0.1765 0.4265 1.0000 1 0.0000 0.00000
13.00 1.1652 0.19951 -0.1767 0.4061 1.0000 1 0.0000 0.00000
13.25 1.1883 0.20631 -0.1761 0.3849 1.0000 1 0.0000 0.00000
13.50 1.1860 0.20765 -0.1768 0.3680 1.0000 1 0.0000 0.00000
13.75 1.1921 0.21062 -0.1771 0.3489 1.0000 1 0.0000 0.00000
14.00 1.2171 0.21837 -0.1761 0.3286 1.0000 1 0.0000 0.00000
14.25 1.2195 0.22081 -0.1769 0.3139 1.0000 1 0.0000 0.00000
14.50 1.2239 0.22364 -0.1777 0.2993 1.0000 1 0.0000 0.00000
14.75 1.2303 0.22704 -0.1784 0.2850 1.0000 1 0.0000 0.00000
15.00 1.2382 0.23087 -0.1791 0.2711 1.0000 1 0.0000 0.00000
15.25 1.2469 0.23496 -0.1796 0.2574 1.0000 1 0.0000 0.00000
15.50 1.2563 0.23930 -0.1802 0.2436 1.0000 1 0.0000 0.00000
15.75 1.2666 0.24407 -0.1805 0.2300 1.0000 1 0.0000 0.00000
16.00 1.2575 0.24220 -0.1842 0.2226 1.0000 1 0.0000 0.00000
