x cp
1.00000 -0.3305
0.99344 -0.3300
0.98270 -0.3296
0.97020 -0.3293
0.95728 -0.3289
0.94423 -0.3286
0.93111 -0.3283
0.91794 -0.3281
0.90470 -0.3280
0.89141 -0.3280
0.87807 -0.3281
0.86467 -0.3283
0.85114 -0.3287
0.83729 -0.3292
0.82335 -0.3299
0.80937 -0.3307
0.79538 -0.3318
0.78136 -0.3330
0.76733 -0.3345
0.75329 -0.3363
0.73922 -0.3383
0.72515 -0.3408
0.71106 -0.3437
0.69696 -0.3471
0.68284 -0.3511
0.66872 -0.3557
0.65458 -0.3609
0.64043 -0.3669
0.62628 -0.3737
0.61212 -0.3811
0.59795 -0.3891
0.58378 -0.3980
0.56960 -0.4077
0.55542 -0.4181
0.54123 -0.4291
0.52704 -0.4406
0.51285 -0.4523
0.49866 -0.4638
0.48447 -0.4752
0.47028 -0.4860
0.45609 -0.4963
0.44190 -0.5059
0.42772 -0.5146
0.41354 -0.5225
0.39937 -0.5294
0.38521 -0.5354
0.37105 -0.5404
0.35689 -0.5445
0.34275 -0.5476
0.32862 -0.5498
0.31449 -0.5511
0.30038 -0.5514
0.28628 -0.5509
0.27219 -0.5494
0.25812 -0.5471
0.24406 -0.5439
0.23002 -0.5400
0.21599 -0.5352
0.20198 -0.5296
0.18799 -0.5233
0.17401 -0.5163
0.16006 -0.5088
0.14612 -0.5008
0.13221 -0.4925
0.11832 -0.4845
0.10446 -0.4774
0.09061 -0.4726
0.07679 -0.4728
0.06301 -0.4827
0.04928 -0.5116
0.03583 -0.5752
0.02376 -0.6901
0.01514 -0.8437
0.00977 -1.0123
0.00624 -1.1933
0.00375 -1.3639
0.00193 -1.4043
0.00069 -1.0703
-0.00002 -0.3480
-0.00027 0.3625
-0.00014 0.8245
0.00034 0.9991
0.00121 0.8631
0.00249 0.4458
0.00422 0.0148
0.00637 -0.1584
0.00904 -0.1403
0.01253 -0.0624
0.01762 0.0255
0.02582 0.1095
0.03766 0.1752
0.05107 0.2179
0.06478 0.2464
0.07856 0.2671
0.09237 0.2832
0.10621 0.2964
0.12007 0.3074
0.13395 0.3169
0.14786 0.3252
0.16179 0.3325
0.17574 0.3390
0.18971 0.3449
0.20369 0.3501
0.21770 0.3548
0.23172 0.3590
0.24576 0.3628
0.25982 0.3662
0.27389 0.3692
0.28797 0.3718
0.30207 0.3742
0.31618 0.3762
0.33030 0.3779
0.34443 0.3792
0.35857 0.3803
0.37272 0.3811
0.38687 0.3817
0.40104 0.3819
0.41521 0.3819
0.42938 0.3816
0.44356 0.3810
0.45774 0.3801
0.47193 0.3789
0.48612 0.3774
0.50030 0.3756
0.51449 0.3735
0.52868 0.3711
0.54286 0.3683
0.55704 0.3652
0.57122 0.3617
0.58540 0.3578
0.59957 0.3535
0.61373 0.3488
0.62789 0.3436
0.64204 0.3379
0.65617 0.3317
0.67030 0.3249
0.68442 0.3175
0.69853 0.3094
0.71263 0.3006
0.72671 0.2910
0.74078 0.2804
0.75484 0.2688
0.76888 0.2561
0.78290 0.2419
0.79690 0.2262
0.81089 0.2086
0.82486 0.1885
0.83882 0.1653
0.85286 0.1373
0.86710 0.1069
0.88139 0.0751
0.89569 0.0416
0.91000 0.0059
0.92432 -0.0330
0.93864 -0.0764
0.95296 -0.1265
0.96724 -0.1870
0.98113 -0.2616
0.99297 -0.3496
1.00000 -0.3305
