alpha cl cd cm ld phi
-6.00 -0.3862 0.10251 -0.0140 -3.77 nan
-5.75 -0.3817 0.10039 -0.0145 -3.80 nan
-5.50 -0.3744 0.09843 -0.0163 -3.80 nan
-5.25 -0.3577 0.09745 -0.0218 -3.67 nan
-5.00 -0.3267 0.09718 -0.0326 -3.36 nan
-4.75 -0.3329 0.09157 -0.0268 -3.64 nan
-4.50 -0.3310 0.08779 -0.0243 -3.77 nan
-4.25 -0.3201 0.08484 -0.0252 -3.77 nan
-4.00 -0.3032 0.08207 -0.0280 -3.69 nan
-3.75 -0.2683 0.07979 -0.0364 -3.36 nan
-3.50 -0.2326 0.07673 -0.0446 -3.03 nan
-3.25 -0.2282 0.07311 -0.0423 -3.12 nan
-3.00 -0.2043 0.07021 -0.0459 -2.91 nan
-2.75 -0.1614 0.06734 -0.0546 -2.40 nan
-2.50 -0.1407 0.06427 -0.0568 -2.19 nan
-2.25 -0.0950 0.06140 -0.0651 -1.55 nan
-2.00 -0.0616 0.05874 -0.0700 -1.05 nan
-1.75 -0.0285 0.05591 -0.0748 -0.51 nan
-1.50 0.0122 0.05341 -0.0811 0.23 nan
-1.25 0.0515 0.05109 -0.0870 1.01 44.771
-1.00 0.0869 0.04923 -0.0915 1.77 29.532
-0.75 0.1219 0.04706 -0.0953 2.59 21.109
-0.50 0.1507 0.04561 -0.0980 3.30 16.839
-0.25 0.1885 0.04436 -0.1023 4.25 13.243
0.00 0.2060 0.04283 -0.1021 4.81 11.745
0.25 0.2332 0.04130 -0.1037 5.65 10.043
0.50 0.2548 0.03993 -0.1037 6.38 8.906
0.75 0.2709 0.03858 -0.1023 7.02 8.105
1.00 0.2964 0.03653 -0.1016 8.11 7.026
1.25 0.3212 0.03559 -0.1021 9.03 6.323
1.50 0.4622 0.03556 -0.1255 13.00 4.399
1.75 0.4864 0.03513 -0.1251 13.85 4.131
2.00 0.5233 0.03472 -0.1272 15.07 3.796
2.25 0.5523 0.03474 -0.1279 15.90 3.599
2.50 0.5720 0.03507 -0.1268 16.31 3.508
2.75 0.6184 0.03548 -0.1307 17.43 3.284
3.00 0.6648 0.03596 -0.1343 18.49 3.096
3.25 0.9819 0.02360 -0.1628 41.61 1.377
3.50 0.9990 0.02484 -0.1604 40.22 1.424
3.75 1.0201 0.02638 -0.1585 38.67 1.481
4.00 1.0531 0.02817 -0.1589 37.38 1.532
4.25 1.0975 0.03065 -0.1605 35.81 1.600
4.50 1.1363 0.03282 -0.1615 34.62 1.654
4.75 1.1792 0.03493 -0.1629 33.76 1.697
5.00 1.2161 0.03775 -0.1626 32.21 1.778
5.25 1.2537 0.04008 -0.1616 31.28 1.831
5.50 1.3021 0.04259 -0.1600 30.57 1.873
5.75 1.3782 0.04430 -0.1606 31.11 1.841
6.00 1.4045 0.04959 -0.1642 28.32 2.022
6.25 1.3786 0.05811 -0.1670 23.72 2.414
6.50 1.3211 0.06567 -0.1648 20.12 2.846
6.75 1.2757 0.07186 -0.1613 17.75 3.224
7.00 1.2290 0.07902 -0.1597 15.55 3.679
7.25 1.1793 0.08723 -0.1609 13.52 4.230
7.50 1.4131 0.07582 -0.1449 18.64 3.071
7.75 1.3834 0.08111 -0.1422 17.06 3.355
8.00 1.3527 0.08711 -0.1407 15.53 3.685
8.25 1.3235 0.09241 -0.1379 14.32 3.994
8.50 1.2897 0.09896 -0.1377 13.03 4.388
8.75 1.2119 0.11266 -0.1486 10.76 5.311
9.00 1.4034 0.09985 -0.1228 14.06 4.070
9.25 1.3817 0.10264 -0.1193 13.46 4.248
9.50 1.3448 0.10644 -0.1157 12.63 4.525
9.75 1.3146 0.11138 -0.1149 11.80 4.843
10.00 1.2862 0.11700 -0.1156 10.99 5.198
10.25 1.2571 0.12396 -0.1189 10.14 5.632
10.50 1.2544 0.12965 -0.1190 9.68 5.901
10.75 1.2311 0.13737 -0.1250 8.96 6.367
11.00 1.2217 0.14381 -0.1297 8.50 6.714
11.25 1.2220 0.14915 -0.1292 8.19 6.959
11.50 1.2065 0.15547 -0.1350 7.76 7.343
11.75 1.2244 0.15979 -0.1313 7.66 7.435
12.00 1.2109 0.16575 -0.1386 7.31 7.794
12.25 1.2029 0.17069 -0.1423 7.05 8.076
12.50 1.2171 0.17546 -0.1418 6.94 8.203
12.75 1.2080 0.18057 -0.1458 6.69 8.502
13.00 1.2061 0.18515 -0.1484 6.51 8.727
13.25 1.2184 0.19058 -0.1504 6.39 8.890
13.50 1.2188 0.19471 -0.1528 6.26 9.077
13.75 1.2257 0.19883 -0.1528 6.16 9.214
14.00 1.2201 0.20289 -0.1566 6.01 9.441
14.25 1.2246 0.20695 -0.1607 5.92 9.592
14.50 1.2338 0.21211 -0.1633 5.82 9.755
14.75 1.2473 0.21699 -0.1613 5.75 9.869
15.00 1.2432 0.21991 -0.1673 5.65 10.031
15.25 1.2430 0.22347 -0.1709 5.56 10.192
15.50 1.2447 0.22724 -0.1729 5.48 10.346
15.75 1.2552 0.23197 -0.1731 5.41 10.471
16.00 1.2719 0.23609 -0.1743 5.39 10.516
