alpha cl cd cm xtrs xtri npan dcl dcd
0.00 0.0857 0.04173 -0.0695 1.0000 0.5582 1 0.0000 0.00000
0.25 0.0975 0.03910 -0.0663 1.0000 0.6241 1 0.0000 0.00000
0.50 0.1201 0.03678 -0.0659 1.0000 0.6809 1 0.0000 0.00000
1.00 0.3950 0.03861 -0.1225 1.0000 0.2149 3 0.0330 0.00073
1.25 0.4366 0.03767 -0.1255 1.0000 0.1785 3 0.0268 0.00058
1.50 0.4737 0.03708 -0.1274 1.0000 0.1610 3 0.0247 0.00045
1.75 0.5077 0.03671 -0.1288 1.0000 0.1522 3 0.0249 0.00024
2.00 0.5421 0.03654 -0.1304 1.0000 0.1537 2 0.0099 0.00010
2.25 0.5634 0.03666 -0.1296 1.0000 0.1621 3 0.0251 0.00023
2.50 0.5901 0.03676 -0.1298 1.0000 0.1714 3 0.0257 0.00021
2.75 0.6149 0.03699 -0.1296 1.0000 0.1937 2 0.0268 0.00018
3.00 0.6382 0.03722 -0.1294 1.0000 0.2468 2 0.0195 0.00027
3.25 0.6710 0.03665 -0.1306 1.0000 1.0000 3 0.0237 0.00020
3.50 0.6888 0.03776 -0.1299 1.0000 1.0000 3 0.0236 0.00022
3.75 0.7061 0.03892 -0.1293 1.0000 1.0000 3 0.0235 0.00026
4.00 0.7232 0.04013 -0.1287 1.0000 1.0000 3 0.0237 0.00028
4.25 1.0126 0.03130 -0.1470 0.1056 1.0000 2 0.0023 0.00000
4.50 1.0453 0.03309 -0.1468 0.1018 1.0000 2 0.0066 0.00031
4.75 1.1291 0.03575 -0.1542 0.0986 1.0000 2 0.0074 0.00049
5.00 1.1875 0.03865 -0.1575 0.1024 1.0000 2 0.0072 0.00073
5.25 1.2300 0.04158 -0.1583 0.1085 1.0000 2 0.0035 0.00084
5.50 1.2629 0.04383 -0.1570 0.1155 1.0000 2 0.0021 0.00006
5.75 1.2960 0.04673 -0.1559 0.1250 1.0000 2 0.0022 0.00000
6.00 1.3296 0.05016 -0.1546 0.1419 1.0000 2 0.0011 0.00099
6.25 1.3614 0.05285 -0.1521 0.1713 1.0000 2 0.0013 0.00017
6.50 1.3950 0.05623 -0.1502 0.2171 1.0000 2 0.0013 0.00024
6.75 1.4211 0.06035 -0.1493 0.2821 1.0000 2 0.0024 0.00006
7.00 1.4258 0.06639 -0.1502 0.3455 1.0000 2 0.0012 0.00008
7.25 1.3989 0.07281 -0.1494 0.3737 1.0000 2 0.0028 0.00017
7.50 1.3653 0.07974 -0.1488 0.3919 1.0000 2 0.0016 0.00017
7.75 1.3239 0.08571 -0.1464 0.3930 1.0000 2 0.0014 0.00026
8.00 1.2820 0.09224 -0.1454 0.3932 1.0000 2 0.0011 0.00037
8.25 1.2380 0.10070 -0.1480 0.3981 1.0000 2 0.0005 0.00114
8.50 1.1860 0.11132 -0.1548 0.4284 1.0000 2 0.0045 0.00094
8.75 1.0589 0.12476 -0.1460 0.4304 1.0000 2 0.0064 0.00273
