x cp
1.00000 -0.2957
0.99498 -0.2952
0.98706 -0.2947
0.97751 -0.2941
0.96735 -0.2935
0.95700 -0.2929
0.94659 -0.2924
0.93613 -0.2918
0.92562 -0.2912
0.91508 -0.2907
0.90451 -0.2902
0.89390 -0.2897
0.88325 -0.2893
0.87258 -0.2889
0.86185 -0.2887
0.85104 -0.2885
0.83999 -0.2884
0.82886 -0.2884
0.81771 -0.2884
0.80654 -0.2885
0.79536 -0.2888
0.78417 -0.2892
0.77297 -0.2897
0.76176 -0.2904
0.75053 -0.2913
0.73930 -0.2925
0.72806 -0.2939
0.71681 -0.2957
0.70555 -0.2979
0.69429 -0.3004
0.68301 -0.3035
0.67173 -0.3072
0.66044 -0.3115
0.64915 -0.3165
0.63785 -0.3221
0.62655 -0.3283
0.61524 -0.3351
0.60392 -0.3426
0.59261 -0.3509
0.58129 -0.3599
0.56996 -0.3694
0.55863 -0.3792
0.54730 -0.3892
0.53597 -0.3990
0.52464 -0.4085
0.51331 -0.4176
0.50197 -0.4261
0.49064 -0.4339
0.47931 -0.4411
0.46797 -0.4475
0.45664 -0.4532
0.44531 -0.4581
0.43398 -0.4623
0.42266 -0.4657
0.41133 -0.4684
0.40002 -0.4704
0.38870 -0.4717
0.37739 -0.4722
0.36608 -0.4721
0.35478 -0.4713
0.34349 -0.4699
0.33220 -0.4678
0.32091 -0.4651
0.30964 -0.4617
0.29837 -0.4577
0.28711 -0.4530
0.27586 -0.4477
0.26461 -0.4418
0.25338 -0.4353
0.24215 -0.4281
0.23093 -0.4203
0.21973 -0.4118
0.20853 -0.4026
0.19735 -0.3928
0.18618 -0.3823
0.17502 -0.3711
0.16387 -0.3592
0.15274 -0.3466
0.14162 -0.3333
0.13051 -0.3192
0.11942 -0.3044
0.10834 -0.2888
0.09727 -0.2724
0.08623 -0.2554
0.07520 -0.2378
0.06418 -0.2201
0.05320 -0.2036
0.04232 -0.1914
0.03183 -0.1913
0.02262 -0.2167
0.01575 -0.2705
0.01108 -0.3397
0.00781 -0.4120
0.00539 -0.4735
0.00352 -0.4931
0.00208 -0.4081
0.00100 -0.1450
0.00026 0.2706
-0.00014 0.6742
-0.00027 0.9252
-0.00017 0.9995
0.00016 0.8978
0.00072 0.6204
0.00154 0.1898
0.00263 -0.2726
0.00401 -0.5350
0.00566 -0.5158
0.00760 -0.3833
0.00994 -0.2766
0.01289 -0.2090
0.01692 -0.1665
0.02282 -0.1363
0.03124 -0.1133
0.04142 -0.0963
0.05222 -0.0837
0.06318 -0.0738
0.07418 -0.0657
0.08520 -0.0585
0.09624 -0.0522
0.10729 -0.0464
0.11836 -0.0409
0.12945 -0.0356
0.14055 -0.0304
0.15166 -0.0251
0.16279 0.0453
0.17393 0.1017
0.18508 0.1495
0.19624 0.1925
0.20742 0.2300
0.21861 0.2592
0.22981 0.2822
0.24102 0.3003
0.25224 0.3144
0.26347 0.3254
0.27471 0.3341
0.28596 0.3408
0.29721 0.3461
0.30848 0.3502
0.31975 0.3534
0.33103 0.3560
0.34231 0.3579
0.35360 0.3594
0.36490 0.3605
0.37620 0.3613
0.38751 0.3618
0.39882 0.3621
0.41014 0.3622
0.42146 0.3621
0.43278 0.3618
0.44410 0.3613
0.45543 0.3606
0.46676 0.3597
0.47809 0.3587
0.48942 0.3575
0.50075 0.3561
0.51208 0.3545
0.52341 0.3527
0.53474 0.3507
0.54607 0.3485
0.55740 0.3461
0.56872 0.3434
0.58004 0.3406
0.59136 0.3375
0.60268 0.3341
0.61399 0.3305
0.62529 0.3266
0.63660 0.3224
0.64789 0.3178
0.65918 0.3130
0.67047 0.3078
0.68175 0.3022
0.69302 0.2962
0.70428 0.2898
0.71553 0.2828
0.72678 0.2754
0.73802 0.2674
0.74925 0.2588
0.76047 0.2495
0.77167 0.2394
0.78287 0.2284
0.79406 0.2165
0.80524 0.2033
0.81640 0.1887
0.82755 0.1724
0.83870 0.1539
0.84989 0.1316
0.86123 0.1079
0.87264 0.0847
0.88405 0.0612
0.89548 0.0369
0.90690 0.0115
0.91834 -0.0155
0.92977 -0.0449
0.94121 -0.0775
0.95265 -0.1149
0.96407 -0.1589
0.97534 -0.2126
0.98596 -0.2767
0.99464 -0.3488
1.00000 -0.2957
