alpha cl cd cm xtrs xtri npts dcl dcd biest clalt cdalt
-6.00 -0.4214 0.08677 -0.0015 1.0000 0.3556 9 0.0179 0.00140 0 -0.4214 0.08677
-5.75 -0.4328 0.08488 0.0014 1.0000 0.3689 9 0.0135 0.00065 0 -0.4328 0.08488
-5.50 -0.4265 0.08219 0.0045 1.0000 0.3830 9 0.0163 0.00089 0 -0.4265 0.08219
-5.25 -0.4386 0.08053 0.0079 1.0000 0.4004 9 0.0120 0.00056 0 -0.4386 0.08053
-5.00 -0.4512 0.07863 0.0110 1.0000 0.4219 5 0.0038 0.00014 0 -0.4512 0.07863
-4.75 -0.4406 0.07605 0.0153 1.0000 0.4432 1 0.0000 0.00000 0 -0.4406 0.07605
-4.50 -0.4157 0.05395 -0.0335 1.0000 0.1828 8 0.0337 0.02115 0 -0.4157 0.05395
-4.25 -0.3919 0.04854 -0.0365 1.0000 0.1692 8 0.0033 0.00154 0 -0.3919 0.04854
-4.00 -0.3661 0.04433 -0.0387 1.0000 0.1626 9 0.0032 0.00041 0 -0.3661 0.04433
-3.75 -0.3411 0.04129 -0.0398 1.0000 0.1632 9 0.0032 0.00024 0 -0.3411 0.04129
-3.50 -0.3160 0.03869 -0.0405 1.0000 0.1648 9 0.0014 0.00030 0 -0.3160 0.03869
-3.25 -0.2903 0.03664 -0.0411 1.0000 0.1681 9 0.0021 0.00041 0 -0.2903 0.03664
-3.00 -0.2659 0.03517 -0.0412 1.0000 0.1748 9 0.0001 0.00018 0 -0.2659 0.03517
-2.75 -0.2415 0.03380 -0.0413 1.0000 0.1824 9 0.0006 0.00017 0 -0.2415 0.03380
-2.50 -0.2171 0.03277 -0.0413 1.0000 0.1936 9 0.0012 0.00008 0 -0.2171 0.03277
-2.25 -0.1927 0.03191 -0.0413 1.0000 0.2076 9 0.0006 0.00013 0 -0.1927 0.03191
-2.00 -0.1691 0.03123 -0.0411 1.0000 0.2282 9 0.0004 0.00003 0 -0.1691 0.03123
-1.75 -0.1459 0.03063 -0.0409 1.0000 0.2555 9 0.0005 0.00006 0 -0.1459 0.03063
-1.50 -0.1217 0.03012 -0.0409 1.0000 0.2960 9 0.0002 0.00002 0 -0.1217 0.03012
-1.25 -0.0947 0.02946 -0.0412 1.0000 0.3671 9 0.0004 0.00001 0 -0.0947 0.02946
-1.00 -0.0661 0.02714 -0.0398 1.0000 0.6706 9 0.0005 0.00000 0 -0.0661 0.02714
-0.75 -0.0574 0.02664 -0.0368 1.0000 1.0000 9 0.0003 0.00002 0 -0.0574 0.02664
-0.50 -0.0309 0.02742 -0.0380 0.9978 1.0000 9 0.0018 0.00004 0 -0.0309 0.02742
-0.25 0.0266 0.02887 -0.0448 0.9833 1.0000 9 0.0020 0.00005 0 0.0266 0.02887
0.00 0.0738 0.03004 -0.0497 0.9695 1.0000 9 0.0032 0.00008 0 0.0738 0.03004
0.25 0.1161 0.03109 -0.0536 0.9559 1.0000 9 0.0024 0.00005 0 0.1161 0.03109
0.50 0.1599 0.03216 -0.0576 0.9422 1.0000 9 0.0040 0.00007 0 0.1599 0.03216
0.75 0.1972 0.03307 -0.0604 0.9275 1.0000 9 0.0054 0.00008 0 0.1972 0.03307
1.00 0.2381 0.03397 -0.0636 0.9115 1.0000 9 0.0069 0.00006 0 0.2381 0.03397
1.25 0.2817 0.03474 -0.0668 0.8939 1.0000 9 0.0033 0.00003 0 0.2817 0.03474
1.50 0.3206 0.03536 -0.0691 0.8750 1.0000 9 0.0068 0.00000 0 0.3206 0.03536
1.75 0.3610 0.03588 -0.0713 0.8563 1.0000 9 0.0047 0.00004 0 0.3610 0.03588
2.00 0.3999 0.03634 -0.0732 0.8380 1.0000 12 0.0074 0.00009 0 0.3999 0.03634
2.25 0.4389 0.03672 -0.0749 0.8206 1.0000 9 0.0045 0.00006 0 0.4389 0.03672
2.50 0.4753 0.03707 -0.0761 0.8033 1.0000 9 0.0087 0.00019 0 0.4753 0.03707
2.75 0.5142 0.03730 -0.0775 0.7860 1.0000 9 0.0061 0.00017 0 0.5142 0.03730
3.00 0.5500 0.03750 -0.0783 0.7697 1.0000 9 0.0040 0.00015 0 0.5500 0.03750
3.25 0.5807 0.03782 -0.0784 0.7521 1.0000 9 0.0117 0.00046 0 0.5807 0.03782
3.50 0.6253 0.03751 -0.0798 0.7376 1.0000 9 0.0146 0.00062 0 0.6253 0.03751
3.75 0.6563 0.03767 -0.0796 0.7203 1.0000 9 0.0121 0.00056 0 0.6563 0.03767
4.00 0.6976 0.03724 -0.0801 0.7064 1.0000 7 0.0012 0.00006 0 0.6976 0.03724
4.25 0.7189 0.03780 -0.0788 0.6883 1.0000 9 0.0156 0.00084 0 0.7189 0.03780
4.50 0.7588 0.03735 -0.0792 0.6753 1.0000 9 0.0130 0.00076 0 0.7588 0.03735
4.75 0.7819 0.03787 -0.0780 0.6584 1.0000 9 0.0145 0.00103 0 0.7819 0.03787
5.00 0.8136 0.03796 -0.0777 0.6451 1.0000 9 0.0043 0.00037 0 0.8136 0.03796
5.25 0.8398 0.03835 -0.0768 0.6300 1.0000 9 0.0143 0.00095 0 0.8398 0.03835
5.50 0.8571 0.03958 -0.0756 0.6160 1.0000 6 0.0018 0.00014 0 0.8571 0.03958
5.75 0.8747 0.04080 -0.0745 0.6026 1.0000 9 0.0130 0.00102 0 0.8747 0.04080
6.00 0.8959 0.04175 -0.0735 0.5899 1.0000 9 0.0285 0.00227 0 0.8959 0.04175
6.25 0.9202 0.04225 -0.0725 0.5768 1.0000 9 0.0069 0.00055 0 0.9202 0.04225
6.50 0.9549 0.04183 -0.0719 0.5648 1.0000 9 0.0182 0.00146 0 0.9549 0.04183
6.75 0.9900 0.04142 -0.0714 0.5520 1.0000 9 0.0239 0.00196 0 0.9900 0.04142
7.00 1.0047 0.04266 -0.0697 0.5384 1.0000 9 0.0176 0.00149 0 1.0047 0.04266
7.25 1.0235 0.04345 -0.0682 0.5251 1.0000 9 0.0044 0.00037 0 1.0235 0.04345
7.50 1.0599 0.04270 -0.0674 0.5113 1.0000 9 0.0275 0.00231 0 1.0599 0.04270
7.75 1.0884 0.04262 -0.0663 0.4966 1.0000 9 0.0352 0.00291 0 1.0884 0.04262
8.00 1.1205 0.04218 -0.0653 0.4810 1.0000 9 0.0301 0.00250 0 1.1205 0.04218
8.25 1.1429 0.04240 -0.0636 0.4639 1.0000 6 0.0055 0.00042 0 1.1429 0.04240
8.50 1.1825 0.04132 -0.0630 0.4451 1.0000 6 0.0074 0.00058 0 1.1825 0.04132
8.75 1.2054 0.04160 -0.0613 0.4269 1.0000 6 0.0073 0.00051 0 1.2054 0.04160
9.00 1.2263 0.04207 -0.0596 0.4072 1.0000 6 0.0113 0.00079 0 1.2263 0.04207
9.25 1.2554 0.04219 -0.0585 0.3863 1.0000 6 0.0114 0.00071 0 1.2554 0.04219
9.50 1.2756 0.04313 -0.0568 0.3661 1.0000 6 0.0063 0.00036 0 1.2756 0.04313
9.75 1.2912 0.04454 -0.0548 0.3465 1.0000 6 0.0124 0.00067 0 1.2912 0.04454
10.00 1.3006 0.04639 -0.0524 0.3294 1.0000 6 0.0142 0.00087 0 1.3006 0.04639
10.25 1.3169 0.04791 -0.0507 0.3136 1.0000 6 0.0219 0.00127 0 1.3169 0.04791
10.50 1.3266 0.04991 -0.0486 0.3001 1.0000 6 0.0171 0.00094 0 1.3266 0.04991
10.75 1.3434 0.05167 -0.0471 0.2870 1.0000 6 0.0196 0.00106 0 1.3434 0.05167
11.00 1.3563 0.05363 -0.0455 0.2757 1.0000 6 0.0009 0.00012 0 1.3563 0.05363
11.25 1.3235 0.05814 -0.0405 0.2709 1.0000 6 0.0158 0.00106 0 1.3235 0.05814
11.50 1.3056 0.06205 -0.0372 0.2652 1.0000 4 0.0555 0.00327 0 1.3056 0.06205
11.75 1.1092 0.08450 -0.0366 0.2776 1.0000 2 0.0000 0.00000 1 1.3073 0.06470
12.00 1.2425 0.07262 -0.0318 0.2589 1.0000 4 0.0660 0.00593 0 1.2425 0.07262
12.50 0.9050 0.13492 -0.0610 0.2917 1.0000 4 0.0122 0.00177 0 0.9050 0.13492
12.75 0.9158 0.13899 -0.0612 0.2882 1.0000 2 0.0000 0.00000 0 0.9158 0.13899
14.25 0.8610 0.17671 -0.0811 0.3498 1.0000 1 0.0000 0.00000 0 0.8610 0.17671
14.50 0.8650 0.17908 -0.0819 0.3392 1.0000 1 0.0000 0.00000 0 0.8650 0.17908
14.75 0.8699 0.18262 -0.0830 0.3330 1.0000 2 0.0000 0.00001 0 0.8699 0.18262
15.00 0.8771 0.18557 -0.0839 0.3243 1.0000 2 0.0000 0.00000 0 0.8771 0.18557
15.25 0.8869 0.18987 -0.0850 0.3189 1.0000 2 0.0000 0.00000 0 0.8869 0.18987
15.50 0.8954 0.19267 -0.0857 0.3077 1.0000 3 0.0011 0.00090 0 0.8954 0.19267
15.75 0.8998 0.19571 -0.0875 0.3018 1.0000 4 0.0152 0.00319 0 0.8998 0.19571
16.00 0.9113 0.19883 -0.0886 0.2924 1.0000 4 0.0061 0.00349 0 0.9113 0.19883
