alpha cl cd cm xtrs xtri npts dcl dcd biest clalt cdalt
-6.00 -0.6917 0.02767 0.0005 1.0000 0.3138 9 0.0013 0.00008 0 -0.6917 0.02767
-5.75 -0.6731 0.02656 0.0025 1.0000 0.3487 9 0.0007 0.00005 0 -0.6731 0.02656
-5.50 -0.6554 0.02560 0.0047 1.0000 0.3884 9 0.0006 0.00004 0 -0.6554 0.02560
-5.25 -0.6369 0.02481 0.0072 1.0000 0.4307 9 0.0007 0.00005 0 -0.6369 0.02481
-5.00 -0.6192 0.02414 0.0098 1.0000 0.4755 9 0.0006 0.00004 0 -0.6192 0.02414
-4.75 -0.6007 0.02363 0.0126 1.0000 0.5196 9 0.0005 0.00003 0 -0.6007 0.02363
-4.50 -0.5816 0.02327 0.0155 1.0000 0.5629 9 0.0009 0.00005 0 -0.5816 0.02327
-4.25 -0.5629 0.02297 0.0186 1.0000 0.6055 9 0.0002 0.00003 0 -0.5629 0.02297
-4.00 -0.5436 0.02281 0.0218 1.0000 0.6465 9 0.0012 0.00008 0 -0.5436 0.02281
-3.75 -0.5236 0.02275 0.0250 1.0000 0.6859 9 0.0004 0.00002 0 -0.5236 0.02275
-3.50 -0.5023 0.02282 0.0283 1.0000 0.7234 9 0.0006 0.00004 0 -0.5023 0.02282
-3.25 -0.4780 0.02304 0.0312 1.0000 0.7601 9 0.0008 0.00003 0 -0.4780 0.02304
-3.00 -0.4508 0.02329 0.0335 1.0000 0.7967 9 0.0030 0.00010 0 -0.4508 0.02329
-2.75 -0.4116 0.02374 0.0337 1.0000 0.8321 8 0.0066 0.00016 0 -0.4116 0.02374
-2.50 -0.3520 0.02433 0.0301 1.0000 0.8664 9 0.0056 0.00009 0 -0.3520 0.02433
-2.25 -0.2772 0.02470 0.0227 1.0000 0.9003 9 0.0097 0.00008 0 -0.2772 0.02470
-2.00 -0.1846 0.02463 0.0109 1.0000 0.9304 9 0.0070 0.00000 0 -0.1846 0.02463
-1.75 -0.1026 0.02406 0.0001 1.0000 0.9595 9 0.0012 0.00003 0 -0.1026 0.02406
-1.50 -0.0217 0.02312 -0.0114 1.0000 0.9869 9 0.0005 0.00002 0 -0.0217 0.02312
-1.25 0.0254 0.02219 -0.0174 1.0000 1.0000 9 0.0000 0.00000 0 0.0254 0.02219
-1.00 0.0284 0.02167 -0.0155 1.0000 1.0000 9 0.0000 0.00001 0 0.0284 0.02167
-0.75 0.0274 0.02128 -0.0127 1.0000 1.0000 9 0.0001 0.00001 0 0.0274 0.02128
-0.50 0.0224 0.02099 -0.0092 1.0000 1.0000 9 0.0000 0.00001 0 0.0224 0.02099
-0.25 0.0128 0.02083 -0.0049 1.0000 1.0000 9 0.0000 0.00001 0 0.0128 0.02083
0.00 0.0000 0.02077 0.0000 1.0000 1.0000 9 0.0000 0.00001 0 0.0000 0.02077
0.25 -0.0128 0.02083 0.0049 1.0000 1.0000 9 0.0000 0.00001 0 -0.0128 0.02083
0.50 -0.0224 0.02099 0.0092 1.0000 1.0000 9 0.0000 0.00000 0 -0.0224 0.02099
0.75 -0.0274 0.02127 0.0127 1.0000 1.0000 9 0.0001 0.00001 0 -0.0274 0.02127
1.00 -0.0284 0.02167 0.0155 1.0000 1.0000 9 0.0000 0.00000 0 -0.0284 0.02167
1.25 -0.0253 0.02219 0.0174 1.0000 1.0000 9 0.0000 0.00000 0 -0.0253 0.02219
1.50 0.0217 0.02311 0.0114 0.9869 1.0000 9 0.0004 0.00003 0 0.0217 0.02311
1.75 0.1026 0.02406 -0.0001 0.9596 1.0000 9 0.0011 0.00002 0 0.1026 0.02406
2.00 0.1845 0.02463 -0.0109 0.9304 1.0000 12 0.0070 0.00001 0 0.1845 0.02463
2.25 0.2772 0.02469 -0.0227 0.9003 1.0000 9 0.0098 0.00007 0 0.2772 0.02469
2.50 0.3519 0.02433 -0.0301 0.8664 1.0000 9 0.0055 0.00009 0 0.3519 0.02433
2.75 0.4113 0.02374 -0.0337 0.8320 1.0000 6 0.0065 0.00016 0 0.4113 0.02374
3.00 0.4508 0.02328 -0.0335 0.7967 1.0000 9 0.0030 0.00010 0 0.4508 0.02328
3.25 0.4779 0.02303 -0.0312 0.7601 1.0000 9 0.0009 0.00003 0 0.4779 0.02303
3.50 0.5022 0.02281 -0.0283 0.7234 1.0000 9 0.0007 0.00004 0 0.5022 0.02281
3.75 0.5236 0.02275 -0.0250 0.6859 1.0000 9 0.0005 0.00001 0 0.5236 0.02275
4.00 0.5435 0.02281 -0.0217 0.6465 1.0000 9 0.0013 0.00008 0 0.5435 0.02281
4.25 0.5629 0.02297 -0.0186 0.6055 1.0000 9 0.0002 0.00003 0 0.5629 0.02297
4.50 0.5816 0.02327 -0.0155 0.5630 1.0000 9 0.0008 0.00005 0 0.5816 0.02327
4.75 0.6006 0.02363 -0.0126 0.5196 1.0000 9 0.0005 0.00003 0 0.6006 0.02363
5.00 0.6192 0.02413 -0.0098 0.4756 1.0000 9 0.0006 0.00004 0 0.6192 0.02413
5.25 0.6369 0.02481 -0.0072 0.4308 1.0000 9 0.0008 0.00004 0 0.6369 0.02481
5.50 0.6553 0.02560 -0.0047 0.3884 1.0000 9 0.0006 0.00004 0 0.6553 0.02560
5.75 0.6730 0.02656 -0.0025 0.3487 1.0000 9 0.0008 0.00005 0 0.6730 0.02656
6.00 0.6916 0.02767 -0.0004 0.3139 1.0000 9 0.0012 0.00008 0 0.6916 0.02767
6.25 0.7106 0.02891 0.0014 0.2837 1.0000 9 0.0010 0.00011 0 0.7106 0.02891
6.50 0.7305 0.03029 0.0030 0.2584 1.0000 9 0.0007 0.00009 0 0.7305 0.03029
6.75 0.7496 0.03182 0.0046 0.2373 1.0000 9 0.0016 0.00016 0 0.7496 0.03182
7.00 0.7692 0.03345 0.0061 0.2196 1.0000 9 0.0024 0.00025 0 0.7692 0.03345
7.25 0.7887 0.03526 0.0075 0.2050 1.0000 9 0.0028 0.00029 0 0.7887 0.03526
7.50 0.8065 0.03732 0.0090 0.1927 1.0000 9 0.0030 0.00035 0 0.8065 0.03732
7.75 0.8234 0.03958 0.0105 0.1827 1.0000 9 0.0021 0.00001 0 0.8234 0.03958
8.00 0.8373 0.04223 0.0122 0.1747 1.0000 9 0.0047 0.00050 0 0.8373 0.04223
8.25 0.8575 0.04443 0.0132 0.1668 1.0000 6 0.0016 0.00032 0 0.8575 0.04443
8.50 0.8588 0.04817 0.0156 0.1628 1.0000 6 0.0023 0.00042 0 0.8588 0.04817
8.75 0.8653 0.05147 0.0173 0.1583 1.0000 6 0.0186 0.00163 0 0.8653 0.05147
9.00 0.8696 0.05513 0.0188 0.1554 1.0000 6 0.0157 0.00109 0 0.8696 0.05513
9.25 0.8671 0.05947 0.0203 0.1536 1.0000 6 0.0229 0.00123 0 0.8671 0.05947
9.50 0.8531 0.06460 0.0217 0.1535 1.0000 6 0.0274 0.00162 0 0.8531 0.06460
9.75 0.8366 0.06998 0.0224 0.1541 1.0000 6 0.0333 0.00205 0 0.8366 0.06998
10.00 0.8139 0.07595 0.0222 0.1560 1.0000 4 0.0143 0.00100 0 0.8139 0.07595
10.75 0.5853 0.12770 -0.0217 0.3211 1.0000 2 0.0000 0.00000 0 0.5853 0.12770
11.00 0.5910 0.13154 -0.0220 0.3131 1.0000 5 0.0133 0.00062 0 0.5910 0.13154
11.25 0.6047 0.13544 -0.0223 0.3039 1.0000 5 0.0141 0.00086 0 0.6047 0.13544
11.50 0.5985 0.13850 -0.0230 0.2951 1.0000 5 0.0049 0.00092 0 0.5985 0.13850
11.75 0.5994 0.14224 -0.0238 0.2879 1.0000 6 0.0697 0.00330 0 0.5994 0.14224
12.00 0.6148 0.14649 -0.0237 0.2789 1.0000 5 0.0108 0.00162 0 0.6148 0.14649
12.25 0.6106 0.14926 -0.0250 0.2708 1.0000 5 0.0177 0.00097 0 0.6106 0.14926
12.50 0.6214 0.15280 -0.0258 0.2626 1.0000 5 0.0097 0.00172 0 0.6214 0.15280
12.75 0.6215 0.15655 -0.0264 0.2557 1.0000 5 0.0138 0.00208 0 0.6215 0.15655
13.00 0.6261 0.15942 -0.0275 0.2482 1.0000 5 0.0110 0.00063 0 0.6261 0.15942
13.25 0.6428 0.16449 -0.0276 0.2411 1.0000 5 0.0114 0.00238 0 0.6428 0.16449
13.50 0.6353 0.16571 -0.0295 0.2343 1.0000 5 0.0050 0.00108 0 0.6353 0.16571
13.75 0.6557 0.17128 -0.0294 0.2281 1.0000 5 0.0053 0.00333 0 0.6557 0.17128
14.00 0.6483 0.17236 -0.0316 0.2208 1.0000 5 0.0114 0.00088 0 0.6483 0.17236
14.25 0.6614 0.17744 -0.0317 0.2155 1.0000 5 0.0073 0.00288 0 0.6614 0.17744
14.50 0.6664 0.18032 -0.0331 0.2091 1.0000 5 0.0193 0.00239 0 0.6664 0.18032
14.75 0.6722 0.18273 -0.0350 0.2035 1.0000 5 0.0202 0.00428 0 0.6722 0.18273
15.00 0.6920 0.18670 -0.0358 0.1978 1.0000 5 0.0240 0.00642 0 0.6920 0.18670
15.25 0.6866 0.18977 -0.0374 0.1923 1.0000 5 0.0209 0.00495 0 0.6866 0.18977
15.50 0.6891 0.19263 -0.0388 0.1874 1.0000 5 0.0175 0.00061 0 0.6891 0.19263
15.75 0.7011 0.19547 -0.0403 0.1818 1.0000 5 0.0230 0.00947 0 0.7011 0.19547
16.00 0.7120 0.20033 -0.0414 0.1784 1.0000 5 0.0167 0.00098 0 0.7120 0.20033
