alpha cl cd cm fuente
-180.0 -0.0000 0.0159 0.0000 3
-179.5 0.1016 0.0144 0.0507 3
-179.0 0.1501 0.0216 0.0748 3
-178.5 0.2003 0.0243 0.0996 3
-178.0 0.2400 0.0274 0.1191 3
-177.5 0.2773 0.0311 0.1373 3
-177.0 0.3164 0.0362 0.1563 3
-176.5 0.3105 0.0350 0.1530 3
-176.0 0.2904 0.0493 0.1433 3
-175.5 0.2101 0.0491 0.1040 3
-175.0 0.1800 0.0497 0.0893 3
-174.5 0.4469 0.0717 0.2190 3
-174.0 0.4630 0.0784 0.2265 3
-173.5 0.4684 0.0803 0.2287 3
-173.0 0.4706 0.0819 0.2292 3
-172.5 0.4696 0.0831 0.2283 3
-172.0 0.4655 0.0839 0.2258 3
-171.5 0.4587 0.0844 0.2221 3
-171.0 0.4492 0.0847 0.2170 3
-170.5 0.4374 0.0847 0.2110 3
-170.0 0.4236 0.0845 0.2039 3
-169.5 0.4082 0.0843 0.1962 3
-169.0 0.3915 0.0840 0.1879 3
-168.5 0.3739 0.0837 0.1793 3
-168.0 0.3558 0.0835 0.1705 3
-167.5 0.3376 0.0834 0.1618 3
-167.0 0.3199 0.0836 0.1533 3
-166.5 0.3029 0.0841 0.1453 3
-166.0 0.2871 0.0850 0.1379 3
-165.5 0.2728 0.0863 0.1314 3
-165.0 0.2605 0.0881 0.1258 3
-164.5 0.2504 0.0905 0.1213 3
-164.0 0.2428 0.0935 0.1180 3
-163.5 0.2379 0.0971 0.1161 3
-163.0 0.2359 0.1013 0.1156 3
-162.5 0.2370 0.1063 0.1164 3
-162.0 0.2412 0.1120 0.1188 3
-161.5 0.2469 0.1180 0.1219 3
-161.0 0.2526 0.1243 0.1249 3
-160.5 0.2582 0.1306 0.1280 3
-160.0 0.2638 0.1371 0.1310 3
-159.5 0.2692 0.1438 0.1340 3
-159.0 0.2746 0.1506 0.1370 3
-158.5 0.2799 0.1575 0.1401 3
-158.0 0.2850 0.1645 0.1430 3
-157.5 0.2902 0.1717 0.1460 3
-157.0 0.2952 0.1790 0.1490 3
-156.5 0.3001 0.1864 0.1520 3
-156.0 0.3049 0.1940 0.1549 3
-155.5 0.3097 0.2016 0.1578 3
-155.0 0.3143 0.2094 0.1608 3
-154.5 0.3189 0.2173 0.1637 3
-154.0 0.3234 0.2253 0.1666 3
-153.5 0.3277 0.2334 0.1695 3
-153.0 0.3320 0.2416 0.1723 3
-152.5 0.3361 0.2500 0.1752 3
-152.0 0.3402 0.2584 0.1780 3
-151.5 0.3441 0.2669 0.1809 3
-151.0 0.3480 0.2756 0.1837 3
-150.5 0.3517 0.2843 0.1865 3
-150.0 0.3554 0.2931 0.1893 3
-149.5 0.3589 0.3020 0.1921 3
-149.0 0.3623 0.3110 0.1948 3
-148.5 0.3656 0.3201 0.1976 3
-148.0 0.3688 0.3292 0.2003 3
-147.5 0.3719 0.3385 0.2030 3
-147.0 0.3749 0.3478 0.2057 3
-146.5 0.3777 0.3572 0.2084 3
-146.0 0.3805 0.3666 0.2111 3
-145.5 0.3831 0.3761 0.2137 3
-145.0 0.3856 0.3857 0.2163 3
-144.5 0.3880 0.3954 0.2189 3
-144.0 0.3903 0.4051 0.2215 3
-143.5 0.3924 0.4148 0.2241 3
-143.0 0.3944 0.4246 0.2266 3
-142.5 0.3964 0.4345 0.2292 3
-142.0 0.3982 0.4444 0.2317 3
-141.5 0.3998 0.4543 0.2342 3
-141.0 0.4014 0.4643 0.2366 3
-140.5 0.4028 0.4743 0.2391 3
-140.0 0.4041 0.4844 0.2415 3
-139.5 0.4053 0.4945 0.2439 3
-139.0 0.4063 0.5046 0.2462 3
-138.5 0.4073 0.5148 0.2486 3
-138.0 0.4081 0.5249 0.2509 3
-137.5 0.4088 0.5351 0.2532 3
-137.0 0.4093 0.5453 0.2555 3
-136.5 0.4098 0.5555 0.2577 3
-136.0 0.4101 0.5657 0.2599 3
-135.5 0.4103 0.5760 0.2621 3
-135.0 0.4103 0.5862 0.2642 3
-134.5 0.4103 0.5964 0.2664 3
-134.0 0.4101 0.6067 0.2685 3
-133.5 0.4098 0.6169 0.2705 3
-133.0 0.4093 0.6271 0.2726 3
-132.5 0.4088 0.6373 0.2746 3
-132.0 0.4081 0.6475 0.2766 3
-131.5 0.4073 0.6576 0.2785 3
-131.0 0.4063 0.6678 0.2804 3
-130.5 0.4053 0.6779 0.2823 3
-130.0 0.4041 0.6880 0.2841 3
-129.5 0.4028 0.6981 0.2859 3
-129.0 0.4014 0.7081 0.2877 3
-128.5 0.3998 0.7181 0.2894 3
-128.0 0.3982 0.7280 0.2911 3
-127.5 0.3964 0.7379 0.2928 3
-127.0 0.3944 0.7478 0.2944 3
-126.5 0.3924 0.7576 0.2960 3
-126.0 0.3903 0.7673 0.2976 3
-125.5 0.3880 0.7770 0.2991 3
-125.0 0.3856 0.7867 0.3006 3
-124.5 0.3831 0.7963 0.3020 3
-124.0 0.3805 0.8058 0.3034 3
-123.5 0.3777 0.8152 0.3047 3
-123.0 0.3749 0.8246 0.3061 3
-122.5 0.3719 0.8339 0.3073 3
-122.0 0.3688 0.8432 0.3086 3
-121.5 0.3656 0.8523 0.3097 3
-121.0 0.3623 0.8614 0.3109 3
-120.5 0.3589 0.8704 0.3120 3
-120.0 0.3554 0.8793 0.3131 3
-119.5 0.3517 0.8881 0.3141 3
-119.0 0.3480 0.8968 0.3151 3
-118.5 0.3441 0.9055 0.3160 3
-118.0 0.3402 0.9140 0.3169 3
-117.5 0.3361 0.9224 0.3177 3
-117.0 0.3320 0.9308 0.3185 3
-116.5 0.3277 0.9390 0.3193 3
-116.0 0.3234 0.9471 0.3200 3
-115.5 0.3189 0.9551 0.3206 3
-115.0 0.3143 0.9630 0.3212 3
-114.5 0.3097 0.9708 0.3218 3
-114.0 0.3049 0.9784 0.3223 3
-113.5 0.3001 0.9860 0.3228 3
-113.0 0.2952 0.9934 0.3232 3
-112.5 0.2902 1.0007 0.3236 3
-112.0 0.2850 1.0079 0.3239 3
-111.5 0.2799 1.0149 0.3242 3
-111.0 0.2746 1.0218 0.3245 3
-110.5 0.2692 1.0286 0.3247 3
-110.0 0.2638 1.0353 0.3248 3
-109.5 0.2582 1.0418 0.3249 3
-109.0 0.2526 1.0481 0.3250 3
-108.5 0.2469 1.0544 0.3250 3
-108.0 0.2412 1.0604 0.3249 3
-107.5 0.2354 1.0664 0.3248 3
-107.0 0.2295 1.0722 0.3247 3
-106.5 0.2235 1.0778 0.3245 3
-106.0 0.2174 1.0833 0.3243 3
-105.5 0.2113 1.0887 0.3240 3
-105.0 0.2052 1.0939 0.3237 3
-104.5 0.1989 1.0989 0.3233 3
-104.0 0.1926 1.1038 0.3229 3
-103.5 0.1863 1.1085 0.3224 3
-103.0 0.1799 1.1131 0.3219 3
-102.5 0.1734 1.1175 0.3213 3
-102.0 0.1669 1.1217 0.3207 3
-101.5 0.1603 1.1258 0.3201 3
-101.0 0.1537 1.1297 0.3194 3
-100.5 0.1471 1.1335 0.3186 3
-100.0 0.1403 1.1370 0.3178 3
-99.5 0.1336 1.1405 0.3170 3
-99.0 0.1268 1.1437 0.3161 3
-98.5 0.1200 1.1468 0.3152 3
-98.0 0.1131 1.1497 0.3142 3
-97.5 0.1062 1.1524 0.3132 3
-97.0 0.0993 1.1550 0.3121 3
-96.5 0.0923 1.1574 0.3110 3
-96.0 0.0853 1.1596 0.3099 3
-95.5 0.0783 1.1616 0.3087 3
-95.0 0.0713 1.1635 0.3075 3
-94.5 0.0642 1.1652 0.3062 3
-94.0 0.0571 1.1667 0.3049 3
-93.5 0.0500 1.1680 0.3036 3
-93.0 0.0429 1.1692 0.3022 3
-92.5 0.0358 1.1702 0.3008 3
-92.0 0.0286 1.1710 0.2993 3
-91.5 0.0215 1.1716 0.2978 3
-91.0 0.0143 1.1720 0.2963 3
-90.5 0.0072 1.1723 0.2947 3
-90.0 0.0000 1.1724 0.2931 3
-89.5 -0.0102 1.1723 0.2916 2
-89.0 -0.0205 1.1720 0.2901 2
-88.5 -0.0307 1.1716 0.2885 2
-88.0 -0.0409 1.1710 0.2869 2
-87.5 -0.0511 1.1702 0.2854 2
-87.0 -0.0613 1.1692 0.2837 2
-86.5 -0.0714 1.1680 0.2821 2
-86.0 -0.0816 1.1667 0.2805 2
-85.5 -0.0917 1.1652 0.2788 2
-85.0 -0.1018 1.1635 0.2771 2
-84.5 -0.1119 1.1616 0.2754 2
-84.0 -0.1219 1.1596 0.2737 2
-83.5 -0.1319 1.1574 0.2719 2
-83.0 -0.1418 1.1550 0.2702 2
-82.5 -0.1517 1.1524 0.2684 2
-82.0 -0.1616 1.1497 0.2666 2
-81.5 -0.1714 1.1468 0.2648 2
-81.0 -0.1811 1.1437 0.2629 2
-80.5 -0.1908 1.1405 0.2611 2
-80.0 -0.2005 1.1370 0.2592 2
-79.5 -0.2101 1.1335 0.2573 2
-79.0 -0.2196 1.1297 0.2554 2
-78.5 -0.2290 1.1258 0.2535 2
-78.0 -0.2384 1.1217 0.2516 2
-77.5 -0.2477 1.1175 0.2497 2
-77.0 -0.2570 1.1131 0.2477 2
-76.5 -0.2661 1.1085 0.2458 2
-76.0 -0.2752 1.1038 0.2438 2
-75.5 -0.2842 1.0989 0.2418 2
-75.0 -0.2931 1.0939 0.2398 2
-74.5 -0.3019 1.0887 0.2378 2
-74.0 -0.3106 1.0833 0.2358 2
-73.5 -0.3193 1.0778 0.2338 2
-73.0 -0.3278 1.0722 0.2317 2
-72.5 -0.3362 1.0664 0.2297 2
-72.0 -0.3446 1.0604 0.2276 2
-71.5 -0.3528 1.0544 0.2255 2
-71.0 -0.3609 1.0481 0.2234 2
-70.5 -0.3689 1.0418 0.2214 2
-70.0 -0.3768 1.0353 0.2193 2
-69.5 -0.3846 1.0286 0.2172 2
-69.0 -0.3922 1.0218 0.2150 2
-68.5 -0.3998 1.0149 0.2129 2
-68.0 -0.4072 1.0079 0.2108 2
-67.5 -0.4145 1.0007 0.2087 2
-67.0 -0.4217 0.9934 0.2065 2
-66.5 -0.4287 0.9860 0.2044 2
-66.0 -0.4356 0.9784 0.2022 2
-65.5 -0.4424 0.9708 0.2001 2
-65.0 -0.4491 0.9630 0.1979 2
-64.5 -0.4556 0.9551 0.1958 2
-64.0 -0.4619 0.9471 0.1936 2
-63.5 -0.4682 0.9390 0.1914 2
-63.0 -0.4742 0.9308 0.1893 2
-62.5 -0.4802 0.9224 0.1871 2
-62.0 -0.4860 0.9140 0.1849 2
-61.5 -0.4916 0.9055 0.1827 2
-61.0 -0.4971 0.8968 0.1806 2
-60.5 -0.5025 0.8881 0.1784 2
-60.0 -0.5077 0.8793 0.1762 2
-59.5 -0.5127 0.8704 0.1740 2
-59.0 -0.5176 0.8614 0.1718 2
-58.5 -0.5223 0.8523 0.1696 2
-58.0 -0.5269 0.8432 0.1675 2
-57.5 -0.5313 0.8339 0.1653 2
-57.0 -0.5355 0.8246 0.1631 2
-56.5 -0.5396 0.8152 0.1609 2
-56.0 -0.5435 0.8058 0.1588 2
-55.5 -0.5473 0.7963 0.1566 2
-55.0 -0.5508 0.7867 0.1544 2
-54.5 -0.5543 0.7770 0.1522 2
-54.0 -0.5575 0.7673 0.1501 2
-53.5 -0.5606 0.7576 0.1479 2
-53.0 -0.5635 0.7478 0.1458 2
-52.5 -0.5662 0.7379 0.1436 2
-52.0 -0.5688 0.7280 0.1415 2
-51.5 -0.5712 0.7181 0.1393 2
-51.0 -0.5734 0.7081 0.1372 2
-50.5 -0.5754 0.6981 0.1351 2
-50.0 -0.5773 0.6880 0.1330 2
-49.5 -0.5790 0.6779 0.1308 2
-49.0 -0.5805 0.6678 0.1287 2
-48.5 -0.5818 0.6576 0.1266 2
-48.0 -0.5830 0.6475 0.1245 2
-47.5 -0.5840 0.6373 0.1225 2
-47.0 -0.5848 0.6271 0.1204 2
-46.5 -0.5854 0.6169 0.1183 2
-46.0 -0.5858 0.6067 0.1163 2
-45.5 -0.5861 0.5964 0.1142 2
-45.0 -0.5862 0.5862 0.1122 2
-44.5 -0.5861 0.5760 0.1101 2
-44.0 -0.5858 0.5657 0.1081 2
-43.5 -0.5854 0.5555 0.1061 2
-43.0 -0.5848 0.5453 0.1041 2
-42.5 -0.5840 0.5351 0.1021 2
-42.0 -0.5830 0.5249 0.1001 2
-41.5 -0.5818 0.5148 0.0982 2
-41.0 -0.5805 0.5046 0.0962 2
-40.5 -0.5790 0.4945 0.0943 2
-40.0 -0.5773 0.4844 0.0924 2
-39.5 -0.5754 0.4743 0.0904 2
-39.0 -0.5734 0.4643 0.0885 2
-38.5 -0.5712 0.4543 0.0867 2
-38.0 -0.5688 0.4444 0.0848 2
-37.5 -0.5662 0.4345 0.0829 2
-37.0 -0.5635 0.4246 0.0811 2
-36.5 -0.5606 0.4148 0.0792 2
-36.0 -0.5575 0.4051 0.0774 2
-35.5 -0.5543 0.3954 0.0756 2
-35.0 -0.5508 0.3857 0.0738 2
-34.5 -0.5473 0.3761 0.0721 2
-34.0 -0.5435 0.3666 0.0703 2
-33.5 -0.5396 0.3572 0.0686 2
-33.0 -0.5355 0.3478 0.0669 2
-32.5 -0.5313 0.3385 0.0652 2
-32.0 -0.5269 0.3292 0.0635 2
-31.5 -0.5223 0.3201 0.0618 2
-31.0 -0.5176 0.3110 0.0601 2
-30.5 -0.5127 0.3020 0.0585 2
-30.0 -0.5077 0.2931 0.0569 2
-29.5 -0.5025 0.2843 0.0553 2
-29.0 -0.4971 0.2756 0.0537 2
-28.5 -0.4916 0.2669 0.0522 2
-28.0 -0.4860 0.2584 0.0506 2
-27.5 -0.4802 0.2500 0.0491 2
-27.0 -0.4742 0.2416 0.0476 2
-26.5 -0.4682 0.2334 0.0461 2
-26.0 -0.4619 0.2253 0.0446 2
-25.5 -0.4556 0.2173 0.0432 2
-25.0 -0.4491 0.2094 0.0418 2
-24.5 -0.4424 0.2016 0.0404 2
-24.0 -0.4356 0.1940 0.0390 2
-23.5 -0.4287 0.1864 0.0376 2
-23.0 -0.4217 0.1790 0.0363 2
-22.5 -0.4145 0.1717 0.0350 2
-22.0 -0.4072 0.1645 0.0337 2
-21.5 -0.3998 0.1575 0.0324 2
-21.0 -0.3922 0.1506 0.0311 2
-20.5 -0.3846 0.1438 0.0299 2
-20.0 -0.3768 0.1371 0.0287 2
-19.5 -0.3689 0.1306 0.0275 2
-19.0 -0.3609 0.1243 0.0263 2
-18.5 -0.3528 0.1180 0.0252 2
-18.0 -0.3446 0.1120 0.0241 2
-17.5 -0.3385 0.1063 0.0231 2
-17.0 -0.3370 0.1013 0.0225 2
-16.5 -0.3398 0.0971 0.0221 2
-16.0 -0.3468 0.0935 0.0220 2
-15.5 -0.3577 0.0905 0.0222 2
-15.0 -0.3721 0.0881 0.0225 2
-14.5 -0.3898 0.0863 0.0230 2
-14.0 -0.4101 0.0850 0.0236 2
-13.5 -0.4327 0.0841 0.0242 2
-13.0 -0.4570 0.0836 0.0249 2
-12.5 -0.4823 0.0834 0.0256 2
-12.0 -0.5082 0.0835 0.0263 2
-11.5 -0.5341 0.0837 0.0269 2
-11.0 -0.5592 0.0840 0.0275 2
-10.5 -0.5831 0.0843 0.0279 2
-10.0 -0.6052 0.0845 0.0281 2
-9.5 -0.6249 0.0847 0.0282 2
-9.0 -0.6417 0.0847 0.0282 2
-8.5 -0.6553 0.0844 0.0279 2
-8.0 -0.6651 0.0839 0.0275 2
-7.5 -0.6708 0.0831 0.0268 2
-7.0 -0.6722 0.0819 0.0260 2
-6.5 -0.6692 0.0803 0.0250 2
-6.0 -0.6615 0.0784 0.0239 0
-5.5 -0.6385 0.0717 0.0336 0
-5.0 -0.2571 0.0497 0.0146 0
-4.5 -0.3001 0.0491 0.0288 0
-4.0 -0.4149 0.0493 0.0510 0
-3.5 -0.4435 0.0350 0.0530 0
-3.0 -0.4520 0.0362 0.0124 0
-2.5 -0.3962 0.0311 0.0144 0
-2.0 -0.3429 0.0274 0.0170 0
-1.5 -0.2861 0.0243 0.0186 0
-1.0 -0.2144 0.0216 0.0173 0
-0.5 -0.1452 0.0144 0.0162 0
0.0 0.0000 0.0159 0.0000 0
0.5 0.1471 0.0195 -0.0166 0
1.0 0.2144 0.0216 -0.0173 0
1.5 0.2861 0.0243 -0.0186 0
2.0 0.3429 0.0274 -0.0170 0
2.5 0.3962 0.0311 -0.0144 0
3.0 0.4514 0.0361 -0.0122 0
3.5 0.5129 0.0468 -0.0639 0
4.0 0.4150 0.0495 -0.0510 0
4.5 0.3000 0.0492 -0.0289 0
5.0 0.2584 0.0496 -0.0149 0
5.5 0.6386 0.0717 -0.0336 0
6.0 0.6614 0.0784 -0.0240 0
6.5 0.6585 0.0838 -0.0219 0
7.0 0.6654 0.0906 -0.0193 0
7.5 0.6699 0.0973 -0.0179 0
8.0 0.5727 0.0990 -0.0136 0
8.5 0.6741 0.1108 -0.0159 0
9.0 0.6700 0.1169 -0.0169 0
9.5 0.6749 0.1239 -0.0173 0
10.0 0.6887 0.1321 -0.0168 0
10.5 0.6693 0.1350 -0.0218 0
11.0 0.6818 0.1430 -0.0220 0
11.5 0.6857 0.1487 -0.0238 0
12.0 0.6897 0.1551 -0.0260 0
12.5 0.7182 0.1667 -0.0242 0
13.0 0.7060 0.1680 -0.0295 0
13.5 0.7156 0.1741 -0.0314 0
14.0 0.7337 0.1835 -0.0321 0
14.5 0.7342 0.1862 -0.0362 0
15.0 0.7486 0.1932 -0.0377 0
15.5 0.7638 0.2016 -0.0393 0
16.0 0.7689 0.2043 -0.0434 0
16.5 0.7618 0.2095 -0.0441 1
17.0 0.7554 0.2148 -0.0449 1
17.5 0.7497 0.2203 -0.0457 1
18.0 0.7447 0.2259 -0.0466 1
18.5 0.7402 0.2317 -0.0474 1
19.0 0.7363 0.2376 -0.0483 1
19.5 0.7328 0.2436 -0.0493 1
20.0 0.7297 0.2498 -0.0502 1
20.5 0.7270 0.2561 -0.0512 1
21.0 0.7247 0.2625 -0.0522 1
21.5 0.7227 0.2690 -0.0533 1
22.0 0.7209 0.2757 -0.0543 1
22.5 0.7194 0.2824 -0.0554 1
23.0 0.7181 0.2893 -0.0565 1
23.5 0.7170 0.2963 -0.0577 1
24.0 0.7161 0.3035 -0.0589 1
24.5 0.7154 0.3107 -0.0601 1
25.0 0.7147 0.3180 -0.0613 1
25.5 0.7142 0.3255 -0.0625 1
26.0 0.7138 0.3330 -0.0638 1
26.5 0.7135 0.3407 -0.0651 1
27.0 0.7133 0.3484 -0.0664 1
27.5 0.7131 0.3563 -0.0677 1
28.0 0.7130 0.3642 -0.0690 1
28.5 0.7129 0.3723 -0.0704 1
29.0 0.7128 0.3804 -0.0718 1
29.5 0.7128 0.3886 -0.0732 1
30.0 0.7127 0.3969 -0.0747 1
30.5 0.7127 0.4053 -0.0761 1
31.0 0.7126 0.4137 -0.0776 1
31.5 0.7125 0.4223 -0.0791 1
32.0 0.7124 0.4309 -0.0806 1
32.5 0.7122 0.4395 -0.0821 1
33.0 0.7121 0.4483 -0.0837 1
33.5 0.7118 0.4571 -0.0852 1
34.0 0.7115 0.4660 -0.0868 1
34.5 0.7112 0.4749 -0.0884 1
35.0 0.7108 0.4839 -0.0901 1
35.5 0.7103 0.4929 -0.0917 1
36.0 0.7097 0.5020 -0.0933 1
36.5 0.7091 0.5112 -0.0950 1
37.0 0.7084 0.5203 -0.0967 1
37.5 0.7076 0.5296 -0.0984 1
38.0 0.7067 0.5388 -0.1001 1
38.5 0.7057 0.5481 -0.1018 1
39.0 0.7046 0.5575 -0.1036 1
39.5 0.7034 0.5668 -0.1053 1
40.0 0.7021 0.5762 -0.1071 1
40.5 0.7007 0.5856 -0.1089 1
41.0 0.6992 0.5951 -0.1107 1
41.5 0.6976 0.6045 -0.1125 1
42.0 0.6958 0.6140 -0.1143 1
42.5 0.6940 0.6235 -0.1162 1
43.0 0.6920 0.6330 -0.1180 1
43.5 0.6899 0.6425 -0.1199 1
44.0 0.6877 0.6520 -0.1218 1
44.5 0.6853 0.6615 -0.1237 1
45.0 0.6829 0.6710 -0.1256 1
45.5 0.6803 0.6804 -0.1275 1
46.0 0.6775 0.6899 -0.1294 1
46.5 0.6747 0.6994 -0.1313 1
47.0 0.6717 0.7088 -0.1332 1
47.5 0.6686 0.7183 -0.1352 1
48.0 0.6653 0.7277 -0.1371 1
48.5 0.6620 0.7371 -0.1391 1
49.0 0.6585 0.7464 -0.1411 1
49.5 0.6548 0.7557 -0.1430 1
50.0 0.6510 0.7650 -0.1450 1
50.5 0.6471 0.7743 -0.1470 1
51.0 0.6431 0.7835 -0.1490 1
51.5 0.6389 0.7927 -0.1510 1
52.0 0.6345 0.8018 -0.1530 1
52.5 0.6301 0.8109 -0.1550 1
53.0 0.6255 0.8199 -0.1570 1
53.5 0.6208 0.8289 -0.1591 1
54.0 0.6159 0.8378 -0.1611 1
54.5 0.6109 0.8467 -0.1631 1
55.0 0.6057 0.8554 -0.1652 1
55.5 0.6005 0.8642 -0.1672 1
56.0 0.5951 0.8728 -0.1692 1
56.5 0.5895 0.8814 -0.1713 1
57.0 0.5839 0.8899 -0.1733 1
57.5 0.5781 0.8983 -0.1754 1
58.0 0.5721 0.9067 -0.1774 1
58.5 0.5661 0.9150 -0.1795 1
59.0 0.5599 0.9231 -0.1815 1
59.5 0.5536 0.9312 -0.1836 1
60.0 0.5471 0.9392 -0.1856 1
60.5 0.5406 0.9471 -0.1877 1
61.0 0.5339 0.9549 -0.1897 1
61.5 0.5270 0.9627 -0.1918 1
62.0 0.5201 0.9703 -0.1938 1
62.5 0.5130 0.9778 -0.1959 1
63.0 0.5059 0.9852 -0.1979 1
63.5 0.4986 0.9925 -0.1999 1
64.0 0.4912 0.9996 -0.2020 1
64.5 0.4836 1.0067 -0.2040 1
65.0 0.4760 1.0137 -0.2060 1
65.5 0.4682 1.0205 -0.2080 1
66.0 0.4604 1.0272 -0.2101 1
66.5 0.4524 1.0338 -0.2121 1
67.0 0.4443 1.0402 -0.2141 1
67.5 0.4362 1.0466 -0.2161 1
68.0 0.4279 1.0528 -0.2181 1
68.5 0.4195 1.0588 -0.2201 1
69.0 0.4110 1.0648 -0.2220 1
69.5 0.4025 1.0706 -0.2240 1
70.0 0.3938 1.0762 -0.2260 1
70.5 0.3851 1.0818 -0.2279 1
71.0 0.3762 1.0872 -0.2299 1
71.5 0.3673 1.0924 -0.2318 1
72.0 0.3583 1.0975 -0.2337 1
72.5 0.3492 1.1024 -0.2357 1
73.0 0.3400 1.1072 -0.2376 1
73.5 0.3308 1.1119 -0.2395 1
74.0 0.3214 1.1164 -0.2413 1
74.5 0.3120 1.1207 -0.2432 1
75.0 0.3026 1.1249 -0.2451 1
75.5 0.2930 1.1289 -0.2469 1
76.0 0.2834 1.1328 -0.2488 1
76.5 0.2738 1.1365 -0.2506 1
77.0 0.2641 1.1400 -0.2524 1
77.5 0.2543 1.1434 -0.2542 1
78.0 0.2445 1.1466 -0.2559 1
78.5 0.2346 1.1497 -0.2577 1
79.0 0.2247 1.1526 -0.2595 1
79.5 0.2147 1.1553 -0.2612 1
80.0 0.2047 1.1579 -0.2629 1
80.5 0.1946 1.1602 -0.2646 1
81.0 0.1845 1.1625 -0.2663 1
81.5 0.1744 1.1645 -0.2679 1
82.0 0.1643 1.1664 -0.2696 1
82.5 0.1541 1.1681 -0.2712 1
83.0 0.1439 1.1696 -0.2728 1
83.5 0.1336 1.1709 -0.2744 1
84.0 0.1234 1.1721 -0.2760 1
84.5 0.1131 1.1731 -0.2775 1
85.0 0.1028 1.1739 -0.2790 1
85.5 0.0925 1.1746 -0.2806 1
86.0 0.0823 1.1751 -0.2820 1
86.5 0.0720 1.1753 -0.2835 1
87.0 0.0616 1.1755 -0.2849 1
87.5 0.0514 1.1754 -0.2864 1
88.0 0.0411 1.1752 -0.2878 1
88.5 0.0308 1.1747 -0.2891 1
89.0 0.0205 1.1741 -0.2905 1
89.5 0.0102 1.1734 -0.2918 1
90.0 0.0000 1.1724 -0.2931 1
90.5 -0.0072 1.1734 -0.2950 3
91.0 -0.0143 1.1741 -0.2968 3
91.5 -0.0215 1.1747 -0.2986 3
92.0 -0.0287 1.1752 -0.3004 3
92.5 -0.0359 1.1754 -0.3021 3
93.0 -0.0432 1.1755 -0.3038 3
93.5 -0.0504 1.1753 -0.3055 3
94.0 -0.0576 1.1751 -0.3071 3
94.5 -0.0648 1.1746 -0.3087 3
95.0 -0.0720 1.1739 -0.3103 3
95.5 -0.0792 1.1731 -0.3118 3
96.0 -0.0864 1.1721 -0.3133 3
96.5 -0.0935 1.1709 -0.3147 3
97.0 -0.1007 1.1696 -0.3161 3
97.5 -0.1078 1.1681 -0.3175 3
98.0 -0.1150 1.1664 -0.3188 3
98.5 -0.1221 1.1645 -0.3201 3
99.0 -0.1292 1.1625 -0.3213 3
99.5 -0.1362 1.1602 -0.3225 3
100.0 -0.1433 1.1579 -0.3237 3
100.5 -0.1503 1.1553 -0.3248 3
101.0 -0.1573 1.1526 -0.3258 3
101.5 -0.1642 1.1497 -0.3269 3
102.0 -0.1711 1.1466 -0.3279 3
102.5 -0.1780 1.1434 -0.3288 3
103.0 -0.1849 1.1400 -0.3297 3
103.5 -0.1917 1.1365 -0.3306 3
104.0 -0.1984 1.1328 -0.3314 3
104.5 -0.2051 1.1289 -0.3322 3
105.0 -0.2118 1.1249 -0.3329 3
105.5 -0.2184 1.1207 -0.3336 3
106.0 -0.2250 1.1164 -0.3342 3
106.5 -0.2315 1.1119 -0.3348 3
107.0 -0.2380 1.1072 -0.3354 3
107.5 -0.2444 1.1024 -0.3359 3
108.0 -0.2508 1.0975 -0.3364 3
108.5 -0.2571 1.0924 -0.3368 3
109.0 -0.2634 1.0872 -0.3372 3
109.5 -0.2695 1.0818 -0.3375 3
110.0 -0.2757 1.0762 -0.3378 3
110.5 -0.2817 1.0706 -0.3381 3
111.0 -0.2877 1.0648 -0.3383 3
111.5 -0.2937 1.0588 -0.3385 3
112.0 -0.2995 1.0528 -0.3386 3
112.5 -0.3053 1.0466 -0.3387 3
113.0 -0.3110 1.0402 -0.3387 3
113.5 -0.3167 1.0338 -0.3387 3
114.0 -0.3223 1.0272 -0.3387 3
114.5 -0.3278 1.0205 -0.3386 3
115.0 -0.3332 1.0137 -0.3385 3
115.5 -0.3385 1.0067 -0.3383 3
116.0 -0.3438 0.9996 -0.3381 3
116.5 -0.3490 0.9925 -0.3378 3
117.0 -0.3541 0.9852 -0.3375 3
117.5 -0.3591 0.9778 -0.3372 3
118.0 -0.3641 0.9703 -0.3368 3
118.5 -0.3689 0.9627 -0.3364 3
119.0 -0.3737 0.9549 -0.3360 3
119.5 -0.3784 0.9471 -0.3355 3
120.0 -0.3830 0.9392 -0.3350 3
120.5 -0.3875 0.9312 -0.3344 3
121.0 -0.3919 0.9231 -0.3338 3
121.5 -0.3963 0.9150 -0.3332 3
122.0 -0.4005 0.9067 -0.3325 3
122.5 -0.4046 0.8983 -0.3318 3
123.0 -0.4087 0.8899 -0.3311 3
123.5 -0.4127 0.8814 -0.3303 3
124.0 -0.4166 0.8728 -0.3295 3
124.5 -0.4203 0.8642 -0.3286 3
125.0 -0.4240 0.8554 -0.3278 3
125.5 -0.4276 0.8467 -0.3269 3
126.0 -0.4311 0.8378 -0.3259 3
126.5 -0.4345 0.8289 -0.3250 3
127.0 -0.4378 0.8199 -0.3240 3
127.5 -0.4411 0.8109 -0.3229 3
128.0 -0.4442 0.8018 -0.3219 3
128.5 -0.4472 0.7927 -0.3208 3
129.0 -0.4501 0.7835 -0.3197 3
129.5 -0.4530 0.7743 -0.3186 3
130.0 -0.4557 0.7650 -0.3174 3
130.5 -0.4584 0.7557 -0.3162 3
131.0 -0.4609 0.7464 -0.3150 3
131.5 -0.4634 0.7371 -0.3138 3
132.0 -0.4657 0.7277 -0.3126 3
132.5 -0.4680 0.7183 -0.3113 3
133.0 -0.4702 0.7088 -0.3100 3
133.5 -0.4723 0.6994 -0.3087 3
134.0 -0.4743 0.6899 -0.3074 3
134.5 -0.4762 0.6804 -0.3060 3
135.0 -0.4780 0.6710 -0.3047 3
135.5 -0.4797 0.6615 -0.3033 3
136.0 -0.4814 0.6520 -0.3019 3
136.5 -0.4829 0.6425 -0.3005 3
137.0 -0.4844 0.6330 -0.2991 3
137.5 -0.4858 0.6235 -0.2977 3
138.0 -0.4871 0.6140 -0.2962 3
138.5 -0.4883 0.6045 -0.2948 3
139.0 -0.4894 0.5951 -0.2934 3
139.5 -0.4905 0.5856 -0.2919 3
140.0 -0.4915 0.5762 -0.2905 3
140.5 -0.4924 0.5668 -0.2890 3
141.0 -0.4932 0.5575 -0.2875 3
141.5 -0.4940 0.5481 -0.2861 3
142.0 -0.4947 0.5388 -0.2846 3
142.5 -0.4953 0.5296 -0.2831 3
143.0 -0.4959 0.5203 -0.2817 3
143.5 -0.4964 0.5112 -0.2802 3
144.0 -0.4968 0.5020 -0.2788 3
144.5 -0.4972 0.4929 -0.2774 3
145.0 -0.4975 0.4839 -0.2759 3
145.5 -0.4978 0.4749 -0.2745 3
146.0 -0.4981 0.4660 -0.2731 3
146.5 -0.4983 0.4571 -0.2718 3
147.0 -0.4984 0.4483 -0.2704 3
147.5 -0.4986 0.4395 -0.2690 3
148.0 -0.4987 0.4309 -0.2677 3
148.5 -0.4988 0.4223 -0.2664 3
149.0 -0.4988 0.4137 -0.2652 3
149.5 -0.4989 0.4053 -0.2639 3
150.0 -0.4989 0.3969 -0.2627 3
150.5 -0.4989 0.3886 -0.2615 3
151.0 -0.4990 0.3804 -0.2604 3
151.5 -0.4990 0.3723 -0.2593 3
152.0 -0.4991 0.3642 -0.2583 3
152.5 -0.4992 0.3563 -0.2573 3
153.0 -0.4993 0.3484 -0.2563 3
153.5 -0.4995 0.3407 -0.2554 3
154.0 -0.4997 0.3330 -0.2546 3
154.5 -0.5000 0.3255 -0.2538 3
155.0 -0.5003 0.3180 -0.2531 3
155.5 -0.5008 0.3107 -0.2525 3
156.0 -0.5013 0.3035 -0.2519 3
156.5 -0.5019 0.2963 -0.2515 3
157.0 -0.5027 0.2893 -0.2511 3
157.5 -0.5036 0.2824 -0.2508 3
158.0 -0.5046 0.2757 -0.2507 3
158.5 -0.5059 0.2690 -0.2506 3
159.0 -0.5073 0.2625 -0.2507 3
159.5 -0.5089 0.2561 -0.2509 3
160.0 -0.5108 0.2498 -0.2513 3
160.5 -0.5130 0.2436 -0.2518 3
161.0 -0.5154 0.2376 -0.2525 3
161.5 -0.5182 0.2317 -0.2534 3
162.0 -0.5213 0.2259 -0.2545 3
162.5 -0.5248 0.2203 -0.2558 3
163.0 -0.5288 0.2148 -0.2574 3
163.5 -0.5332 0.2095 -0.2592 3
164.0 -0.5382 0.2043 -0.2613 3
164.5 -0.5347 0.2016 -0.2600 3
165.0 -0.5240 0.1932 -0.2549 3
165.5 -0.5139 0.1862 -0.2502 3
166.0 -0.5136 0.1835 -0.2503 3
166.5 -0.5009 0.1741 -0.2441 3
167.0 -0.4942 0.1680 -0.2409 3
167.5 -0.5027 0.1667 -0.2452 3
168.0 -0.4828 0.1551 -0.2354 3
168.5 -0.4800 0.1487 -0.2340 3
169.0 -0.4773 0.1430 -0.2327 3
169.5 -0.4685 0.1350 -0.2285 3
170.0 -0.4821 0.1321 -0.2350 3
170.5 -0.4724 0.1239 -0.2304 3
171.0 -0.4690 0.1169 -0.2287 3
171.5 -0.4719 0.1108 -0.2301 3
172.0 -0.4009 0.0990 -0.1963 3
172.5 -0.4689 0.0973 -0.2289 3
173.0 -0.4658 0.0906 -0.2275 3
173.5 -0.4609 0.0838 -0.2253 3
174.0 -0.4630 0.0784 -0.2265 3
174.5 -0.4470 0.0717 -0.2190 3
175.0 -0.1809 0.0496 -0.0897 3
175.5 -0.2100 0.0492 -0.1039 3
176.0 -0.2905 0.0495 -0.1434 3
176.5 -0.3590 0.0468 -0.1771 3
177.0 -0.3160 0.0361 -0.1561 3
177.5 -0.2773 0.0311 -0.1373 3
178.0 -0.2400 0.0274 -0.1191 3
178.5 -0.2003 0.0243 -0.0996 3
179.0 -0.1501 0.0216 -0.0748 3
179.5 -0.1030 0.0195 -0.0514 3
180.0 -0.0000 0.0159 -0.0000 3
