alpha cl cd cm fuente
-180.0 -0.0000 0.0237 0.0000 3
-179.5 0.0328 0.0237 0.0164 3
-179.0 0.0668 0.0238 0.0334 3
-178.5 0.1612 0.0290 0.0803 3
-178.0 0.2141 0.0330 0.1064 3
-177.5 0.2666 0.0370 0.1321 3
-177.0 0.3128 0.0416 0.1546 3
-176.5 0.3521 0.0470 0.1737 3
-176.0 0.3888 0.0535 0.1914 3
-175.5 0.4197 0.0610 0.2063 3
-175.0 0.4386 0.0692 0.2153 3
-174.5 0.4289 0.0765 0.2105 3
-174.0 0.3948 0.0810 0.1939 3
-173.5 0.4005 0.0829 0.1963 3
-173.0 0.4035 0.0844 0.1974 3
-172.5 0.4039 0.0855 0.1972 3
-172.0 0.4019 0.0863 0.1959 3
-171.5 0.3975 0.0867 0.1934 3
-171.0 0.3910 0.0869 0.1899 3
-170.5 0.3825 0.0868 0.1855 3
-170.0 0.3725 0.0865 0.1803 3
-169.5 0.3610 0.0861 0.1745 3
-169.0 0.3485 0.0856 0.1683 3
-168.5 0.3353 0.0851 0.1617 3
-168.0 0.3216 0.0848 0.1550 3
-167.5 0.3080 0.0846 0.1484 3
-167.0 0.2946 0.0846 0.1420 3
-166.5 0.2818 0.0849 0.1359 3
-166.0 0.2700 0.0857 0.1304 3
-165.5 0.2595 0.0868 0.1255 3
-165.0 0.2505 0.0885 0.1214 3
-164.5 0.2433 0.0908 0.1182 3
-164.0 0.2382 0.0936 0.1161 3
-163.5 0.2353 0.0972 0.1150 3
-163.0 0.2347 0.1014 0.1151 3
-162.5 0.2367 0.1063 0.1163 3
-162.0 0.2412 0.1120 0.1188 3
-161.5 0.2469 0.1180 0.1219 3
-161.0 0.2526 0.1243 0.1249 3
-160.5 0.2582 0.1306 0.1280 3
-160.0 0.2638 0.1371 0.1310 3
-159.5 0.2692 0.1438 0.1340 3
-159.0 0.2746 0.1506 0.1370 3
-158.5 0.2799 0.1575 0.1401 3
-158.0 0.2850 0.1645 0.1430 3
-157.5 0.2902 0.1717 0.1460 3
-157.0 0.2952 0.1790 0.1490 3
-156.5 0.3001 0.1864 0.1520 3
-156.0 0.3049 0.1940 0.1549 3
-155.5 0.3097 0.2016 0.1578 3
-155.0 0.3143 0.2094 0.1608 3
-154.5 0.3189 0.2173 0.1637 3
-154.0 0.3234 0.2253 0.1666 3
-153.5 0.3277 0.2334 0.1695 3
-153.0 0.3320 0.2416 0.1723 3
-152.5 0.3361 0.2500 0.1752 3
-152.0 0.3402 0.2584 0.1780 3
-151.5 0.3441 0.2669 0.1809 3
-151.0 0.3480 0.2756 0.1837 3
-150.5 0.3517 0.2843 0.1865 3
-150.0 0.3554 0.2931 0.1893 3
-149.5 0.3589 0.3020 0.1921 3
-149.0 0.3623 0.3110 0.1948 3
-148.5 0.3656 0.3201 0.1976 3
-148.0 0.3688 0.3292 0.2003 3
-147.5 0.3719 0.3385 0.2030 3
-147.0 0.3749 0.3478 0.2057 3
-146.5 0.3777 0.3572 0.2084 3
-146.0 0.3805 0.3666 0.2111 3
-145.5 0.3831 0.3761 0.2137 3
-145.0 0.3856 0.3857 0.2163 3
-144.5 0.3880 0.3954 0.2189 3
-144.0 0.3903 0.4051 0.2215 3
-143.5 0.3924 0.4148 0.2241 3
-143.0 0.3944 0.4246 0.2266 3
-142.5 0.3964 0.4345 0.2292 3
-142.0 0.3982 0.4444 0.2317 3
-141.5 0.3998 0.4543 0.2342 3
-141.0 0.4014 0.4643 0.2366 3
-140.5 0.4028 0.4743 0.2391 3
-140.0 0.4041 0.4844 0.2415 3
-139.5 0.4053 0.4945 0.2439 3
-139.0 0.4063 0.5046 0.2462 3
-138.5 0.4073 0.5148 0.2486 3
-138.0 0.4081 0.5249 0.2509 3
-137.5 0.4088 0.5351 0.2532 3
-137.0 0.4093 0.5453 0.2555 3
-136.5 0.4098 0.5555 0.2577 3
-136.0 0.4101 0.5657 0.2599 3
-135.5 0.4103 0.5760 0.2621 3
-135.0 0.4103 0.5862 0.2642 3
-134.5 0.4103 0.5964 0.2664 3
-134.0 0.4101 0.6067 0.2685 3
-133.5 0.4098 0.6169 0.2705 3
-133.0 0.4093 0.6271 0.2726 3
-132.5 0.4088 0.6373 0.2746 3
-132.0 0.4081 0.6475 0.2766 3
-131.5 0.4073 0.6576 0.2785 3
-131.0 0.4063 0.6678 0.2804 3
-130.5 0.4053 0.6779 0.2823 3
-130.0 0.4041 0.6880 0.2841 3
-129.5 0.4028 0.6981 0.2859 3
-129.0 0.4014 0.7081 0.2877 3
-128.5 0.3998 0.7181 0.2894 3
-128.0 0.3982 0.7280 0.2911 3
-127.5 0.3964 0.7379 0.2928 3
-127.0 0.3944 0.7478 0.2944 3
-126.5 0.3924 0.7576 0.2960 3
-126.0 0.3903 0.7673 0.2976 3
-125.5 0.3880 0.7770 0.2991 3
-125.0 0.3856 0.7867 0.3006 3
-124.5 0.3831 0.7963 0.3020 3
-124.0 0.3805 0.8058 0.3034 3
-123.5 0.3777 0.8152 0.3047 3
-123.0 0.3749 0.8246 0.3061 3
-122.5 0.3719 0.8339 0.3073 3
-122.0 0.3688 0.8432 0.3086 3
-121.5 0.3656 0.8523 0.3097 3
-121.0 0.3623 0.8614 0.3109 3
-120.5 0.3589 0.8704 0.3120 3
-120.0 0.3554 0.8793 0.3131 3
-119.5 0.3517 0.8881 0.3141 3
-119.0 0.3480 0.8968 0.3151 3
-118.5 0.3441 0.9055 0.3160 3
-118.0 0.3402 0.9140 0.3169 3
-117.5 0.3361 0.9224 0.3177 3
-117.0 0.3320 0.9308 0.3185 3
-116.5 0.3277 0.9390 0.3193 3
-116.0 0.3234 0.9471 0.3200 3
-115.5 0.3189 0.9551 0.3206 3
-115.0 0.3143 0.9630 0.3212 3
-114.5 0.3097 0.9708 0.3218 3
-114.0 0.3049 0.9784 0.3223 3
-113.5 0.3001 0.9860 0.3228 3
-113.0 0.2952 0.9934 0.3232 3
-112.5 0.2902 1.0007 0.3236 3
-112.0 0.2850 1.0079 0.3239 3
-111.5 0.2799 1.0149 0.3242 3
-111.0 0.2746 1.0218 0.3245 3
-110.5 0.2692 1.0286 0.3247 3
-110.0 0.2638 1.0353 0.3248 3
-109.5 0.2582 1.0418 0.3249 3
-109.0 0.2526 1.0481 0.3250 3
-108.5 0.2469 1.0544 0.3250 3
-108.0 0.2412 1.0604 0.3249 3
-107.5 0.2354 1.0664 0.3248 3
-107.0 0.2295 1.0722 0.3247 3
-106.5 0.2235 1.0778 0.3245 3
-106.0 0.2174 1.0833 0.3243 3
-105.5 0.2113 1.0887 0.3240 3
-105.0 0.2052 1.0939 0.3237 3
-104.5 0.1989 1.0989 0.3233 3
-104.0 0.1926 1.1038 0.3229 3
-103.5 0.1863 1.1085 0.3224 3
-103.0 0.1799 1.1131 0.3219 3
-102.5 0.1734 1.1175 0.3213 3
-102.0 0.1669 1.1217 0.3207 3
-101.5 0.1603 1.1258 0.3201 3
-101.0 0.1537 1.1297 0.3194 3
-100.5 0.1471 1.1335 0.3186 3
-100.0 0.1403 1.1370 0.3178 3
-99.5 0.1336 1.1405 0.3170 3
-99.0 0.1268 1.1437 0.3161 3
-98.5 0.1200 1.1468 0.3152 3
-98.0 0.1131 1.1497 0.3142 3
-97.5 0.1062 1.1524 0.3132 3
-97.0 0.0993 1.1550 0.3121 3
-96.5 0.0923 1.1574 0.3110 3
-96.0 0.0853 1.1596 0.3099 3
-95.5 0.0783 1.1616 0.3087 3
-95.0 0.0713 1.1635 0.3075 3
-94.5 0.0642 1.1652 0.3062 3
-94.0 0.0571 1.1667 0.3049 3
-93.5 0.0500 1.1680 0.3036 3
-93.0 0.0429 1.1692 0.3022 3
-92.5 0.0358 1.1702 0.3008 3
-92.0 0.0286 1.1710 0.2993 3
-91.5 0.0215 1.1716 0.2978 3
-91.0 0.0143 1.1720 0.2963 3
-90.5 0.0072 1.1723 0.2947 3
-90.0 0.0000 1.1724 0.2931 3
-89.5 -0.0102 1.1723 0.2920 2
-89.0 -0.0205 1.1720 0.2908 2
-88.5 -0.0307 1.1716 0.2896 2
-88.0 -0.0409 1.1710 0.2884 2
-87.5 -0.0511 1.1702 0.2872 2
-87.0 -0.0613 1.1692 0.2859 2
-86.5 -0.0714 1.1680 0.2847 2
-86.0 -0.0816 1.1667 0.2834 2
-85.5 -0.0917 1.1652 0.2821 2
-85.0 -0.1018 1.1635 0.2808 2
-84.5 -0.1119 1.1616 0.2794 2
-84.0 -0.1219 1.1596 0.2780 2
-83.5 -0.1319 1.1574 0.2767 2
-83.0 -0.1418 1.1550 0.2753 2
-82.5 -0.1517 1.1524 0.2738 2
-82.0 -0.1616 1.1497 0.2724 2
-81.5 -0.1714 1.1468 0.2709 2
-81.0 -0.1811 1.1437 0.2695 2
-80.5 -0.1908 1.1405 0.2680 2
-80.0 -0.2005 1.1370 0.2665 2
-79.5 -0.2101 1.1335 0.2649 2
-79.0 -0.2196 1.1297 0.2634 2
-78.5 -0.2290 1.1258 0.2618 2
-78.0 -0.2384 1.1217 0.2602 2
-77.5 -0.2477 1.1175 0.2586 2
-77.0 -0.2570 1.1131 0.2570 2
-76.5 -0.2661 1.1085 0.2554 2
-76.0 -0.2752 1.1038 0.2538 2
-75.5 -0.2842 1.0989 0.2521 2
-75.0 -0.2931 1.0939 0.2505 2
-74.5 -0.3019 1.0887 0.2488 2
-74.0 -0.3106 1.0833 0.2471 2
-73.5 -0.3193 1.0778 0.2454 2
-73.0 -0.3278 1.0722 0.2437 2
-72.5 -0.3362 1.0664 0.2419 2
-72.0 -0.3446 1.0604 0.2402 2
-71.5 -0.3528 1.0544 0.2384 2
-71.0 -0.3609 1.0481 0.2366 2
-70.5 -0.3689 1.0418 0.2349 2
-70.0 -0.3768 1.0353 0.2331 2
-69.5 -0.3846 1.0286 0.2313 2
-69.0 -0.3922 1.0218 0.2294 2
-68.5 -0.3998 1.0149 0.2276 2
-68.0 -0.4072 1.0079 0.2258 2
-67.5 -0.4145 1.0007 0.2239 2
-67.0 -0.4217 0.9934 0.2221 2
-66.5 -0.4287 0.9860 0.2202 2
-66.0 -0.4356 0.9784 0.2183 2
-65.5 -0.4424 0.9708 0.2165 2
-65.0 -0.4491 0.9630 0.2146 2
-64.5 -0.4556 0.9551 0.2127 2
-64.0 -0.4619 0.9471 0.2108 2
-63.5 -0.4682 0.9390 0.2089 2
-63.0 -0.4742 0.9308 0.2069 2
-62.5 -0.4802 0.9224 0.2050 2
-62.0 -0.4860 0.9140 0.2031 2
-61.5 -0.4916 0.9055 0.2011 2
-61.0 -0.4971 0.8968 0.1992 2
-60.5 -0.5025 0.8881 0.1972 2
-60.0 -0.5077 0.8793 0.1953 2
-59.5 -0.5127 0.8704 0.1933 2
-59.0 -0.5176 0.8614 0.1913 2
-58.5 -0.5223 0.8523 0.1894 2
-58.0 -0.5269 0.8432 0.1874 2
-57.5 -0.5313 0.8339 0.1854 2
-57.0 -0.5355 0.8246 0.1834 2
-56.5 -0.5396 0.8152 0.1815 2
-56.0 -0.5435 0.8058 0.1795 2
-55.5 -0.5473 0.7963 0.1775 2
-55.0 -0.5508 0.7867 0.1755 2
-54.5 -0.5543 0.7770 0.1735 2
-54.0 -0.5575 0.7673 0.1715 2
-53.5 -0.5606 0.7576 0.1695 2
-53.0 -0.5635 0.7478 0.1675 2
-52.5 -0.5662 0.7379 0.1655 2
-52.0 -0.5688 0.7280 0.1635 2
-51.5 -0.5712 0.7181 0.1615 2
-51.0 -0.5734 0.7081 0.1595 2
-50.5 -0.5754 0.6981 0.1575 2
-50.0 -0.5773 0.6880 0.1555 2
-49.5 -0.5790 0.6779 0.1535 2
-49.0 -0.5805 0.6678 0.1515 2
-48.5 -0.5818 0.6576 0.1495 2
-48.0 -0.5830 0.6475 0.1475 2
-47.5 -0.5840 0.6373 0.1455 2
-47.0 -0.5848 0.6271 0.1435 2
-46.5 -0.5854 0.6169 0.1415 2
-46.0 -0.5858 0.6067 0.1395 2
-45.5 -0.5861 0.5964 0.1375 2
-45.0 -0.5862 0.5862 0.1355 2
-44.5 -0.5861 0.5760 0.1336 2
-44.0 -0.5858 0.5657 0.1316 2
-43.5 -0.5854 0.5555 0.1296 2
-43.0 -0.5848 0.5453 0.1276 2
-42.5 -0.5840 0.5351 0.1257 2
-42.0 -0.5830 0.5249 0.1237 2
-41.5 -0.5818 0.5148 0.1218 2
-41.0 -0.5805 0.5046 0.1198 2
-40.5 -0.5790 0.4945 0.1179 2
-40.0 -0.5773 0.4844 0.1160 2
-39.5 -0.5754 0.4743 0.1140 2
-39.0 -0.5734 0.4643 0.1121 2
-38.5 -0.5712 0.4543 0.1102 2
-38.0 -0.5688 0.4444 0.1083 2
-37.5 -0.5662 0.4345 0.1064 2
-37.0 -0.5635 0.4246 0.1045 2
-36.5 -0.5606 0.4148 0.1026 2
-36.0 -0.5575 0.4051 0.1007 2
-35.5 -0.5543 0.3954 0.0989 2
-35.0 -0.5508 0.3857 0.0970 2
-34.5 -0.5473 0.3761 0.0952 2
-34.0 -0.5435 0.3666 0.0933 2
-33.5 -0.5396 0.3572 0.0915 2
-33.0 -0.5355 0.3478 0.0897 2
-32.5 -0.5313 0.3385 0.0879 2
-32.0 -0.5269 0.3292 0.0860 2
-31.5 -0.5223 0.3201 0.0843 2
-31.0 -0.5176 0.3110 0.0825 2
-30.5 -0.5127 0.3020 0.0807 2
-30.0 -0.5077 0.2931 0.0789 2
-29.5 -0.5025 0.2843 0.0772 2
-29.0 -0.4971 0.2756 0.0754 2
-28.5 -0.4916 0.2669 0.0737 2
-28.0 -0.4860 0.2584 0.0720 2
-27.5 -0.4802 0.2500 0.0703 2
-27.0 -0.4742 0.2416 0.0686 2
-26.5 -0.4682 0.2334 0.0669 2
-26.0 -0.4619 0.2253 0.0653 2
-25.5 -0.4556 0.2173 0.0636 2
-25.0 -0.4491 0.2094 0.0620 2
-24.5 -0.4424 0.2016 0.0603 2
-24.0 -0.4356 0.1940 0.0587 2
-23.5 -0.4287 0.1864 0.0571 2
-23.0 -0.4217 0.1790 0.0555 2
-22.5 -0.4145 0.1717 0.0539 2
-22.0 -0.4072 0.1645 0.0524 2
-21.5 -0.3998 0.1575 0.0508 2
-21.0 -0.3922 0.1506 0.0493 2
-20.5 -0.3846 0.1438 0.0478 2
-20.0 -0.3768 0.1371 0.0463 2
-19.5 -0.3689 0.1306 0.0448 2
-19.0 -0.3609 0.1243 0.0433 2
-18.5 -0.3528 0.1180 0.0419 2
-18.0 -0.3446 0.1120 0.0404 2
-17.5 -0.3381 0.1063 0.0392 2
-17.0 -0.3353 0.1014 0.0384 2
-16.5 -0.3361 0.0972 0.0380 2
-16.0 -0.3403 0.0936 0.0380 2
-15.5 -0.3476 0.0908 0.0384 2
-15.0 -0.3578 0.0885 0.0390 2
-14.5 -0.3707 0.0868 0.0399 2
-14.0 -0.3857 0.0857 0.0410 2
-13.5 -0.4026 0.0849 0.0423 2
-13.0 -0.4208 0.0846 0.0438 2
-12.5 -0.4399 0.0846 0.0452 2
-12.0 -0.4595 0.0848 0.0467 2
-11.5 -0.4790 0.0851 0.0482 2
-11.0 -0.4979 0.0856 0.0496 2
-10.5 -0.5157 0.0861 0.0508 2
-10.0 -0.5321 0.0865 0.0519 2
-9.5 -0.5465 0.0868 0.0527 2
-9.0 -0.5585 0.0869 0.0533 2
-8.5 -0.5678 0.0867 0.0536 2
-8.0 -0.5741 0.0863 0.0536 2
-7.5 -0.5770 0.0855 0.0533 2
-7.0 -0.5764 0.0844 0.0527 2
-6.5 -0.5721 0.0829 0.0517 2
-6.0 -0.5640 0.0810 0.0504 0
-5.5 -0.6127 0.0765 0.0459 0
-5.0 -0.6266 0.0692 0.0343 0
-4.5 -0.5995 0.0610 0.0225 0
-4.0 -0.5554 0.0535 0.0155 0
-3.5 -0.5030 0.0470 0.0116 0
-3.0 -0.4468 0.0416 0.0102 0
-2.5 -0.3808 0.0370 0.0086 0
-2.0 -0.3059 0.0330 0.0064 0
-1.5 -0.2303 0.0290 0.0046 0
-1.0 -0.0954 0.0238 -0.0055 0
-0.5 -0.0468 0.0237 -0.0026 0
0.0 0.0000 0.0237 0.0000 0
0.5 0.0468 0.0237 0.0026 0
1.0 0.0954 0.0238 0.0055 0
1.5 0.2303 0.0290 -0.0046 0
2.0 0.3059 0.0330 -0.0064 0
2.5 0.3808 0.0370 -0.0086 0
3.0 0.4468 0.0416 -0.0102 0
3.5 0.5030 0.0470 -0.0116 0
4.0 0.5554 0.0535 -0.0155 0
4.5 0.5995 0.0610 -0.0225 0
5.0 0.6266 0.0692 -0.0343 0
5.5 0.6128 0.0765 -0.0459 0
6.0 0.5641 0.0810 -0.0505 0
6.5 0.4957 0.0829 -0.0489 0
7.0 0.3972 0.0802 -0.0328 0
7.5 0.3582 0.0801 -0.0205 0
8.0 0.3766 0.0860 -0.0222 0
8.5 0.3946 0.0920 -0.0239 0
9.0 0.4124 0.0982 -0.0257 0
9.5 0.4299 0.1045 -0.0275 0
10.0 0.4472 0.1109 -0.0293 0
10.5 0.5761 0.1322 -0.0531 0
11.0 0.6251 0.1431 -0.0550 0
11.5 0.6518 0.1520 -0.0532 0
12.0 0.6746 0.1601 -0.0519 0
12.5 0.6978 0.1678 -0.0507 0
13.0 0.7155 0.1750 -0.0502 0
13.5 0.7308 0.1836 -0.0498 0
14.0 0.7413 0.1890 -0.0500 0
14.5 0.7531 0.1954 -0.0505 0
15.0 0.7697 0.2024 -0.0513 0
15.5 0.7864 0.2089 -0.0529 0
16.0 0.7921 0.2140 -0.0539 0
16.5 0.7842 0.2192 -0.0545 1
17.0 0.7770 0.2245 -0.0551 1
17.5 0.7707 0.2299 -0.0558 1
18.0 0.7649 0.2355 -0.0566 1
18.5 0.7598 0.2413 -0.0573 1
19.0 0.7553 0.2471 -0.0581 1
19.5 0.7512 0.2531 -0.0590 1
20.0 0.7476 0.2592 -0.0599 1
20.5 0.7444 0.2655 -0.0608 1
21.0 0.7415 0.2719 -0.0617 1
21.5 0.7390 0.2784 -0.0627 1
22.0 0.7368 0.2850 -0.0637 1
22.5 0.7348 0.2917 -0.0647 1
23.0 0.7331 0.2986 -0.0658 1
23.5 0.7316 0.3056 -0.0669 1
24.0 0.7303 0.3127 -0.0680 1
24.5 0.7292 0.3199 -0.0692 1
25.0 0.7282 0.3272 -0.0703 1
25.5 0.7273 0.3346 -0.0715 1
26.0 0.7266 0.3421 -0.0728 1
26.5 0.7260 0.3497 -0.0740 1
27.0 0.7254 0.3574 -0.0753 1
27.5 0.7249 0.3652 -0.0766 1
28.0 0.7245 0.3731 -0.0779 1
28.5 0.7241 0.3811 -0.0792 1
29.0 0.7237 0.3892 -0.0806 1
29.5 0.7234 0.3974 -0.0820 1
30.0 0.7231 0.4056 -0.0834 1
30.5 0.7228 0.4140 -0.0848 1
31.0 0.7225 0.4224 -0.0862 1
31.5 0.7221 0.4309 -0.0877 1
32.0 0.7218 0.4394 -0.0892 1
32.5 0.7214 0.4481 -0.0907 1
33.0 0.7210 0.4567 -0.0922 1
33.5 0.7205 0.4655 -0.0937 1
34.0 0.7200 0.4743 -0.0953 1
34.5 0.7195 0.4832 -0.0969 1
35.0 0.7189 0.4921 -0.0985 1
35.5 0.7182 0.5011 -0.1001 1
36.0 0.7174 0.5102 -0.1017 1
36.5 0.7166 0.5193 -0.1033 1
37.0 0.7157 0.5284 -0.1050 1
37.5 0.7147 0.5376 -0.1066 1
38.0 0.7136 0.5468 -0.1083 1
38.5 0.7125 0.5560 -0.1100 1
39.0 0.7112 0.5653 -0.1117 1
39.5 0.7099 0.5746 -0.1135 1
40.0 0.7084 0.5839 -0.1152 1
40.5 0.7069 0.5933 -0.1169 1
41.0 0.7052 0.6027 -0.1187 1
41.5 0.7034 0.6121 -0.1205 1
42.0 0.7015 0.6215 -0.1223 1
42.5 0.6995 0.6309 -0.1241 1
43.0 0.6974 0.6403 -0.1259 1
43.5 0.6952 0.6498 -0.1277 1
44.0 0.6928 0.6592 -0.1295 1
44.5 0.6904 0.6686 -0.1314 1
45.0 0.6878 0.6781 -0.1332 1
45.5 0.6850 0.6875 -0.1351 1
46.0 0.6822 0.6969 -0.1369 1
46.5 0.6792 0.7063 -0.1388 1
47.0 0.6761 0.7157 -0.1407 1
47.5 0.6729 0.7251 -0.1426 1
48.0 0.6695 0.7344 -0.1445 1
48.5 0.6660 0.7437 -0.1464 1
49.0 0.6624 0.7530 -0.1483 1
49.5 0.6586 0.7623 -0.1502 1
50.0 0.6548 0.7715 -0.1522 1
50.5 0.6507 0.7807 -0.1541 1
51.0 0.6466 0.7899 -0.1560 1
51.5 0.6423 0.7990 -0.1580 1
52.0 0.6379 0.8080 -0.1599 1
52.5 0.6333 0.8170 -0.1619 1
53.0 0.6286 0.8260 -0.1638 1
53.5 0.6238 0.8349 -0.1658 1
54.0 0.6188 0.8437 -0.1678 1
54.5 0.6138 0.8525 -0.1697 1
55.0 0.6085 0.8612 -0.1717 1
55.5 0.6032 0.8699 -0.1737 1
56.0 0.5977 0.8785 -0.1757 1
56.5 0.5921 0.8870 -0.1776 1
57.0 0.5863 0.8954 -0.1796 1
57.5 0.5804 0.9038 -0.1816 1
58.0 0.5744 0.9120 -0.1836 1
58.5 0.5683 0.9202 -0.1855 1
59.0 0.5620 0.9283 -0.1875 1
59.5 0.5556 0.9363 -0.1895 1
60.0 0.5491 0.9443 -0.1915 1
60.5 0.5425 0.9521 -0.1934 1
61.0 0.5357 0.9598 -0.1954 1
61.5 0.5288 0.9675 -0.1974 1
62.0 0.5218 0.9750 -0.1993 1
62.5 0.5147 0.9824 -0.2013 1
63.0 0.5075 0.9898 -0.2033 1
63.5 0.5001 0.9970 -0.2052 1
64.0 0.4926 1.0041 -0.2072 1
64.5 0.4851 1.0110 -0.2091 1
65.0 0.4774 1.0179 -0.2111 1
65.5 0.4696 1.0247 -0.2130 1
66.0 0.4616 1.0313 -0.2149 1
66.5 0.4536 1.0378 -0.2169 1
67.0 0.4455 1.0442 -0.2188 1
67.5 0.4373 1.0504 -0.2207 1
68.0 0.4289 1.0566 -0.2226 1
68.5 0.4205 1.0625 -0.2245 1
69.0 0.4120 1.0684 -0.2264 1
69.5 0.4034 1.0741 -0.2283 1
70.0 0.3947 1.0797 -0.2301 1
70.5 0.3859 1.0851 -0.2320 1
71.0 0.3770 1.0904 -0.2338 1
71.5 0.3680 1.0956 -0.2357 1
72.0 0.3590 1.1006 -0.2375 1
72.5 0.3498 1.1055 -0.2393 1
73.0 0.3406 1.1102 -0.2411 1
73.5 0.3314 1.1147 -0.2429 1
74.0 0.3220 1.1191 -0.2447 1
74.5 0.3126 1.1234 -0.2465 1
75.0 0.3031 1.1275 -0.2483 1
75.5 0.2935 1.1314 -0.2500 1
76.0 0.2839 1.1352 -0.2517 1
76.5 0.2742 1.1388 -0.2535 1
77.0 0.2644 1.1423 -0.2552 1
77.5 0.2546 1.1456 -0.2569 1
78.0 0.2448 1.1487 -0.2585 1
78.5 0.2349 1.1517 -0.2602 1
79.0 0.2249 1.1545 -0.2618 1
79.5 0.2149 1.1571 -0.2635 1
80.0 0.2049 1.1596 -0.2651 1
80.5 0.1948 1.1619 -0.2667 1
81.0 0.1847 1.1640 -0.2682 1
81.5 0.1746 1.1660 -0.2698 1
82.0 0.1644 1.1678 -0.2713 1
82.5 0.1542 1.1694 -0.2728 1
83.0 0.1440 1.1708 -0.2743 1
83.5 0.1337 1.1721 -0.2758 1
84.0 0.1235 1.1732 -0.2773 1
84.5 0.1132 1.1741 -0.2787 1
85.0 0.1029 1.1748 -0.2801 1
85.5 0.0926 1.1754 -0.2815 1
86.0 0.0823 1.1758 -0.2829 1
86.5 0.0720 1.1760 -0.2843 1
87.0 0.0617 1.1760 -0.2856 1
87.5 0.0514 1.1758 -0.2869 1
88.0 0.0411 1.1755 -0.2882 1
88.5 0.0308 1.1750 -0.2895 1
89.0 0.0205 1.1743 -0.2907 1
89.5 0.0102 1.1734 -0.2919 1
90.0 0.0000 1.1724 -0.2931 1
90.5 -0.0072 1.1734 -0.2950 3
91.0 -0.0144 1.1743 -0.2969 3
91.5 -0.0215 1.1750 -0.2987 3
92.0 -0.0287 1.1755 -0.3005 3
92.5 -0.0360 1.1758 -0.3022 3
93.0 -0.0432 1.1760 -0.3040 3
93.5 -0.0504 1.1760 -0.3057 3
94.0 -0.0576 1.1758 -0.3073 3
94.5 -0.0648 1.1754 -0.3089 3
95.0 -0.0720 1.1748 -0.3105 3
95.5 -0.0792 1.1741 -0.3120 3
96.0 -0.0864 1.1732 -0.3135 3
96.5 -0.0936 1.1721 -0.3150 3
97.0 -0.1008 1.1708 -0.3164 3
97.5 -0.1079 1.1694 -0.3178 3
98.0 -0.1151 1.1678 -0.3192 3
98.5 -0.1222 1.1660 -0.3205 3
99.0 -0.1293 1.1640 -0.3217 3
99.5 -0.1364 1.1619 -0.3230 3
100.0 -0.1434 1.1596 -0.3241 3
100.5 -0.1504 1.1571 -0.3253 3
101.0 -0.1574 1.1545 -0.3264 3
101.5 -0.1644 1.1517 -0.3274 3
102.0 -0.1713 1.1487 -0.3285 3
102.5 -0.1782 1.1456 -0.3294 3
103.0 -0.1851 1.1423 -0.3304 3
103.5 -0.1919 1.1388 -0.3313 3
104.0 -0.1987 1.1352 -0.3321 3
104.5 -0.2054 1.1314 -0.3329 3
105.0 -0.2121 1.1275 -0.3337 3
105.5 -0.2188 1.1234 -0.3344 3
106.0 -0.2254 1.1191 -0.3351 3
106.5 -0.2319 1.1147 -0.3357 3
107.0 -0.2384 1.1102 -0.3363 3
107.5 -0.2449 1.1055 -0.3368 3
108.0 -0.2513 1.1006 -0.3373 3
108.5 -0.2576 1.0956 -0.3378 3
109.0 -0.2639 1.0904 -0.3382 3
109.5 -0.2701 1.0851 -0.3386 3
110.0 -0.2763 1.0797 -0.3389 3
110.5 -0.2824 1.0741 -0.3392 3
111.0 -0.2884 1.0684 -0.3394 3
111.5 -0.2944 1.0625 -0.3396 3
112.0 -0.3003 1.0566 -0.3398 3
112.5 -0.3061 1.0504 -0.3399 3
113.0 -0.3118 1.0442 -0.3399 3
113.5 -0.3175 1.0378 -0.3400 3
114.0 -0.3231 1.0313 -0.3400 3
114.5 -0.3287 1.0247 -0.3399 3
115.0 -0.3342 1.0179 -0.3398 3
115.5 -0.3395 1.0110 -0.3397 3
116.0 -0.3448 1.0041 -0.3395 3
116.5 -0.3501 0.9970 -0.3393 3
117.0 -0.3552 0.9898 -0.3390 3
117.5 -0.3603 0.9824 -0.3387 3
118.0 -0.3653 0.9750 -0.3384 3
118.5 -0.3702 0.9675 -0.3380 3
119.0 -0.3750 0.9598 -0.3376 3
119.5 -0.3797 0.9521 -0.3371 3
120.0 -0.3844 0.9443 -0.3367 3
120.5 -0.3889 0.9363 -0.3361 3
121.0 -0.3934 0.9283 -0.3356 3
121.5 -0.3978 0.9202 -0.3350 3
122.0 -0.4021 0.9120 -0.3343 3
122.5 -0.4063 0.9038 -0.3337 3
123.0 -0.4104 0.8954 -0.3329 3
123.5 -0.4144 0.8870 -0.3322 3
124.0 -0.4184 0.8785 -0.3314 3
124.5 -0.4222 0.8699 -0.3306 3
125.0 -0.4260 0.8612 -0.3298 3
125.5 -0.4296 0.8525 -0.3289 3
126.0 -0.4332 0.8437 -0.3280 3
126.5 -0.4367 0.8349 -0.3271 3
127.0 -0.4400 0.8260 -0.3261 3
127.5 -0.4433 0.8170 -0.3251 3
128.0 -0.4465 0.8080 -0.3241 3
128.5 -0.4496 0.7990 -0.3231 3
129.0 -0.4526 0.7899 -0.3220 3
129.5 -0.4555 0.7807 -0.3209 3
130.0 -0.4583 0.7715 -0.3198 3
130.5 -0.4611 0.7623 -0.3187 3
131.0 -0.4637 0.7530 -0.3175 3
131.5 -0.4662 0.7437 -0.3163 3
132.0 -0.4687 0.7344 -0.3151 3
132.5 -0.4710 0.7251 -0.3139 3
133.0 -0.4733 0.7157 -0.3126 3
133.5 -0.4754 0.7063 -0.3114 3
134.0 -0.4775 0.6969 -0.3101 3
134.5 -0.4795 0.6875 -0.3088 3
135.0 -0.4814 0.6781 -0.3075 3
135.5 -0.4832 0.6686 -0.3061 3
136.0 -0.4850 0.6592 -0.3048 3
136.5 -0.4866 0.6498 -0.3034 3
137.0 -0.4882 0.6403 -0.3021 3
137.5 -0.4897 0.6309 -0.3007 3
138.0 -0.4911 0.6215 -0.2993 3
138.5 -0.4924 0.6121 -0.2979 3
139.0 -0.4936 0.6027 -0.2965 3
139.5 -0.4948 0.5933 -0.2951 3
140.0 -0.4959 0.5839 -0.2937 3
140.5 -0.4969 0.5746 -0.2923 3
141.0 -0.4979 0.5653 -0.2909 3
141.5 -0.4987 0.5560 -0.2895 3
142.0 -0.4996 0.5468 -0.2881 3
142.5 -0.5003 0.5376 -0.2866 3
143.0 -0.5010 0.5284 -0.2852 3
143.5 -0.5016 0.5193 -0.2839 3
144.0 -0.5022 0.5102 -0.2825 3
144.5 -0.5027 0.5011 -0.2811 3
145.0 -0.5032 0.4921 -0.2797 3
145.5 -0.5036 0.4832 -0.2784 3
146.0 -0.5040 0.4743 -0.2770 3
146.5 -0.5044 0.4655 -0.2757 3
147.0 -0.5047 0.4567 -0.2744 3
147.5 -0.5050 0.4481 -0.2731 3
148.0 -0.5053 0.4394 -0.2719 3
148.5 -0.5055 0.4309 -0.2707 3
149.0 -0.5057 0.4224 -0.2695 3
149.5 -0.5059 0.4140 -0.2683 3
150.0 -0.5062 0.4056 -0.2672 3
150.5 -0.5064 0.3974 -0.2661 3
151.0 -0.5066 0.3892 -0.2650 3
151.5 -0.5069 0.3811 -0.2640 3
152.0 -0.5071 0.3731 -0.2630 3
152.5 -0.5074 0.3652 -0.2621 3
153.0 -0.5078 0.3574 -0.2612 3
153.5 -0.5082 0.3497 -0.2604 3
154.0 -0.5086 0.3421 -0.2597 3
154.5 -0.5091 0.3346 -0.2590 3
155.0 -0.5097 0.3272 -0.2584 3
155.5 -0.5104 0.3199 -0.2579 3
156.0 -0.5112 0.3127 -0.2575 3
156.5 -0.5121 0.3056 -0.2571 3
157.0 -0.5132 0.2986 -0.2569 3
157.5 -0.5144 0.2917 -0.2568 3
158.0 -0.5158 0.2850 -0.2567 3
158.5 -0.5173 0.2784 -0.2568 3
159.0 -0.5191 0.2719 -0.2571 3
159.5 -0.5211 0.2655 -0.2574 3
160.0 -0.5233 0.2592 -0.2580 3
160.5 -0.5259 0.2531 -0.2587 3
161.0 -0.5287 0.2471 -0.2595 3
161.5 -0.5319 0.2413 -0.2606 3
162.0 -0.5355 0.2355 -0.2619 3
162.5 -0.5395 0.2299 -0.2634 3
163.0 -0.5439 0.2245 -0.2652 3
163.5 -0.5489 0.2192 -0.2673 3
164.0 -0.5545 0.2140 -0.2697 3
164.5 -0.5505 0.2089 -0.2679 3
165.0 -0.5388 0.2024 -0.2625 3
165.5 -0.5272 0.1954 -0.2571 3
166.0 -0.5189 0.1890 -0.2533 3
166.5 -0.5116 0.1836 -0.2499 3
167.0 -0.5009 0.1750 -0.2446 3
167.5 -0.4885 0.1678 -0.2388 3
168.0 -0.4722 0.1601 -0.2311 3
168.5 -0.4563 0.1520 -0.2235 3
169.0 -0.4376 0.1431 -0.2145 3
169.5 -0.4033 0.1322 -0.1980 3
170.0 -0.3130 0.1109 -0.1547 3
170.5 -0.3009 0.1045 -0.1487 3
171.0 -0.2887 0.0982 -0.1427 3
171.5 -0.2762 0.0920 -0.1366 3
172.0 -0.2636 0.0860 -0.1304 3
172.5 -0.2507 0.0801 -0.1241 3
173.0 -0.2780 0.0802 -0.1373 3
173.5 -0.3470 0.0829 -0.1707 3
174.0 -0.3949 0.0810 -0.1939 3
174.5 -0.4290 0.0765 -0.2105 3
175.0 -0.4386 0.0692 -0.2153 3
175.5 -0.4197 0.0610 -0.2063 3
176.0 -0.3888 0.0535 -0.1914 3
176.5 -0.3521 0.0470 -0.1737 3
177.0 -0.3128 0.0416 -0.1546 3
177.5 -0.2666 0.0370 -0.1321 3
178.0 -0.2141 0.0330 -0.1064 3
178.5 -0.1612 0.0290 -0.0803 3
179.0 -0.0668 0.0238 -0.0334 3
179.5 -0.0328 0.0237 -0.0164 3
180.0 -0.0000 0.0237 -0.0000 3
