perfil Re ncrit alpha xs xt xr xte
naca6412 50000 9 0.0 0.4234 0.8513 nan nan
naca6412 50000 9 2.0 0.3916 0.7896 nan nan
naca6412 50000 9 4.0 0.3452 0.7362 nan nan
naca6412 50000 9 6.0 0.2842 0.8014 nan nan
naca6412 50000 9 8.0 0.2548 0.7173 nan nan
naca6412 50000 9 10.0 0.1678 0.6225 nan nan
placa7 20000 9 4.0 0.5979 1.0000 nan nan
placa7 50000 5 4.0 0.0062 0.0534 0.0768 0.9934
placa7 50000 9 0.0 0.6546 1.0000 nan nan
placa7 50000 9 2.0 0.6152 1.0000 nan nan
placa7 50000 9 4.0 0.0151 1.0000 0.0358 0.5554
placa7 50000 9 6.0 0.0098 0.1423 0.0493 0.4703
placa7 50000 9 8.0 0.0021 0.3941 0.6039 0.9674
placa7 50000 9 10.0 0.0035 0.4994 nan nan
placa7 100000 9 4.0 0.0037 0.0617 0.0906 nan
