r re re_lo re_hi
0.0440 15840 12672 19008
0.0489 17595 14076 21114
0.0537 19350 15480 23220
0.0586 21105 16884 25326
0.0635 22860 18288 27432
0.0684 24615 19692 29538
0.0733 26370 21096 31644
0.0781 28125 22500 33750
0.0830 29880 23904 35856
0.0879 31635 25308 37962
0.0927 33390 26712 40068
0.0976 35145 28116 42174
0.1025 36900 29520 44280
0.1074 38655 30924 46386
0.1123 40410 32328 48492
0.1171 42165 33732 50598
0.1220 43920 35136 52704
0.1269 45675 36540 54810
0.1318 47430 37944 56916
0.1366 49185 39348 59022
0.1415 50940 40752 61128
0.1464 52695 42156 63234
0.1512 54450 43560 65340
0.1561 56205 44964 67446
0.1610 57960 46368 69552
0.1659 59715 47772 71658
0.1708 61470 49176 73764
0.1756 63225 50580 75870
0.1805 64980 51984 77976
0.1854 66735 53388 80082
0.1903 68490 54792 82188
0.1951 70245 56196 84294
0.2000 72000 57600 86400
