x cf H
0.00121 0.013815 2.2295
0.00069 0.202229 2.3717
0.00193 0.087245 2.7175
0.00375 0.008536 3.5376
0.00624 -0.008592 4.9869
0.00977 -0.006639 6.8880
0.01514 -0.005240 9.0911
0.02376 -0.004296 11.0409
0.03583 -0.003584 11.6846
0.04928 -0.003074 10.8349
0.06301 -0.000415 5.8499
0.07679 0.001674 3.3393
0.09061 0.007671 2.4109
0.10446 0.012317 2.0015
0.11832 0.015249 1.8099
0.13221 0.016790 1.7205
0.14612 0.017394 1.6817
0.16006 0.017437 1.6688
0.17401 0.017172 1.6693
0.18799 0.016754 1.6766
0.20198 0.016272 1.6872
0.21599 0.015774 1.6990
0.23002 0.015286 1.7110
0.24406 0.014820 1.7224
0.25812 0.014381 1.7330
0.27219 0.013972 1.7427
0.28628 0.013590 1.7512
0.30038 0.013234 1.7588
0.31449 0.012901 1.7654
0.32862 0.012587 1.7711
0.34275 0.012291 1.7760
0.35689 0.012009 1.7802
0.37105 0.011740 1.7837
0.38521 0.011480 1.7868
0.39937 0.011229 1.7893
0.41354 0.010985 1.7915
0.42772 0.010750 1.7929
0.44190 0.010518 1.7940
0.45609 0.010288 1.7950
0.47028 0.010059 1.7960
0.48447 0.009828 1.7970
0.49866 0.009596 1.7982
0.51285 0.009362 1.7996
0.52704 0.009125 1.8012
0.54123 0.008884 1.8031
0.55542 0.008639 1.8054
0.56960 0.008389 1.8081
0.58378 0.008134 1.8114
0.59795 0.007874 1.8154
0.61212 0.007608 1.8200
0.62628 0.007337 1.8255
0.64043 0.007059 1.8320
0.65458 0.006774 1.8395
0.66872 0.006484 1.8483
0.68284 0.006187 1.8586
0.69696 0.005884 1.8704
0.71106 0.005575 1.8841
0.72515 0.005260 1.9000
0.73922 0.004942 1.9182
0.75329 0.004619 1.9391
0.76733 0.004294 1.9632
0.78136 0.003968 1.9907
0.79538 0.003643 2.0221
0.80937 0.003321 2.0579
0.82335 0.003005 2.0986
0.83729 0.002695 2.1447
0.85114 0.002401 2.1955
0.86467 0.002111 2.2530
0.87807 0.001804 2.3277
0.89141 0.001499 2.4195
0.90470 0.001208 2.5298
0.91794 0.000940 2.6596
0.93111 0.000700 2.8103
0.94423 0.000491 2.9834
0.95728 0.000314 3.1799
0.97020 0.000171 3.4005
0.98270 0.000062 3.6399
0.99344 -0.000012 3.8740
1.00000 -0.000053 4.0583
