perfil Re ncrit ok grilla faltan biest atip rescate colgados angulos
clarky 100 9 89 89 0 0 0 0 0 -
clarky 20 9 89 89 0 0 0 0 0 -
clarky 35 9 85 89 4 0 0 1 0 11,11.25,11.5,11.75
clarky 50 9 86 89 3 3 2 1 0 13,13.25,13.5
clarky 75 9 89 89 0 1 0 0 0 -
naca0012 100 9 88 89 1 1 3 0 1 12.25
naca0012 20 9 86 89 3 0 0 0 0 8.5,8.75,9
naca0012 35 9 88 89 1 24 2 0 0 10
naca0012 50 9 87 89 2 0 20 0 0 10.25,10.5
naca0012 75 9 88 89 1 17 1 0 0 11.5
naca6412 100 5 89 89 0 0 0 0 0 -
naca6412 100 9 89 89 0 0 0 0 0 -
naca6412 20 5 89 89 0 0 0 0 0 -
naca6412 20 9 89 89 0 0 0 0 0 -
naca6412 35 5 89 89 0 0 0 0 0 -
naca6412 35 9 89 89 0 5 0 0 0 -
naca6412 50 5 89 89 0 0 0 0 0 -
naca6412 50 9 88 89 1 18 4 0 0 -2.75
naca6412 75 5 89 89 0 0 0 0 0 -
naca6412 75 9 84 89 5 12 4 1 0 8,8.25,8.5,8.75,9
placa4 100 9 84 89 5 3 1 1 3 -1.5,-1.25,-1,-0.75,5.25
placa4 20 9 89 89 0 2 0 0 0 -
placa4 35 9 87 89 2 5 10 0 0 7.75,8
placa4 50 9 84 89 5 4 32 1 0 -2.75,-2.5,-1.75,6.75,7
placa4 75 9 84 89 5 37 0 1 0 -1.75,-1.5,-1.25,5.5,6
placa7 100 5 88 89 1 0 0 0 5 7.75
placa7 100 9 86 89 3 18 8 1 5 0.5,0.75,6.5
placa7 20 5 89 89 0 4 8 0 0 -
placa7 20 9 88 89 1 22 4 0 0 11.25
placa7 35 5 86 89 3 1 0 0 2 -1,-0.75,12.25
placa7 35 9 86 89 3 7 1 1 0 -1.5,-1.25,10
placa7 50 5 87 89 2 2 20 1 4 10.25,10.75
placa7 50 9 86 89 3 18 11 1 2 -0.75,9,9.25
placa7 75 5 87 89 2 14 15 1 8 7.5,7.75
placa7 75 9 89 89 0 4 2 1 1 -
placa7_t11 50 9 86 89 3 4 0 1 5 8.75,9,9.25
placa7_t20 50 9 86 89 3 5 23 1 4 -0.25,9.25,9.75
plana3 100 9 87 89 2 5 0 1 2 2.75,3
plana3 20 9 89 89 0 0 0 0 0 -
plana3 35 9 89 89 0 4 5 0 0 -
plana3 50 9 89 89 0 6 36 0 0 -
plana3 75 9 88 89 1 5 18 1 0 -3.75
