alpha cl cd cm ld phi
-6.00 -0.6424 0.07154 0.0025 -8.98 nan
-5.75 -0.6302 0.06783 0.0061 -9.29 nan
-5.50 -0.6225 0.06455 0.0056 -9.64 nan
-5.25 -0.6121 0.06129 0.0066 -9.99 nan
-5.00 -0.6016 0.05851 0.0078 -10.28 nan
-4.75 -0.5915 0.05561 0.0090 -10.64 nan
-4.50 -0.5808 0.05275 0.0110 -11.01 nan
-4.25 -0.5710 0.05004 0.0132 -11.41 nan
-4.00 -0.5619 0.04762 0.0164 -11.80 nan
nan nan nan nan nan nan
-3.50 -0.5499 0.04308 0.0264 -12.76 nan
-3.25 -0.5456 0.04086 0.0323 -13.35 nan
-3.00 -0.5410 0.03839 0.0387 -14.09 nan
-2.75 -0.5344 0.03595 0.0446 -14.87 nan
-2.50 -0.5214 0.03319 0.0476 -15.71 nan
-2.25 -0.3730 0.02727 0.0182 -13.68 nan
-2.00 -0.3483 0.02563 0.0200 -13.59 nan
-1.75 -0.3225 0.02386 0.0212 -13.52 nan
-1.50 -0.2959 0.02235 0.0224 -13.24 nan
-1.25 -0.2684 0.02102 0.0233 -12.77 nan
-1.00 -0.2412 0.01994 0.0243 -12.10 nan
-0.75 -0.2130 0.01884 0.0248 -11.31 nan
-0.50 -0.1867 0.01792 0.0259 -10.42 nan
-0.25 -0.1535 0.01696 0.0253 -9.05 nan
0.00 -0.1208 0.01622 0.0249 -7.45 nan
0.25 -0.0896 0.01532 0.0246 -5.85 nan
0.50 0.1867 0.01791 -0.0259 10.42 5.480
0.75 0.2130 0.01884 -0.0248 11.31 5.055
1.00 0.2412 0.01994 -0.0243 12.10 4.726
1.25 0.2684 0.02102 -0.0233 12.77 4.478
1.50 0.2959 0.02235 -0.0224 13.24 4.319
1.75 0.3247 0.02396 -0.0215 13.55 4.220
2.00 0.3465 0.02535 -0.0197 13.67 4.184
2.25 0.3769 0.02727 -0.0185 13.82 4.138
2.50 0.4018 0.02962 -0.0163 13.57 4.216
2.75 0.5344 0.03595 -0.0446 14.87 3.849
3.00 0.5415 0.03852 -0.0386 14.06 4.069
3.25 0.5455 0.04067 -0.0324 13.41 4.264
3.50 0.5507 0.04304 -0.0266 12.80 4.469
3.75 0.5543 0.04518 -0.0204 12.27 4.660
4.00 0.5619 0.04768 -0.0164 11.78 4.850
4.25 0.5713 0.05024 -0.0132 11.37 5.026
4.50 0.5808 0.05275 -0.0110 11.01 5.190
4.75 0.5914 0.05538 -0.0090 10.68 5.350
5.00 0.6016 0.05851 -0.0069 10.28 5.555
5.25 0.6125 0.06168 -0.0062 9.93 5.750
5.50 0.6226 0.06455 -0.0056 9.65 5.919
5.75 0.6302 0.06783 -0.0061 9.29 6.143
6.00 0.6424 0.07178 -0.0024 8.95 6.376
6.25 0.6453 0.07440 -0.0057 8.67 6.577
6.50 0.6522 0.07786 -0.0057 8.38 6.808
6.75 0.6551 0.08145 -0.0057 8.04 7.087
7.00 0.6630 0.08496 -0.0052 7.80 7.302
7.25 0.6776 0.08928 -0.0018 7.59 7.506
7.50 0.6638 0.09232 -0.0078 7.19 7.918
7.75 0.6664 0.09527 -0.0063 6.99 8.136
8.00 0.6625 0.09875 -0.0098 6.71 8.478
8.25 0.6596 0.10186 -0.0106 6.48 8.779
8.50 0.6571 0.10481 -0.0115 6.27 9.063
8.75 0.6690 0.11038 -0.0086 6.06 9.369
9.00 0.6688 0.11309 -0.0103 5.91 9.598
9.25 0.6578 0.11519 -0.0140 5.71 9.933
9.50 0.6559 0.11805 -0.0156 5.56 10.203
9.75 0.6597 0.12139 -0.0158 5.43 10.426
10.00 0.6853 0.12825 -0.0115 5.34 10.600
10.25 0.6764 0.13053 -0.0145 5.18 10.923
10.50 0.6681 0.13220 -0.0180 5.05 11.193
10.75 0.6677 0.13483 -0.0197 4.95 11.416
11.00 0.6694 0.13822 -0.0206 4.84 11.667
11.25 0.6744 0.14142 -0.0213 4.77 11.843
11.50 0.6858 0.14604 -0.0202 4.70 12.021
11.75 0.6896 0.15093 -0.0204 4.57 12.345
12.00 0.6950 0.15435 -0.0216 4.50 12.521
12.25 0.6904 0.15575 -0.0244 4.43 12.713
12.50 0.6935 0.15814 -0.0262 4.39 12.846
12.75 0.6944 0.16119 -0.0271 4.31 13.069
13.00 0.6990 0.16438 -0.0280 4.25 13.233
13.25 0.7006 0.16778 -0.0290 4.18 13.468
13.50 0.7048 0.17125 -0.0292 4.12 13.657
13.75 0.7137 0.17561 -0.0291 4.06 13.823
14.00 0.7264 0.18020 -0.0307 4.03 13.932
14.25 0.7258 0.18133 -0.0332 4.00 14.027
14.50 0.7290 0.18418 -0.0336 3.96 14.179
14.75 0.7415 0.19058 -0.0327 3.89 14.414
15.00 0.7495 0.19054 -0.0370 3.93 14.264
15.25 0.7521 0.19253 -0.0387 3.91 14.359
15.50 0.7530 0.19699 -0.0386 3.82 14.660
15.75 0.7544 0.20044 -0.0397 3.76 14.879
16.00 0.7588 0.20255 -0.0415 3.75 14.946
