x y
1.000000 0.001260
0.999904 0.001274
0.999615 0.001314
0.999133 0.001382
0.998459 0.001476
0.997592 0.001597
0.996534 0.001745
0.995285 0.001920
0.993844 0.002120
0.992213 0.002347
0.990393 0.002600
0.988383 0.002878
0.986185 0.003182
0.983800 0.003511
0.981228 0.003864
0.978470 0.004241
0.975528 0.004642
0.972403 0.005067
0.969096 0.005515
0.965607 0.005985
0.961940 0.006478
0.958094 0.006992
0.954072 0.007527
0.949874 0.008082
0.945503 0.008658
0.940961 0.009253
0.936248 0.009867
0.931367 0.010499
0.926320 0.011149
0.921109 0.011816
0.915735 0.012500
0.910201 0.013199
0.904508 0.013914
0.898660 0.014644
0.892658 0.015387
0.886505 0.016144
0.880203 0.016914
0.873754 0.017696
0.867161 0.018489
0.860427 0.019293
0.853553 0.020107
0.846544 0.020931
0.839400 0.021763
0.832126 0.022604
0.824724 0.023452
0.817197 0.024307
0.809547 0.025168
0.801778 0.026034
0.793893 0.026905
0.785894 0.027780
0.777785 0.028659
0.769569 0.029540
0.761249 0.030423
0.752829 0.031308
0.744311 0.032193
0.735698 0.033078
0.726995 0.033962
0.718205 0.034845
0.709330 0.035725
0.700374 0.036603
0.691342 0.037476
0.682235 0.038345
0.673059 0.039209
0.663815 0.040067
0.654508 0.040917
0.645142 0.041761
0.635720 0.042596
0.626246 0.043421
0.616723 0.044237
0.607155 0.045042
0.597545 0.045835
0.587898 0.046616
0.578217 0.047383
0.568506 0.048136
0.558769 0.048874
0.549009 0.049597
0.539230 0.050302
0.529435 0.050990
0.519630 0.051660
0.509817 0.052310
0.500000 0.052940
0.490183 0.053549
0.480370 0.054136
0.470565 0.054700
0.460770 0.055241
0.450991 0.055756
0.441231 0.056247
0.431494 0.056711
0.421783 0.057148
0.412102 0.057557
0.402455 0.057938
0.392845 0.058289
0.383277 0.058609
0.373754 0.058899
0.364280 0.059157
0.354858 0.059382
0.345492 0.059575
0.336185 0.059733
0.326941 0.059857
0.317765 0.059946
0.308658 0.060000
0.299626 0.060017
0.290670 0.059998
0.281795 0.059942
0.273005 0.059848
0.264302 0.059717
0.255689 0.059547
0.247171 0.059339
0.238751 0.059092
0.230431 0.058806
0.222215 0.058481
0.214106 0.058117
0.206107 0.057714
0.198222 0.057272
0.190453 0.056790
0.182803 0.056269
0.175276 0.055709
0.167874 0.055110
0.160600 0.054473
0.153456 0.053797
0.146447 0.053083
0.139573 0.052332
0.132839 0.051542
0.126246 0.050716
0.119797 0.049854
0.113495 0.048955
0.107342 0.048021
0.101340 0.047052
0.095492 0.046049
0.089799 0.045012
0.084265 0.043942
0.078891 0.042839
0.073680 0.041705
0.068633 0.040540
0.063752 0.039345
0.059039 0.038120
0.054497 0.036867
0.050126 0.035585
0.045928 0.034276
0.041906 0.032941
0.038060 0.031580
0.034393 0.030194
0.030904 0.028783
0.027597 0.027350
0.024472 0.025893
0.021530 0.024415
0.018772 0.022915
0.016200 0.021394
0.013815 0.019854
0.011617 0.018294
0.009607 0.016715
0.007787 0.015118
0.006156 0.013503
0.004715 0.011871
0.003466 0.010223
0.002408 0.008558
0.001541 0.006877
0.000867 0.005180
0.000385 0.003468
0.000096 0.001742
0.000000 0.000000
0.000096 -0.001742
0.000385 -0.003468
0.000867 -0.005180
0.001541 -0.006877
0.002408 -0.008558
0.003466 -0.010223
0.004715 -0.011871
0.006156 -0.013503
0.007787 -0.015118
0.009607 -0.016715
0.011617 -0.018294
0.013815 -0.019854
0.016200 -0.021394
0.018772 -0.022915
0.021530 -0.024415
0.024472 -0.025893
0.027597 -0.027350
0.030904 -0.028783
0.034393 -0.030194
0.038060 -0.031580
0.041906 -0.032941
0.045928 -0.034276
0.050126 -0.035585
0.054497 -0.036867
0.059039 -0.038120
0.063752 -0.039345
0.068633 -0.040540
0.073680 -0.041705
0.078891 -0.042839
0.084265 -0.043942
0.089799 -0.045012
0.095492 -0.046049
0.101340 -0.047052
0.107342 -0.048021
0.113495 -0.048955
0.119797 -0.049854
0.126246 -0.050716
0.132839 -0.051542
0.139573 -0.052332
0.146447 -0.053083
0.153456 -0.053797
0.160600 -0.054473
0.167874 -0.055110
0.175276 -0.055709
0.182803 -0.056269
0.190453 -0.056790
0.198222 -0.057272
0.206107 -0.057714
0.214106 -0.058117
0.222215 -0.058481
0.230431 -0.058806
0.238751 -0.059092
0.247171 -0.059339
0.255689 -0.059547
0.264302 -0.059717
0.273005 -0.059848
0.281795 -0.059942
0.290670 -0.059998
0.299626 -0.060017
0.308658 -0.060000
0.317765 -0.059946
0.326941 -0.059857
0.336185 -0.059733
0.345492 -0.059575
0.354858 -0.059382
0.364280 -0.059157
0.373754 -0.058899
0.383277 -0.058609
0.392845 -0.058289
0.402455 -0.057938
0.412102 -0.057557
0.421783 -0.057148
0.431494 -0.056711
0.441231 -0.056247
0.450991 -0.055756
0.460770 -0.055241
0.470565 -0.054700
0.480370 -0.054136
0.490183 -0.053549
0.500000 -0.052940
0.509817 -0.052310
0.519630 -0.051660
0.529435 -0.050990
0.539230 -0.050302
0.549009 -0.049597
0.558769 -0.048874
0.568506 -0.048136
0.578217 -0.047383
0.587898 -0.046616
0.597545 -0.045835
0.607155 -0.045042
0.616723 -0.044237
0.626246 -0.043421
0.635720 -0.042596
0.645142 -0.041761
0.654508 -0.040917
0.663815 -0.040067
0.673059 -0.039209
0.682235 -0.038345
0.691342 -0.037476
0.700374 -0.036603
0.709330 -0.035725
0.718205 -0.034845
0.726995 -0.033962
0.735698 -0.033078
0.744311 -0.032193
0.752829 -0.031308
0.761249 -0.030423
0.769569 -0.029540
0.777785 -0.028659
0.785894 -0.027780
0.793893 -0.026905
0.801778 -0.026034
0.809547 -0.025168
0.817197 -0.024307
0.824724 -0.023452
0.832126 -0.022604
0.839400 -0.021763
0.846544 -0.020931
0.853553 -0.020107
0.860427 -0.019293
0.867161 -0.018489
0.873754 -0.017696
0.880203 -0.016914
0.886505 -0.016144
0.892658 -0.015387
0.898660 -0.014644
0.904508 -0.013914
0.910201 -0.013199
0.915735 -0.012500
0.921109 -0.011816
0.926320 -0.011149
0.931367 -0.010499
0.936248 -0.009867
0.940961 -0.009253
0.945503 -0.008658
0.949874 -0.008082
0.954072 -0.007527
0.958094 -0.006992
0.961940 -0.006478
0.965607 -0.005985
0.969096 -0.005515
0.972403 -0.005067
0.975528 -0.004642
0.978470 -0.004241
0.981228 -0.003864
0.983800 -0.003511
0.986185 -0.003182
0.988383 -0.002878
0.990393 -0.002600
0.992213 -0.002347
0.993844 -0.002120
0.995285 -0.001920
0.996534 -0.001745
0.997592 -0.001597
0.998459 -0.001476
0.999133 -0.001382
0.999615 -0.001314
0.999904 -0.001274
1.000000 -0.001260
