alpha cl cd cm ld phi
-6.00 -0.5640 0.08098 0.0504 -6.96 nan
-5.75 -0.5917 0.07907 0.0488 -7.48 nan
-5.50 -0.6127 0.07647 0.0459 -8.01 nan
-5.25 -0.6244 0.07303 0.0407 -8.55 nan
-5.00 -0.6266 0.06920 0.0343 -9.05 nan
-4.75 -0.6171 0.06512 0.0279 -9.48 nan
-4.50 -0.5995 0.06097 0.0225 -9.83 nan
-4.25 -0.5787 0.05714 0.0184 -10.13 nan
-4.00 -0.5554 0.05349 0.0155 -10.38 nan
-3.75 -0.5302 0.05015 0.0131 -10.57 nan
-3.50 -0.5030 0.04701 0.0116 -10.70 nan
-3.25 -0.4759 0.04424 0.0108 -10.76 nan
-3.00 -0.4468 0.04164 0.0102 -10.73 nan
-2.75 -0.4152 0.03925 0.0095 -10.58 nan
-2.50 -0.3808 0.03703 0.0086 -10.28 nan
-2.25 -0.3445 0.03503 0.0076 -9.83 nan
-2.00 -0.3059 0.03299 0.0064 -9.27 nan
-1.75 -0.2673 0.03097 0.0053 -8.63 nan
-1.50 -0.2303 0.02900 0.0046 -7.94 nan
-1.25 -0.1282 0.02375 -0.0068 -5.40 nan
-1.00 -0.0954 0.02378 -0.0055 -4.01 nan
-0.75 -0.0705 0.02375 -0.0039 -2.97 nan
-0.50 -0.0468 0.02371 -0.0026 -1.97 nan
-0.25 -0.0234 0.02369 -0.0013 -0.99 nan
0.00 0.0000 0.02368 0.0000 0.00 nan
0.25 0.0234 0.02369 0.0013 0.99 nan
0.50 0.0468 0.02371 0.0026 1.97 nan
0.75 0.0705 0.02374 0.0039 2.97 18.610
1.00 0.0954 0.02378 0.0055 4.01 13.997
1.25 0.1973 0.02657 -0.0046 7.43 7.670
1.50 0.2303 0.02900 -0.0046 7.94 7.177
1.75 0.2673 0.03097 -0.0053 8.63 6.609
2.00 0.3059 0.03299 -0.0064 9.27 6.155
2.25 0.3445 0.03503 -0.0076 9.83 5.806
2.50 0.3808 0.03702 -0.0086 10.29 5.553
2.75 0.4152 0.03925 -0.0095 10.58 5.400
3.00 0.4468 0.04164 -0.0102 10.73 5.324
3.25 0.4759 0.04424 -0.0108 10.76 5.311
3.50 0.5030 0.04701 -0.0116 10.70 5.339
3.75 0.5302 0.05015 -0.0131 10.57 5.403
4.00 0.5554 0.05349 -0.0155 10.38 5.501
4.25 0.5787 0.05714 -0.0184 10.13 5.639
4.50 0.5995 0.06097 -0.0225 9.83 5.807
4.75 0.6171 0.06513 -0.0279 9.47 6.025
5.00 0.6266 0.06920 -0.0343 9.05 6.302
5.25 0.6245 0.07302 -0.0407 8.55 6.669
5.50 0.6128 0.07646 -0.0459 8.01 7.112
5.75 0.5918 0.07906 -0.0488 7.49 7.609
6.00 0.5641 0.08101 -0.0505 6.96 8.172
6.25 0.5326 0.08265 -0.0507 6.44 8.821
6.50 0.4957 0.08286 -0.0489 5.98 9.490
6.75 0.4519 0.08235 -0.0437 5.49 10.328
7.00 0.3972 0.08021 -0.0328 4.95 11.417
7.25 0.3489 0.07723 -0.0196 4.52 12.481
7.50 0.3582 0.08010 -0.0205 4.47 12.605
7.75 0.3674 0.08302 -0.0214 4.43 12.733
8.00 0.3766 0.08598 -0.0222 4.38 12.861
8.25 0.3856 0.08898 -0.0231 4.33 12.994
8.50 0.3946 0.09202 -0.0239 4.29 13.127
8.75 0.4035 0.09509 -0.0248 4.24 13.261
9.00 0.4124 0.09820 -0.0257 4.20 13.394
9.25 0.4212 0.10133 -0.0266 4.16 13.527
9.50 0.4299 0.10450 -0.0275 4.11 13.662
9.75 0.4386 0.10770 -0.0284 4.07 13.796
10.00 0.4472 0.11092 -0.0293 4.03 13.930
10.25 0.5255 0.12397 -0.0467 4.24 13.274
10.50 0.5761 0.13221 -0.0531 4.36 12.925
10.75 0.6010 0.13813 -0.0540 4.35 12.944
11.00 0.6251 0.14307 -0.0550 4.37 12.892
11.25 0.6384 0.14787 -0.0538 4.32 13.041
11.50 0.6518 0.15200 -0.0532 4.29 13.127
11.75 0.6680 0.15624 -0.0529 4.28 13.164
12.00 0.6746 0.16013 -0.0519 4.21 13.353
12.25 0.6847 0.16418 -0.0513 4.17 13.484
12.50 0.6978 0.16782 -0.0507 4.16 13.523
12.75 0.7024 0.17159 -0.0504 4.09 13.728
13.00 0.7155 0.17497 -0.0502 4.09 13.742
13.25 0.7187 0.17876 -0.0498 4.02 13.968
13.50 0.7308 0.18362 -0.0498 3.98 14.104
13.75 0.7370 0.18693 -0.0499 3.94 14.232
14.00 0.7413 0.18904 -0.0500 3.92 14.306
14.25 0.7468 0.19239 -0.0502 3.88 14.446
14.50 0.7531 0.19540 -0.0505 3.85 14.545
14.75 0.7601 0.19885 -0.0509 3.82 14.661
15.00 0.7697 0.20244 -0.0513 3.80 14.736
15.25 0.7767 0.20460 -0.0517 3.80 14.758
15.50 0.7864 0.20887 -0.0529 3.77 14.874
15.75 0.7895 0.21078 -0.0531 3.75 14.948
16.00 0.7921 0.21398 -0.0539 3.70 15.117
