x cf H
0.00387 0.000230 2.2295
0.00273 0.040208 2.2385
0.00178 0.085882 2.2265
0.00103 0.128384 2.2325
0.00053 0.127037 2.5957
0.00123 0.034387 3.1688
0.00218 -0.009438 4.3873
0.00338 -0.010725 6.2442
0.00486 -0.008941 8.6785
0.00670 -0.008074 11.6511
0.00902 -0.007527 15.1567
0.01205 -0.007087 19.1947
0.01618 -0.006647 23.6874
0.02187 -0.006154 28.2775
0.02926 -0.005618 32.2051
0.03776 -0.005110 34.9028
0.04672 -0.004672 36.4554
0.05581 -0.004305 37.1814
0.06496 -0.003997 37.3351
0.07413 -0.003734 37.0814
0.08331 -0.003506 36.5251
0.09250 -0.003307 35.7333
0.10170 -0.003131 34.7490
0.11091 -0.002973 33.5985
0.12014 -0.002829 32.2944
0.12937 -0.002697 30.8348
0.13861 -0.002575 29.1961
0.14787 -0.000607 18.1962
0.15713 -0.000576 11.5845
0.16640 -0.000551 8.6705
0.17568 -0.000526 6.8904
0.18497 -0.000487 5.6564
0.19427 -0.000393 4.7316
0.20358 -0.000143 4.0131
0.21289 0.000332 3.5064
0.22221 0.000881 3.1226
0.23154 0.001455 2.8235
0.24088 0.002034 2.5819
0.25022 0.002597 2.3864
0.25957 0.003134 2.2270
0.26892 0.003643 2.0957
0.27829 0.004119 1.9866
0.28765 0.004592 1.8953
0.29703 0.005180 1.8185
0.30641 0.005741 1.7534
0.31579 0.006270 1.6980
0.32518 0.006763 1.6506
0.33457 0.007220 1.6099
0.34397 0.007640 1.5747
0.35337 0.008024 1.5441
0.36278 0.008372 1.5175
0.37219 0.008687 1.4942
0.38160 0.008969 1.4738
0.39102 0.009221 1.4558
0.40044 0.009444 1.4400
0.40986 0.009640 1.4260
0.41929 0.009812 1.4137
0.42871 0.009961 1.4027
0.43814 0.010088 1.3930
0.44757 0.010195 1.3844
0.45700 0.010283 1.3768
0.46644 0.010354 1.3700
0.47587 0.010409 1.3641
0.48530 0.010449 1.3588
0.49474 0.010475 1.3542
0.50417 0.010488 1.3502
0.51361 0.010489 1.3466
0.52304 0.010479 1.3436
0.53248 0.010458 1.3410
0.54191 0.010427 1.3388
0.55134 0.010387 1.3370
0.56077 0.010338 1.3356
0.57020 0.010281 1.3344
0.57963 0.010216 1.3336
0.58905 0.010143 1.3331
0.59847 0.010063 1.3328
0.60789 0.009977 1.3328
0.61731 0.009885 1.3331
0.62672 0.009786 1.3336
0.63613 0.009682 1.3343
0.64554 0.009572 1.3353
0.65494 0.009457 1.3365
0.66434 0.009337 1.3379
0.67374 0.009212 1.3395
0.68313 0.009083 1.3414
0.69251 0.008948 1.3435
0.70189 0.008810 1.3458
0.71126 0.008668 1.3483
0.72063 0.008521 1.3511
0.73000 0.008371 1.3541
0.73935 0.008217 1.3573
0.74870 0.008059 1.3608
0.75805 0.007898 1.3646
0.76738 0.007734 1.3686
0.77671 0.007566 1.3729
0.78604 0.007396 1.3775
0.79535 0.007223 1.3824
0.80466 0.007048 1.3876
0.81395 0.006871 1.3932
0.82324 0.006691 1.3991
0.83252 0.006511 1.4053
0.84177 0.006329 1.4119
0.85097 0.006149 1.4188
0.85998 0.005963 1.4264
0.86892 0.005754 1.4356
0.87782 0.005529 1.4463
0.88670 0.005291 1.4585
0.89555 0.005043 1.4723
0.90438 0.004787 1.4877
0.91319 0.004527 1.5047
0.92197 0.004265 1.5235
0.93073 0.004002 1.5442
0.93945 0.003741 1.5667
0.94815 0.003485 1.5913
0.95682 0.003233 1.6179
0.96544 0.002990 1.6466
0.97396 0.002756 1.6774
0.98222 0.002538 1.7095
0.98977 0.002346 1.7409
0.99595 0.002193 1.7684
1.00000 0.002089 1.7886
