alpha cl cd cm xtrs xtri npts dcl dcd biest clalt cdalt
-6.00 -0.4134 0.08494 -0.0209 1.0000 0.0701 18 0.0090 0.00102 0 -0.4134 0.08494
-5.75 -0.3970 0.08190 -0.0261 1.0000 0.0728 17 0.0173 0.00274 0 -0.3970 0.08190
-5.50 -0.3891 0.07905 -0.0249 1.0000 0.0754 16 0.0202 0.00232 0 -0.3891 0.07905
-5.25 -0.3666 0.07594 -0.0311 1.0000 0.0793 18 0.0318 0.00274 0 -0.3666 0.07594
-5.00 -0.3535 0.07274 -0.0322 1.0000 0.0811 17 0.0130 0.00070 0 -0.3535 0.07274
-4.75 -0.3378 0.06925 -0.0336 1.0000 0.0870 18 0.0135 0.00083 0 -0.3378 0.06925
-4.50 -0.3154 0.06645 -0.0373 1.0000 0.0918 17 0.0351 0.00214 0 -0.3154 0.06645
-4.25 -0.2915 0.06277 -0.0415 1.0000 0.0955 17 0.0122 0.00061 0 -0.2915 0.06277
-4.00 -0.2585 0.05984 -0.0477 1.0000 0.1070 15 0.0246 0.00146 0 -0.2585 0.05984
-3.75 -0.2499 0.05641 -0.0453 1.0000 0.1119 17 0.0179 0.00037 0 -0.2499 0.05641
-3.50 -0.2201 0.05329 -0.0499 1.0000 0.1239 17 0.0202 0.00097 0 -0.2201 0.05329
-3.25 -0.1914 0.05034 -0.0533 1.0000 0.1373 17 0.0188 0.00067 0 -0.1914 0.05034
-3.00 -0.1670 0.04741 -0.0553 1.0000 0.1517 14 0.0112 0.00052 0 -0.1670 0.04741
-2.75 -0.1433 0.04459 -0.0564 1.0000 0.1704 13 0.0131 0.00160 0 -0.1433 0.04459
-2.50 -0.1164 0.04210 -0.0587 1.0000 0.1938 8 0.0085 0.00062 0 -0.1164 0.04210
-2.25 -0.0958 0.03972 -0.0588 1.0000 0.2164 4 0.0033 0.00015 0 -0.0958 0.03972
-2.00 -0.0765 0.03762 -0.0585 1.0000 0.2555 1 0.0000 0.00000 0 -0.0765 0.03762
-1.00 -0.0247 0.02835 -0.0460 1.0000 0.5277 2 0.0068 0.00039 0 -0.0247 0.02835
-0.75 -0.0018 0.02610 -0.0450 1.0000 0.5779 2 0.0116 0.00035 1 0.1257 0.02614
-0.50 0.1658 0.02363 -0.0750 1.0000 0.1189 16 0.0191 0.00082 0 0.1658 0.02363
-0.25 0.1960 0.02217 -0.0747 1.0000 0.1053 18 0.0193 0.00074 0 0.1960 0.02217
0.00 0.2242 0.02093 -0.0744 1.0000 0.1012 18 0.0211 0.00078 0 0.2242 0.02093
0.25 0.2506 0.02010 -0.0738 1.0000 0.1017 18 0.0221 0.00068 0 0.2506 0.02010
0.50 0.2761 0.01939 -0.0731 1.0000 0.1040 18 0.0228 0.00060 0 0.2761 0.01939
0.75 0.3034 0.01880 -0.0727 1.0000 0.1074 18 0.0250 0.00056 0 0.3034 0.01880
1.00 0.3365 0.01820 -0.0735 1.0000 0.1204 16 0.0251 0.00047 0 0.3365 0.01820
1.25 0.3644 0.01781 -0.0734 1.0000 0.1489 14 0.0271 0.00054 0 0.3644 0.01781
1.50 0.3952 0.01587 -0.0738 1.0000 1.0000 12 0.0158 0.00010 0 0.3952 0.01587
1.75 0.4171 0.01623 -0.0728 1.0000 1.0000 12 0.0223 0.00016 1 0.5861 0.01713
2.00 0.4385 0.01663 -0.0719 1.0000 1.0000 18 0.0231 0.00016 1 0.6118 0.01808
2.25 0.6349 0.01925 -0.0976 0.0866 1.0000 6 0.0023 0.00026 0 0.6349 0.01925
2.50 0.6596 0.02046 -0.0964 0.0841 1.0000 18 0.0026 0.00051 0 0.6596 0.02046
2.75 0.6873 0.02185 -0.0955 0.0801 1.0000 18 0.0010 0.00062 0 0.6873 0.02185
3.00 0.7179 0.02355 -0.0951 0.0803 1.0000 18 0.0018 0.00065 0 0.7179 0.02355
3.25 0.7482 0.02532 -0.0946 0.0807 1.0000 18 0.0016 0.00050 0 0.7482 0.02532
3.50 0.7801 0.02781 -0.0943 0.0849 1.0000 17 0.0012 0.00121 0 0.7801 0.02781
3.75 0.8113 0.02946 -0.0930 0.0913 1.0000 16 0.0018 0.00050 0 0.8113 0.02946
4.00 0.8424 0.03177 -0.0915 0.1042 1.0000 17 0.0021 0.00077 0 0.8424 0.03177
4.25 0.8756 0.03465 -0.0903 0.1309 1.0000 12 0.0031 0.00158 0 0.8756 0.03465
4.50 0.9216 0.03683 -0.0882 0.2100 1.0000 9 0.0111 0.00047 0 0.9216 0.03683
4.75 0.9105 0.04458 -0.1136 0.5749 1.0000 3 0.0630 0.00759 0 0.9105 0.04458
5.00 0.9132 0.05620 -0.1249 0.6336 1.0000 2 0.0015 0.00046 0 0.9132 0.05620
5.25 0.8574 0.06109 -0.1220 0.6625 1.0000 5 0.0044 0.00114 0 0.8574 0.06109
5.75 1.0141 0.06204 -0.1060 0.4721 1.0000 3 0.0188 0.00274 0 1.0141 0.06204
6.25 1.0496 0.06282 -0.0816 0.2665 1.0000 2 0.0018 0.00006 0 1.0496 0.06282
6.50 1.0535 0.06584 -0.0782 0.2257 1.0000 4 0.0037 0.00030 0 1.0535 0.06584
6.75 1.0585 0.06961 -0.0758 0.1968 1.0000 6 0.0088 0.00013 0 1.0585 0.06961
7.00 1.0580 0.07314 -0.0736 0.1813 1.0000 5 0.0683 0.00409 0 1.0580 0.07314
7.25 1.0631 0.07735 -0.0730 0.1647 1.0000 6 0.0105 0.00020 0 1.0631 0.07735
7.50 1.0278 0.08074 -0.0676 0.1630 1.0000 5 0.0367 0.00263 1 1.0694 0.08191
7.75 1.0717 0.08581 -0.0706 0.1432 1.0000 11 0.0721 0.00289 0 1.0717 0.08581
8.00 1.0008 0.09004 -0.0661 0.1445 1.0000 7 0.0442 0.00320 1 1.0715 0.09033
8.25 0.9768 0.09467 -0.0663 0.1445 1.0000 4 0.0452 0.00331 1 1.0607 0.09497
8.50 0.9553 0.09960 -0.0672 0.1408 1.0000 5 0.0481 0.00272 1 1.0412 0.09873
8.75 0.9579 0.10445 -0.0675 0.1369 1.0000 5 0.0646 0.00153 1 1.0263 0.10276
9.00 0.9364 0.11046 -0.0703 0.1364 1.0000 3 0.0173 0.00081 1 1.0379 0.10803
9.25 0.9183 0.11634 -0.0745 0.1339 1.0000 3 0.0216 0.00060 1 1.0192 0.11241
9.50 0.9263 0.12095 -0.0730 0.1261 1.0000 3 0.0127 0.00098 1 1.0036 0.11782
9.75 0.9080 0.12648 -0.0774 0.1243 1.0000 3 0.0181 0.00076 1 0.9924 0.12292
10.00 0.9212 0.13098 -0.0750 0.1154 1.0000 3 0.0080 0.00099 1 1.0129 0.12770
10.25 0.9036 0.13611 -0.0793 0.1144 1.0000 3 0.0122 0.00092 1 0.9998 0.13270
10.50 0.8906 0.14080 -0.0826 0.1114 1.0000 3 0.0339 0.00079 1 0.9915 0.13730
10.75 0.9049 0.14547 -0.0803 0.1041 1.0000 3 0.0043 0.00090 1 0.9843 0.14166
11.00 0.8890 0.14979 -0.0841 0.1030 1.0000 3 0.0159 0.00089 1 1.0040 0.14708
11.25 0.8786 0.15381 -0.0868 0.0999 1.0000 3 0.0318 0.00165 1 1.0014 0.15161
11.50 0.8990 0.15903 -0.0837 0.0931 1.0000 3 0.0027 0.00049 1 0.9966 0.15565
11.75 0.8834 0.16248 -0.0873 0.0925 1.0000 3 0.0075 0.00095 1 0.9947 0.15953
12.00 0.8705 0.16559 -0.0903 0.0908 1.0000 3 0.0334 0.00284 1 0.9947 0.16431
12.25 0.8661 0.16880 -0.0920 0.0875 1.0000 3 0.0231 0.00283 1 0.9974 0.16814
12.50 0.8920 0.17556 -0.0885 0.0821 1.0000 3 0.0129 0.00088 1 1.0154 0.17419
12.75 0.8790 0.17762 -0.0918 0.0817 1.0000 3 0.0027 0.00028 1 1.0147 0.17766
13.00 0.8667 0.17910 -0.0948 0.0809 1.0000 3 0.0246 0.00438 1 1.0115 0.18176
13.25 0.8598 0.18119 -0.0971 0.0788 1.0000 3 0.0187 0.00387 1 1.0209 0.18494
13.50 0.8587 0.18397 -0.0986 0.0760 1.0000 3 0.0109 0.00270 1 1.0215 0.18832
13.75 0.8644 0.18772 -0.0989 0.0729 1.0000 3 0.0025 0.00141 1 1.0240 0.19211
14.00 0.8787 0.19438 -0.0981 0.0707 1.0000 3 0.0078 0.00183 1 1.0265 0.19608
14.25 0.8695 0.19552 -0.1011 0.0703 1.0000 3 0.0117 0.00264 1 1.0545 0.20505
14.50 0.8631 0.19699 -0.1037 0.0691 1.0000 3 0.0089 0.00214 1 1.0545 0.20738
14.75 0.8619 0.19956 -0.1056 0.0669 1.0000 3 0.0057 0.00148 1 1.0541 0.21008
15.00 0.8635 0.20263 -0.1070 0.0646 1.0000 3 0.0042 0.00118 1 1.0536 0.21267
15.25 0.8675 0.20612 -0.1079 0.0623 1.0000 3 0.0045 0.00117 1 1.0547 0.21546
15.50 0.8897 0.21573 -0.1061 0.0597 1.0000 3 0.0067 0.00228 1 1.0674 0.21850
15.75 0.8821 0.21632 -0.1088 0.0595 1.0000 3 0.0056 0.00189 1 1.0726 0.22366
16.00 0.8764 0.21728 -0.1116 0.0589 1.0000 3 0.0026 0.00087 1 1.0771 0.22594
