alpha cl cd cm ld phi
-6.00 -0.3716 0.10451 -0.0200 -3.56 nan
-5.75 -0.3592 0.10440 -0.0257 -3.44 nan
-5.50 -0.3599 0.09949 -0.0211 -3.62 nan
-5.25 -0.3549 0.09633 -0.0205 -3.68 nan
-5.00 -0.3446 0.09368 -0.0226 -3.68 nan
-4.75 -0.3320 0.09163 -0.0258 -3.62 nan
-4.50 -0.3186 0.08873 -0.0276 -3.59 nan
-4.25 -0.3061 0.08582 -0.0290 -3.57 nan
-4.00 -0.2866 0.08278 -0.0327 -3.46 nan
-3.75 -0.2575 0.08039 -0.0396 -3.20 nan
-3.50 -0.2479 0.07695 -0.0394 -3.22 nan
-3.25 -0.2104 0.07474 -0.0482 -2.82 nan
-3.00 -0.2006 0.07100 -0.0469 -2.83 nan
-2.75 -0.1649 0.06801 -0.0535 -2.42 nan
-2.50 -0.1255 0.06508 -0.0608 -1.93 nan
-2.25 -0.1025 0.06215 -0.0637 -1.65 nan
-2.00 -0.0726 0.05929 -0.0676 -1.22 nan
-1.75 -0.0306 0.05667 -0.0750 -0.54 nan
-1.50 0.0021 0.05408 -0.0788 0.04 nan
-1.25 0.0358 0.05144 -0.0829 0.70 nan
-1.00 0.0598 0.04930 -0.0842 1.21 39.503
-0.75 0.0787 0.04669 -0.0838 1.69 30.679
-0.50 0.0885 0.04360 -0.0799 2.03 26.227
-0.25 0.0940 0.04158 -0.0760 2.26 23.862
0.00 0.1036 0.03845 -0.0716 2.69 20.362
0.25 0.1295 0.03554 -0.0713 3.64 15.346
0.50 0.1638 0.03384 -0.0743 4.84 11.673
0.75 0.4167 0.03700 -0.1312 11.26 5.074
1.00 0.4531 0.03608 -0.1331 12.56 4.553
1.25 0.4970 0.03518 -0.1364 14.13 4.049
1.50 0.5307 0.03479 -0.1376 15.25 3.751
1.75 0.5592 0.03459 -0.1381 16.17 3.540
2.00 0.5789 0.03464 -0.1369 16.71 3.424
2.25 0.6138 0.03458 -0.1384 17.75 3.224
2.50 0.6256 0.03486 -0.1361 17.95 3.189
2.75 0.6571 0.03373 -0.1368 19.48 2.939
3.00 0.6757 0.03472 -0.1360 19.46 2.941
3.25 0.7007 0.03582 -0.1367 19.56 2.926
3.50 0.7184 0.03693 -0.1361 19.45 2.943
3.75 0.7357 0.03809 -0.1355 19.31 2.964
4.00 1.0166 0.03088 -0.1541 32.92 1.740
4.25 1.0459 0.03256 -0.1535 32.12 1.783
4.50 1.1208 0.03512 -0.1591 31.91 1.795
4.75 1.1730 0.03779 -0.1611 31.04 1.845
5.00 1.2145 0.04026 -0.1614 30.17 1.899
5.25 1.2521 0.04345 -0.1614 28.82 1.987
5.50 1.2887 0.04617 -0.1602 27.91 2.052
5.75 1.3246 0.04873 -0.1578 27.18 2.107
6.00 1.3608 0.05213 -0.1566 26.10 2.194
6.25 1.3949 0.05533 -0.1548 25.21 2.271
6.50 1.4251 0.05918 -0.1556 24.08 2.378
6.75 1.4251 0.06518 -0.1563 21.86 2.619
7.00 1.4018 0.07186 -0.1563 19.51 2.935
7.25 1.3683 0.07941 -0.1557 17.23 3.321
7.50 1.3296 0.08561 -0.1554 15.53 3.684
7.75 1.2900 0.09208 -0.1545 14.01 4.083
8.00 1.2481 0.10029 -0.1562 12.44 4.594
8.25 1.2030 0.10943 -0.1606 10.99 5.198
8.50 1.0802 0.12185 -0.1511 8.86 6.436
nan nan nan nan nan nan
9.50 1.1125 0.14296 -0.1777 7.78 7.323
9.75 1.1210 0.14738 -0.1773 7.61 7.490
10.00 1.1367 0.15192 -0.1765 7.48 7.612
10.25 1.1545 0.15610 -0.1752 7.40 7.700
10.50 1.1635 0.15987 -0.1734 7.28 7.824
10.75 1.1784 0.16374 -0.1715 7.20 7.911
11.00 1.1824 0.16713 -0.1701 7.07 8.045
11.25 1.1929 0.17034 -0.1686 7.00 8.127
11.50 1.2119 0.17424 -0.1673 6.96 8.182
11.75 1.2089 0.17800 -0.1664 6.79 8.376
12.00 1.2216 0.18219 -0.1650 6.71 8.483
12.25 1.2265 0.18584 -0.1658 6.60 8.616
12.50 1.2367 0.19089 -0.1624 6.48 8.775
12.75 1.2333 0.19344 -0.1671 6.38 8.914
13.00 1.2323 0.19744 -0.1680 6.24 9.103
13.25 1.2373 0.20163 -0.1678 6.14 9.256
13.50 1.2526 0.20620 -0.1679 6.07 9.348
13.75 1.2536 0.20990 -0.1709 5.97 9.505
14.00 1.2550 0.21324 -0.1736 5.89 9.643
14.25 1.2589 0.21794 -0.1743 5.78 9.822
14.50 1.2728 0.22406 -0.1729 5.68 9.984
14.75 1.2662 0.22527 -0.1786 5.62 10.088
15.00 1.2857 0.23001 -0.1779 5.59 10.143
15.25 1.2795 0.23330 -0.1821 5.48 10.334
15.50 1.2803 0.23688 -0.1846 5.40 10.482
15.75 1.2953 0.24080 -0.1859 5.38 10.531
16.00 1.2967 0.24426 -0.1886 5.31 10.668
