alpha cl cd cm xtrs xtri npts dcl dcd biest clalt cdalt
-6.00 -0.6868 0.02229 0.0002 1.0000 0.2553 9 0.0003 0.00003 0 -0.6868 0.02229
-5.75 -0.6685 0.02135 0.0019 1.0000 0.2875 9 0.0001 0.00003 0 -0.6685 0.02135
-5.50 -0.6507 0.02050 0.0038 1.0000 0.3249 9 0.0002 0.00001 0 -0.6507 0.02050
-5.25 -0.6329 0.01977 0.0057 1.0000 0.3657 9 0.0002 0.00000 0 -0.6329 0.01977
-5.00 -0.6150 0.01915 0.0077 1.0000 0.4084 9 0.0002 0.00000 0 -0.6150 0.01915
-4.75 -0.5966 0.01863 0.0097 1.0000 0.4506 9 0.0002 0.00000 0 -0.5966 0.01863
-4.50 -0.5778 0.01819 0.0118 1.0000 0.4921 9 0.0002 0.00000 0 -0.5778 0.01819
-4.25 -0.5587 0.01783 0.0139 1.0000 0.5327 9 0.0004 0.00001 0 -0.5587 0.01783
-4.00 -0.5392 0.01752 0.0160 1.0000 0.5726 9 0.0002 0.00000 0 -0.5392 0.01752
-3.75 -0.5196 0.01728 0.0182 1.0000 0.6112 9 0.0006 0.00001 0 -0.5196 0.01728
-3.50 -0.5000 0.01709 0.0204 1.0000 0.6489 9 0.0004 0.00002 0 -0.5000 0.01709
-3.25 -0.4802 0.01696 0.0228 1.0000 0.6860 9 0.0004 0.00000 0 -0.4802 0.01696
-3.00 -0.4605 0.01689 0.0253 1.0000 0.7219 9 0.0005 0.00002 0 -0.4605 0.01689
-2.75 -0.4408 0.01691 0.0279 1.0000 0.7567 9 0.0004 0.00000 0 -0.4408 0.01691
-2.50 -0.4205 0.01701 0.0305 1.0000 0.7904 9 0.0004 0.00002 0 -0.4205 0.01701
-2.25 -0.3991 0.01719 0.0329 1.0000 0.8240 9 0.0003 0.00001 0 -0.3991 0.01719
-2.00 -0.3734 0.01747 0.0345 1.0000 0.8566 9 0.0009 0.00003 0 -0.3734 0.01747
-1.75 -0.3393 0.01784 0.0345 1.0000 0.8887 9 0.0006 0.00002 0 -0.3393 0.01784
-1.50 -0.2857 0.01836 0.0306 1.0000 0.9157 9 0.0031 0.00002 0 -0.2857 0.01836
-1.25 -0.2191 0.01875 0.0236 1.0000 0.9393 9 0.0030 0.00003 0 -0.2191 0.01875
-1.00 -0.1383 0.01896 0.0135 1.0000 0.9579 9 0.0005 0.00002 0 -0.1383 0.01896
-0.75 -0.0639 0.01889 0.0040 1.0000 0.9773 9 0.0002 0.00001 0 -0.0639 0.01889
-0.50 0.0114 0.01859 -0.0061 1.0000 0.9947 9 0.0010 0.00001 0 0.0114 0.01859
-0.25 0.0241 0.01834 -0.0061 1.0000 1.0000 9 0.0001 0.00000 0 0.0241 0.01834
0.00 0.0000 0.01829 0.0000 1.0000 1.0000 9 0.0000 0.00001 0 0.0000 0.01829
0.25 -0.0241 0.01834 0.0061 1.0000 1.0000 9 0.0001 0.00001 0 -0.0241 0.01834
0.50 -0.0115 0.01859 0.0062 0.9947 1.0000 9 0.0010 0.00001 0 -0.0115 0.01859
0.75 0.0639 0.01888 -0.0040 0.9773 1.0000 9 0.0003 0.00001 0 0.0639 0.01888
1.00 0.1382 0.01896 -0.0135 0.9579 1.0000 9 0.0005 0.00002 0 0.1382 0.01896
1.25 0.2190 0.01875 -0.0236 0.9393 1.0000 9 0.0029 0.00002 0 0.2190 0.01875
1.50 0.2856 0.01836 -0.0306 0.9157 1.0000 9 0.0030 0.00002 0 0.2856 0.01836
1.75 0.3392 0.01784 -0.0345 0.8887 1.0000 9 0.0005 0.00002 0 0.3392 0.01784
2.00 0.3733 0.01747 -0.0345 0.8566 1.0000 12 0.0008 0.00003 0 0.3733 0.01747
2.25 0.3990 0.01719 -0.0329 0.8240 1.0000 9 0.0004 0.00001 0 0.3990 0.01719
2.50 0.4204 0.01701 -0.0305 0.7904 1.0000 9 0.0005 0.00002 0 0.4204 0.01701
2.75 0.4407 0.01691 -0.0278 0.7567 1.0000 9 0.0004 0.00000 0 0.4407 0.01691
3.00 0.4604 0.01689 -0.0253 0.7219 1.0000 8 0.0005 0.00002 0 0.4604 0.01689
3.25 0.4801 0.01696 -0.0228 0.6860 1.0000 9 0.0004 0.00000 0 0.4801 0.01696
3.50 0.4999 0.01709 -0.0204 0.6490 1.0000 9 0.0004 0.00002 0 0.4999 0.01709
3.75 0.5195 0.01728 -0.0182 0.6112 1.0000 9 0.0006 0.00001 0 0.5195 0.01728
4.00 0.5391 0.01752 -0.0160 0.5726 1.0000 9 0.0002 0.00000 0 0.5391 0.01752
4.25 0.5586 0.01783 -0.0139 0.5328 1.0000 9 0.0005 0.00001 0 0.5586 0.01783
4.50 0.5777 0.01819 -0.0118 0.4921 1.0000 9 0.0003 0.00000 0 0.5777 0.01819
4.75 0.5966 0.01863 -0.0097 0.4506 1.0000 9 0.0002 0.00000 0 0.5966 0.01863
5.00 0.6150 0.01915 -0.0077 0.4084 1.0000 9 0.0002 0.00000 0 0.6150 0.01915
5.25 0.6328 0.01977 -0.0057 0.3658 1.0000 9 0.0003 0.00000 0 0.6328 0.01977
5.50 0.6506 0.02050 -0.0037 0.3250 1.0000 9 0.0002 0.00001 0 0.6506 0.02050
5.75 0.6685 0.02135 -0.0019 0.2875 1.0000 9 0.0002 0.00002 0 0.6685 0.02135
6.00 0.6868 0.02229 -0.0001 0.2553 1.0000 9 0.0002 0.00003 0 0.6868 0.02229
6.25 0.7058 0.02333 0.0014 0.2283 1.0000 9 0.0001 0.00006 0 0.7058 0.02333
6.50 0.7252 0.02441 0.0030 0.2052 1.0000 9 0.0004 0.00005 0 0.7252 0.02441
6.75 0.7453 0.02561 0.0044 0.1863 1.0000 9 0.0008 0.00004 0 0.7453 0.02561
7.00 0.7659 0.02684 0.0056 0.1708 1.0000 7 0.0005 0.00008 0 0.7659 0.02684
7.25 0.7870 0.02819 0.0068 0.1580 1.0000 9 0.0014 0.00016 0 0.7870 0.02819
7.50 0.8078 0.02968 0.0080 0.1473 1.0000 9 0.0023 0.00026 0 0.8078 0.02968
7.75 0.8288 0.03132 0.0090 0.1382 1.0000 9 0.0021 0.00025 0 0.8288 0.03132
8.00 0.8497 0.03304 0.0102 0.1307 1.0000 9 0.0028 0.00042 0 0.8497 0.03304
8.25 0.8680 0.03486 0.0117 0.1240 1.0000 6 0.0005 0.00015 0 0.8680 0.03486
8.50 0.8862 0.03702 0.0129 0.1187 1.0000 6 0.0066 0.00073 0 0.8862 0.03702
8.75 0.8999 0.03933 0.0147 0.1140 1.0000 6 0.0035 0.00036 0 0.8999 0.03933
9.00 0.9220 0.04153 0.0153 0.1097 1.0000 6 0.0045 0.00058 0 0.9220 0.04153
9.25 0.9252 0.04465 0.0179 0.1073 1.0000 6 0.0021 0.00063 0 0.9252 0.04465
9.50 0.9280 0.04810 0.0203 0.1051 1.0000 6 0.0067 0.00092 0 0.9280 0.04810
9.75 0.9285 0.05174 0.0224 0.1035 1.0000 6 0.0291 0.00238 0 0.9285 0.05174
10.00 0.9274 0.05535 0.0243 0.1022 1.0000 6 0.0336 0.00247 0 0.9274 0.05535
10.25 0.9382 0.05831 0.0252 0.1006 1.0000 6 0.0532 0.00346 0 0.9382 0.05831
10.50 0.9239 0.06291 0.0272 0.1007 1.0000 6 0.0689 0.00426 0 0.9239 0.06291
10.75 0.8748 0.06971 0.0287 0.1032 1.0000 4 0.0663 0.00427 0 0.8748 0.06971
11.00 0.7968 0.08068 0.0246 0.1093 1.0000 4 0.0340 0.00484 1 0.8916 0.07214
11.25 0.7929 0.08556 0.0234 0.1091 1.0000 4 0.0137 0.00188 0 0.7929 0.08556
11.75 0.6212 0.13525 -0.0167 0.2018 1.0000 3 0.0010 0.00030 0 0.6212 0.13525
12.00 0.5551 0.14004 -0.0052 0.2036 1.0000 2 0.0000 0.00000 1 0.6601 0.14040
12.25 0.5158 0.14241 -0.0081 0.1992 1.0000 2 0.0000 0.00000 1 0.6244 0.14288
12.50 0.5273 0.14588 -0.0078 0.1931 1.0000 3 0.0087 0.00189 1 0.6370 0.14642
12.75 0.5236 0.14950 -0.0085 0.1898 1.0000 3 0.0343 0.00270 1 0.6683 0.15242
13.00 0.5134 0.15170 -0.0092 0.1833 1.0000 3 0.0194 0.00261 1 0.6352 0.15400
13.25 0.5356 0.15661 -0.0087 0.1786 1.0000 3 0.0200 0.00233 1 0.6472 0.15745
13.50 0.5088 0.15733 -0.0102 0.1738 1.0000 3 0.0206 0.00305 1 0.6702 0.16319
13.75 0.5204 0.16069 -0.0099 0.1686 1.0000 3 0.0404 0.00513 1 0.6485 0.16447
14.00 0.5208 0.16405 -0.0104 0.1660 1.0000 3 0.0066 0.00204 1 0.6589 0.16792
14.25 0.5061 0.16475 -0.0115 0.1607 1.0000 3 0.0271 0.00421 0 0.5061 0.16475
14.50 0.5459 0.17235 -0.0103 0.1550 1.0000 3 0.0152 0.00062 1 0.6709 0.17582
14.75 0.5109 0.16970 -0.0123 0.1531 1.0000 3 0.0126 0.00349 1 0.6705 0.17828
15.00 0.5064 0.17079 -0.0131 0.1479 1.0000 3 0.0383 0.00767 1 0.6894 0.18253
15.25 0.5251 0.17548 -0.0126 0.1440 1.0000 3 0.0038 0.00171 1 0.7033 0.18835
15.50 0.5155 0.17639 -0.0139 0.1421 1.0000 3 0.0108 0.00305 1 0.6896 0.18859
15.75 0.5084 0.17704 -0.0153 0.1372 1.0000 3 0.0226 0.00544 1 0.6971 0.19173
16.00 0.5218 0.18069 -0.0150 0.1328 1.0000 3 0.0005 0.00218 1 0.7128 0.19599
