alpha cl cd cm fuente
-180.0 -0.2062 0.0404 -0.1031 3
-179.5 -0.1369 0.0436 -0.0681 3
-179.0 -0.0571 0.0482 -0.0280 3
-178.5 -0.0016 0.0528 -0.0001 3
-178.0 0.0435 0.0581 0.0225 3
-177.5 0.0893 0.0637 0.0454 3
-177.0 0.1443 0.0695 0.0726 3
-176.5 0.1835 0.0753 0.0920 3
-176.0 0.2089 0.0817 0.1047 3
-175.5 0.2320 0.0880 0.1161 3
-175.0 0.2556 0.0927 0.1277 3
-174.5 0.2672 0.0980 0.1335 3
-174.0 0.2754 0.1022 0.1376 3
-173.5 0.2816 0.1040 0.1405 3
-173.0 0.2862 0.1053 0.1427 3
-172.5 0.2891 0.1060 0.1440 3
-172.0 0.2905 0.1061 0.1445 3
-171.5 0.2905 0.1058 0.1443 3
-171.0 0.2891 0.1050 0.1434 3
-170.5 0.2865 0.1038 0.1420 3
-170.0 0.2829 0.1024 0.1400 3
-169.5 0.2785 0.1007 0.1376 3
-169.0 0.2734 0.0989 0.1348 3
-168.5 0.2678 0.0971 0.1319 3
-168.0 0.2620 0.0954 0.1288 3
-167.5 0.2561 0.0938 0.1258 3
-167.0 0.2503 0.0925 0.1228 3
-166.5 0.2450 0.0915 0.1200 3
-166.0 0.2402 0.0910 0.1176 3
-165.5 0.2361 0.0910 0.1156 3
-165.0 0.2330 0.0916 0.1140 3
-164.5 0.2310 0.0930 0.1131 3
-164.0 0.2302 0.0951 0.1127 3
-163.5 0.2307 0.0980 0.1131 3
-163.0 0.2327 0.1017 0.1142 3
-162.5 0.2362 0.1064 0.1161 3
-162.0 0.2412 0.1120 0.1188 3
-161.5 0.2469 0.1180 0.1219 3
-161.0 0.2526 0.1243 0.1249 3
-160.5 0.2582 0.1306 0.1280 3
-160.0 0.2638 0.1371 0.1310 3
-159.5 0.2692 0.1438 0.1340 3
-159.0 0.2746 0.1506 0.1370 3
-158.5 0.2799 0.1575 0.1401 3
-158.0 0.2850 0.1645 0.1430 3
-157.5 0.2902 0.1717 0.1460 3
-157.0 0.2952 0.1790 0.1490 3
-156.5 0.3001 0.1864 0.1520 3
-156.0 0.3049 0.1940 0.1549 3
-155.5 0.3097 0.2016 0.1578 3
-155.0 0.3143 0.2094 0.1608 3
-154.5 0.3189 0.2173 0.1637 3
-154.0 0.3234 0.2253 0.1666 3
-153.5 0.3277 0.2334 0.1695 3
-153.0 0.3320 0.2416 0.1723 3
-152.5 0.3361 0.2500 0.1752 3
-152.0 0.3402 0.2584 0.1780 3
-151.5 0.3441 0.2669 0.1809 3
-151.0 0.3480 0.2756 0.1837 3
-150.5 0.3517 0.2843 0.1865 3
-150.0 0.3554 0.2931 0.1893 3
-149.5 0.3589 0.3020 0.1921 3
-149.0 0.3623 0.3110 0.1948 3
-148.5 0.3656 0.3201 0.1976 3
-148.0 0.3688 0.3292 0.2003 3
-147.5 0.3719 0.3385 0.2030 3
-147.0 0.3749 0.3478 0.2057 3
-146.5 0.3777 0.3572 0.2084 3
-146.0 0.3805 0.3666 0.2111 3
-145.5 0.3831 0.3761 0.2137 3
-145.0 0.3856 0.3857 0.2163 3
-144.5 0.3880 0.3954 0.2189 3
-144.0 0.3903 0.4051 0.2215 3
-143.5 0.3924 0.4148 0.2241 3
-143.0 0.3944 0.4246 0.2266 3
-142.5 0.3964 0.4345 0.2292 3
-142.0 0.3982 0.4444 0.2317 3
-141.5 0.3998 0.4543 0.2342 3
-141.0 0.4014 0.4643 0.2366 3
-140.5 0.4028 0.4743 0.2391 3
-140.0 0.4041 0.4844 0.2415 3
-139.5 0.4053 0.4945 0.2439 3
-139.0 0.4063 0.5046 0.2462 3
-138.5 0.4073 0.5148 0.2486 3
-138.0 0.4081 0.5249 0.2509 3
-137.5 0.4088 0.5351 0.2532 3
-137.0 0.4093 0.5453 0.2555 3
-136.5 0.4098 0.5555 0.2577 3
-136.0 0.4101 0.5657 0.2599 3
-135.5 0.4103 0.5760 0.2621 3
-135.0 0.4103 0.5862 0.2642 3
-134.5 0.4103 0.5964 0.2664 3
-134.0 0.4101 0.6067 0.2685 3
-133.5 0.4098 0.6169 0.2705 3
-133.0 0.4093 0.6271 0.2726 3
-132.5 0.4088 0.6373 0.2746 3
-132.0 0.4081 0.6475 0.2766 3
-131.5 0.4073 0.6576 0.2785 3
-131.0 0.4063 0.6678 0.2804 3
-130.5 0.4053 0.6779 0.2823 3
-130.0 0.4041 0.6880 0.2841 3
-129.5 0.4028 0.6981 0.2859 3
-129.0 0.4014 0.7081 0.2877 3
-128.5 0.3998 0.7181 0.2894 3
-128.0 0.3982 0.7280 0.2911 3
-127.5 0.3964 0.7379 0.2928 3
-127.0 0.3944 0.7478 0.2944 3
-126.5 0.3924 0.7576 0.2960 3
-126.0 0.3903 0.7673 0.2976 3
-125.5 0.3880 0.7770 0.2991 3
-125.0 0.3856 0.7867 0.3006 3
-124.5 0.3831 0.7963 0.3020 3
-124.0 0.3805 0.8058 0.3034 3
-123.5 0.3777 0.8152 0.3047 3
-123.0 0.3749 0.8246 0.3061 3
-122.5 0.3719 0.8339 0.3073 3
-122.0 0.3688 0.8432 0.3086 3
-121.5 0.3656 0.8523 0.3097 3
-121.0 0.3623 0.8614 0.3109 3
-120.5 0.3589 0.8704 0.3120 3
-120.0 0.3554 0.8793 0.3131 3
-119.5 0.3517 0.8881 0.3141 3
-119.0 0.3480 0.8968 0.3151 3
-118.5 0.3441 0.9055 0.3160 3
-118.0 0.3402 0.9140 0.3169 3
-117.5 0.3361 0.9224 0.3177 3
-117.0 0.3320 0.9308 0.3185 3
-116.5 0.3277 0.9390 0.3193 3
-116.0 0.3234 0.9471 0.3200 3
-115.5 0.3189 0.9551 0.3206 3
-115.0 0.3143 0.9630 0.3212 3
-114.5 0.3097 0.9708 0.3218 3
-114.0 0.3049 0.9784 0.3223 3
-113.5 0.3001 0.9860 0.3228 3
-113.0 0.2952 0.9934 0.3232 3
-112.5 0.2902 1.0007 0.3236 3
-112.0 0.2850 1.0079 0.3239 3
-111.5 0.2799 1.0149 0.3242 3
-111.0 0.2746 1.0218 0.3245 3
-110.5 0.2692 1.0286 0.3247 3
-110.0 0.2638 1.0353 0.3248 3
-109.5 0.2582 1.0418 0.3249 3
-109.0 0.2526 1.0481 0.3250 3
-108.5 0.2469 1.0544 0.3250 3
-108.0 0.2412 1.0604 0.3249 3
-107.5 0.2354 1.0664 0.3248 3
-107.0 0.2295 1.0722 0.3247 3
-106.5 0.2235 1.0778 0.3245 3
-106.0 0.2174 1.0833 0.3243 3
-105.5 0.2113 1.0887 0.3240 3
-105.0 0.2052 1.0939 0.3237 3
-104.5 0.1989 1.0989 0.3233 3
-104.0 0.1926 1.1038 0.3229 3
-103.5 0.1863 1.1085 0.3224 3
-103.0 0.1799 1.1131 0.3219 3
-102.5 0.1734 1.1175 0.3213 3
-102.0 0.1669 1.1217 0.3207 3
-101.5 0.1603 1.1258 0.3201 3
-101.0 0.1537 1.1297 0.3194 3
-100.5 0.1471 1.1335 0.3186 3
-100.0 0.1403 1.1370 0.3178 3
-99.5 0.1336 1.1405 0.3170 3
-99.0 0.1268 1.1437 0.3161 3
-98.5 0.1200 1.1468 0.3152 3
-98.0 0.1131 1.1497 0.3142 3
-97.5 0.1062 1.1524 0.3132 3
-97.0 0.0993 1.1550 0.3121 3
-96.5 0.0923 1.1574 0.3110 3
-96.0 0.0853 1.1596 0.3099 3
-95.5 0.0783 1.1616 0.3087 3
-95.0 0.0713 1.1635 0.3075 3
-94.5 0.0642 1.1652 0.3062 3
-94.0 0.0571 1.1667 0.3049 3
-93.5 0.0500 1.1680 0.3036 3
-93.0 0.0429 1.1692 0.3022 3
-92.5 0.0358 1.1702 0.3008 3
-92.0 0.0286 1.1710 0.2993 3
-91.5 0.0215 1.1716 0.2978 3
-91.0 0.0143 1.1720 0.2963 3
-90.5 0.0072 1.1723 0.2947 3
-90.0 0.0000 1.1724 0.2931 3
-89.5 -0.0102 1.1723 0.2911 2
-89.0 -0.0205 1.1720 0.2892 2
-88.5 -0.0307 1.1716 0.2872 2
-88.0 -0.0409 1.1710 0.2852 2
-87.5 -0.0511 1.1702 0.2831 2
-87.0 -0.0613 1.1692 0.2811 2
-86.5 -0.0714 1.1680 0.2790 2
-86.0 -0.0816 1.1667 0.2769 2
-85.5 -0.0917 1.1652 0.2748 2
-85.0 -0.1018 1.1635 0.2727 2
-84.5 -0.1119 1.1616 0.2705 2
-84.0 -0.1219 1.1596 0.2684 2
-83.5 -0.1319 1.1574 0.2662 2
-83.0 -0.1418 1.1550 0.2640 2
-82.5 -0.1517 1.1524 0.2618 2
-82.0 -0.1616 1.1497 0.2595 2
-81.5 -0.1714 1.1468 0.2573 2
-81.0 -0.1811 1.1437 0.2550 2
-80.5 -0.1908 1.1405 0.2527 2
-80.0 -0.2005 1.1370 0.2505 2
-79.5 -0.2101 1.1335 0.2482 2
-79.0 -0.2196 1.1297 0.2458 2
-78.5 -0.2290 1.1258 0.2435 2
-78.0 -0.2384 1.1217 0.2412 2
-77.5 -0.2477 1.1175 0.2388 2
-77.0 -0.2570 1.1131 0.2365 2
-76.5 -0.2661 1.1085 0.2341 2
-76.0 -0.2752 1.1038 0.2317 2
-75.5 -0.2842 1.0989 0.2293 2
-75.0 -0.2931 1.0939 0.2269 2
-74.5 -0.3019 1.0887 0.2245 2
-74.0 -0.3106 1.0833 0.2221 2
-73.5 -0.3193 1.0778 0.2197 2
-73.0 -0.3278 1.0722 0.2172 2
-72.5 -0.3362 1.0664 0.2148 2
-72.0 -0.3446 1.0604 0.2124 2
-71.5 -0.3528 1.0544 0.2099 2
-71.0 -0.3609 1.0481 0.2075 2
-70.5 -0.3689 1.0418 0.2050 2
-70.0 -0.3768 1.0353 0.2025 2
-69.5 -0.3846 1.0286 0.2001 2
-69.0 -0.3922 1.0218 0.1976 2
-68.5 -0.3998 1.0149 0.1951 2
-68.0 -0.4072 1.0079 0.1927 2
-67.5 -0.4145 1.0007 0.1902 2
-67.0 -0.4217 0.9934 0.1877 2
-66.5 -0.4287 0.9860 0.1852 2
-66.0 -0.4356 0.9784 0.1827 2
-65.5 -0.4424 0.9708 0.1803 2
-65.0 -0.4491 0.9630 0.1778 2
-64.5 -0.4556 0.9551 0.1753 2
-64.0 -0.4619 0.9471 0.1728 2
-63.5 -0.4682 0.9390 0.1703 2
-63.0 -0.4742 0.9308 0.1679 2
-62.5 -0.4802 0.9224 0.1654 2
-62.0 -0.4860 0.9140 0.1629 2
-61.5 -0.4916 0.9055 0.1604 2
-61.0 -0.4971 0.8968 0.1580 2
-60.5 -0.5025 0.8881 0.1555 2
-60.0 -0.5077 0.8793 0.1531 2
-59.5 -0.5127 0.8704 0.1506 2
-59.0 -0.5176 0.8614 0.1482 2
-58.5 -0.5223 0.8523 0.1457 2
-58.0 -0.5269 0.8432 0.1433 2
-57.5 -0.5313 0.8339 0.1409 2
-57.0 -0.5355 0.8246 0.1385 2
-56.5 -0.5396 0.8152 0.1361 2
-56.0 -0.5435 0.8058 0.1337 2
-55.5 -0.5473 0.7963 0.1313 2
-55.0 -0.5508 0.7867 0.1289 2
-54.5 -0.5543 0.7770 0.1265 2
-54.0 -0.5575 0.7673 0.1242 2
-53.5 -0.5606 0.7576 0.1218 2
-53.0 -0.5635 0.7478 0.1195 2
-52.5 -0.5662 0.7379 0.1172 2
-52.0 -0.5688 0.7280 0.1148 2
-51.5 -0.5712 0.7181 0.1125 2
-51.0 -0.5734 0.7081 0.1102 2
-50.5 -0.5754 0.6981 0.1080 2
-50.0 -0.5773 0.6880 0.1057 2
-49.5 -0.5790 0.6779 0.1034 2
-49.0 -0.5805 0.6678 0.1012 2
-48.5 -0.5818 0.6576 0.0990 2
-48.0 -0.5830 0.6475 0.0968 2
-47.5 -0.5840 0.6373 0.0946 2
-47.0 -0.5848 0.6271 0.0924 2
-46.5 -0.5854 0.6169 0.0902 2
-46.0 -0.5858 0.6067 0.0881 2
-45.5 -0.5861 0.5964 0.0860 2
-45.0 -0.5862 0.5862 0.0839 2
-44.5 -0.5861 0.5760 0.0818 2
-44.0 -0.5858 0.5657 0.0797 2
-43.5 -0.5854 0.5555 0.0776 2
-43.0 -0.5848 0.5453 0.0756 2
-42.5 -0.5840 0.5351 0.0736 2
-42.0 -0.5830 0.5249 0.0716 2
-41.5 -0.5818 0.5148 0.0696 2
-41.0 -0.5805 0.5046 0.0676 2
-40.5 -0.5790 0.4945 0.0657 2
-40.0 -0.5773 0.4844 0.0638 2
-39.5 -0.5754 0.4743 0.0619 2
-39.0 -0.5734 0.4643 0.0600 2
-38.5 -0.5712 0.4543 0.0581 2
-38.0 -0.5688 0.4444 0.0563 2
-37.5 -0.5662 0.4345 0.0545 2
-37.0 -0.5635 0.4246 0.0527 2
-36.5 -0.5606 0.4148 0.0509 2
-36.0 -0.5575 0.4051 0.0492 2
-35.5 -0.5543 0.3954 0.0475 2
-35.0 -0.5508 0.3857 0.0458 2
-34.5 -0.5473 0.3761 0.0441 2
-34.0 -0.5435 0.3666 0.0425 2
-33.5 -0.5396 0.3572 0.0408 2
-33.0 -0.5355 0.3478 0.0392 2
-32.5 -0.5313 0.3385 0.0377 2
-32.0 -0.5269 0.3292 0.0361 2
-31.5 -0.5223 0.3201 0.0346 2
-31.0 -0.5176 0.3110 0.0331 2
-30.5 -0.5127 0.3020 0.0316 2
-30.0 -0.5077 0.2931 0.0302 2
-29.5 -0.5025 0.2843 0.0288 2
-29.0 -0.4971 0.2756 0.0274 2
-28.5 -0.4916 0.2669 0.0261 2
-28.0 -0.4860 0.2584 0.0247 2
-27.5 -0.4802 0.2500 0.0234 2
-27.0 -0.4742 0.2416 0.0221 2
-26.5 -0.4682 0.2334 0.0209 2
-26.0 -0.4619 0.2253 0.0197 2
-25.5 -0.4556 0.2173 0.0185 2
-25.0 -0.4491 0.2094 0.0173 2
-24.5 -0.4424 0.2016 0.0162 2
-24.0 -0.4356 0.1940 0.0151 2
-23.5 -0.4287 0.1864 0.0140 2
-23.0 -0.4217 0.1790 0.0130 2
-22.5 -0.4145 0.1717 0.0120 2
-22.0 -0.4072 0.1645 0.0110 2
-21.5 -0.3998 0.1575 0.0101 2
-21.0 -0.3922 0.1506 0.0091 2
-20.5 -0.3846 0.1438 0.0083 2
-20.0 -0.3768 0.1371 0.0074 2
-19.5 -0.3689 0.1306 0.0066 2
-19.0 -0.3609 0.1243 0.0058 2
-18.5 -0.3528 0.1180 0.0050 2
-18.0 -0.3446 0.1120 0.0043 2
-17.5 -0.3374 0.1064 0.0036 2
-17.0 -0.3324 0.1017 0.0030 2
-16.5 -0.3296 0.0980 0.0024 2
-16.0 -0.3288 0.0951 0.0018 2
-15.5 -0.3300 0.0930 0.0012 2
-15.0 -0.3329 0.0916 0.0007 2
-14.5 -0.3373 0.0910 0.0001 2
-14.0 -0.3431 0.0910 -0.0005 2
-13.5 -0.3500 0.0915 -0.0011 2
-13.0 -0.3576 0.0925 -0.0017 2
-12.5 -0.3658 0.0938 -0.0024 2
-12.0 -0.3742 0.0954 -0.0031 2
-11.5 -0.3826 0.0971 -0.0038 2
-11.0 -0.3906 0.0989 -0.0046 2
-10.5 -0.3979 0.1007 -0.0053 2
-10.0 -0.4042 0.1024 -0.0061 2
-9.5 -0.4093 0.1038 -0.0069 2
-9.0 -0.4130 0.1050 -0.0076 2
-8.5 -0.4149 0.1058 -0.0083 2
-8.0 -0.4150 0.1061 -0.0090 2
-7.5 -0.4130 0.1060 -0.0097 2
-7.0 -0.4088 0.1053 -0.0103 2
-6.5 -0.4023 0.1040 -0.0108 2
-6.0 -0.3935 0.1022 -0.0112 0
-5.5 -0.3817 0.0980 -0.0140 0
-5.0 -0.3652 0.0927 -0.0168 0
-4.5 -0.3314 0.0880 -0.0204 0
-4.0 -0.2984 0.0817 -0.0297 0
-3.5 -0.2621 0.0753 -0.0354 0
-3.0 -0.2061 0.0695 -0.0452 0
-2.5 -0.1276 0.0637 -0.0603 0
-2.0 -0.0622 0.0581 -0.0703 0
-1.5 0.0023 0.0528 -0.0787 0
-1.0 0.0816 0.0482 -0.0899 0
-0.5 0.1956 0.0436 -0.1071 0
0.0 0.2946 0.0404 -0.1194 0
0.5 0.3887 0.0375 -0.1291 0
1.0 0.5036 0.0344 -0.1415 0
1.5 0.5839 0.0321 -0.1447 0
2.0 0.6545 0.0315 -0.1481 0
2.5 0.7160 0.0316 -0.1491 0
3.0 0.9834 0.0213 -0.1689 0
3.5 1.0169 0.0238 -0.1638 0
4.0 1.0785 0.0274 -0.1636 0
4.5 1.1557 0.0318 -0.1655 0
5.0 1.2535 0.0363 -0.1648 0
5.5 1.3544 0.0412 -0.1625 0
6.0 1.3816 0.0475 -0.1568 0
6.5 1.3936 0.0547 -0.1510 0
7.0 1.4058 0.0626 -0.1459 0
7.5 1.4103 0.0696 -0.1396 0
8.0 1.4299 0.0854 -0.1391 0
8.5 1.4009 0.0864 -0.1273 0
9.0 1.3873 0.0959 -0.1221 0
9.5 1.3308 0.0991 -0.1185 1
10.0 1.2808 0.1024 -0.1153 1
10.5 1.2362 0.1059 -0.1125 1
11.0 1.1964 0.1095 -0.1101 1
11.5 1.1606 0.1133 -0.1080 1
12.0 1.1285 0.1173 -0.1062 1
12.5 1.0995 0.1214 -0.1046 1
13.0 1.0733 0.1256 -0.1033 1
13.5 1.0495 0.1301 -0.1021 1
14.0 1.0279 0.1347 -0.1011 1
14.5 1.0083 0.1394 -0.1002 1
15.0 0.9903 0.1443 -0.0995 1
15.5 0.9740 0.1493 -0.0990 1
16.0 0.9590 0.1545 -0.0985 1
16.5 0.9453 0.1598 -0.0982 1
17.0 0.9328 0.1653 -0.0979 1
17.5 0.9213 0.1709 -0.0978 1
18.0 0.9107 0.1767 -0.0977 1
18.5 0.9010 0.1826 -0.0977 1
19.0 0.8920 0.1886 -0.0978 1
19.5 0.8838 0.1948 -0.0980 1
20.0 0.8762 0.2011 -0.0982 1
20.5 0.8691 0.2075 -0.0985 1
21.0 0.8626 0.2141 -0.0989 1
21.5 0.8566 0.2208 -0.0993 1
22.0 0.8511 0.2276 -0.0998 1
22.5 0.8459 0.2346 -0.1003 1
23.0 0.8411 0.2416 -0.1009 1
23.5 0.8367 0.2488 -0.1015 1
24.0 0.8325 0.2561 -0.1021 1
24.5 0.8286 0.2636 -0.1028 1
25.0 0.8250 0.2711 -0.1036 1
25.5 0.8216 0.2787 -0.1043 1
26.0 0.8184 0.2865 -0.1052 1
26.5 0.8153 0.2943 -0.1060 1
27.0 0.8125 0.3023 -0.1069 1
27.5 0.8098 0.3103 -0.1078 1
28.0 0.8072 0.3185 -0.1087 1
28.5 0.8047 0.3268 -0.1097 1
29.0 0.8023 0.3351 -0.1107 1
29.5 0.8000 0.3435 -0.1117 1
30.0 0.7978 0.3520 -0.1128 1
30.5 0.7956 0.3607 -0.1139 1
31.0 0.7935 0.3693 -0.1150 1
31.5 0.7914 0.3781 -0.1161 1
32.0 0.7894 0.3870 -0.1173 1
32.5 0.7873 0.3959 -0.1184 1
33.0 0.7853 0.4049 -0.1196 1
33.5 0.7833 0.4139 -0.1209 1
34.0 0.7812 0.4230 -0.1221 1
34.5 0.7792 0.4322 -0.1234 1
35.0 0.7771 0.4415 -0.1247 1
35.5 0.7750 0.4508 -0.1260 1
36.0 0.7729 0.4601 -0.1273 1
36.5 0.7707 0.4695 -0.1286 1
37.0 0.7685 0.4790 -0.1300 1
37.5 0.7662 0.4885 -0.1313 1
38.0 0.7639 0.4980 -0.1327 1
38.5 0.7615 0.5076 -0.1341 1
39.0 0.7590 0.5172 -0.1356 1
39.5 0.7565 0.5269 -0.1370 1
40.0 0.7539 0.5366 -0.1384 1
40.5 0.7512 0.5463 -0.1399 1
41.0 0.7484 0.5560 -0.1414 1
41.5 0.7456 0.5657 -0.1429 1
42.0 0.7426 0.5755 -0.1444 1
42.5 0.7396 0.5853 -0.1459 1
43.0 0.7365 0.5951 -0.1474 1
43.5 0.7332 0.6049 -0.1490 1
44.0 0.7299 0.6147 -0.1505 1
44.5 0.7265 0.6245 -0.1521 1
45.0 0.7230 0.6343 -0.1536 1
45.5 0.7193 0.6441 -0.1552 1
46.0 0.7156 0.6539 -0.1568 1
46.5 0.7117 0.6637 -0.1584 1
47.0 0.7078 0.6735 -0.1600 1
47.5 0.7037 0.6833 -0.1616 1
48.0 0.6995 0.6930 -0.1633 1
48.5 0.6952 0.7027 -0.1649 1
49.0 0.6908 0.7124 -0.1665 1
49.5 0.6863 0.7221 -0.1682 1
50.0 0.6816 0.7317 -0.1698 1
50.5 0.6768 0.7413 -0.1715 1
51.0 0.6720 0.7509 -0.1732 1
51.5 0.6670 0.7604 -0.1749 1
52.0 0.6618 0.7699 -0.1765 1
52.5 0.6566 0.7794 -0.1782 1
53.0 0.6512 0.7887 -0.1799 1
53.5 0.6457 0.7981 -0.1816 1
54.0 0.6401 0.8074 -0.1833 1
54.5 0.6344 0.8166 -0.1850 1
55.0 0.6285 0.8257 -0.1867 1
55.5 0.6226 0.8348 -0.1884 1
56.0 0.6165 0.8439 -0.1901 1
56.5 0.6103 0.8528 -0.1918 1
57.0 0.6039 0.8617 -0.1936 1
57.5 0.5975 0.8705 -0.1953 1
58.0 0.5909 0.8792 -0.1970 1
58.5 0.5842 0.8879 -0.1987 1
59.0 0.5774 0.8965 -0.2004 1
59.5 0.5705 0.9049 -0.2022 1
60.0 0.5635 0.9133 -0.2039 1
60.5 0.5564 0.9216 -0.2056 1
61.0 0.5491 0.9298 -0.2073 1
61.5 0.5417 0.9379 -0.2090 1
62.0 0.5343 0.9460 -0.2107 1
62.5 0.5267 0.9539 -0.2125 1
63.0 0.5190 0.9617 -0.2142 1
63.5 0.5112 0.9694 -0.2159 1
64.0 0.5033 0.9769 -0.2176 1
64.5 0.4953 0.9844 -0.2193 1
65.0 0.4872 0.9918 -0.2210 1
65.5 0.4790 0.9990 -0.2227 1
66.0 0.4707 1.0061 -0.2244 1
66.5 0.4623 1.0131 -0.2261 1
67.0 0.4538 1.0200 -0.2278 1
67.5 0.4452 1.0268 -0.2294 1
68.0 0.4365 1.0334 -0.2311 1
68.5 0.4277 1.0399 -0.2328 1
69.0 0.4189 1.0462 -0.2344 1
69.5 0.4099 1.0524 -0.2361 1
70.0 0.4009 1.0585 -0.2377 1
70.5 0.3918 1.0645 -0.2394 1
71.0 0.3826 1.0703 -0.2410 1
71.5 0.3733 1.0760 -0.2426 1
72.0 0.3640 1.0815 -0.2442 1
72.5 0.3546 1.0869 -0.2458 1
73.0 0.3451 1.0921 -0.2474 1
73.5 0.3355 1.0972 -0.2490 1
74.0 0.3259 1.1021 -0.2506 1
74.5 0.3162 1.1069 -0.2521 1
75.0 0.3065 1.1115 -0.2537 1
75.5 0.2967 1.1159 -0.2552 1
76.0 0.2869 1.1203 -0.2567 1
76.5 0.2770 1.1244 -0.2583 1
77.0 0.2670 1.1284 -0.2598 1
77.5 0.2570 1.1322 -0.2613 1
78.0 0.2470 1.1359 -0.2627 1
78.5 0.2369 1.1394 -0.2642 1
79.0 0.2268 1.1427 -0.2656 1
79.5 0.2166 1.1459 -0.2671 1
80.0 0.2064 1.1489 -0.2685 1
80.5 0.1962 1.1517 -0.2699 1
81.0 0.1859 1.1544 -0.2713 1
81.5 0.1757 1.1568 -0.2727 1
82.0 0.1654 1.1592 -0.2740 1
82.5 0.1550 1.1613 -0.2753 1
83.0 0.1447 1.1633 -0.2767 1
83.5 0.1344 1.1651 -0.2780 1
84.0 0.1240 1.1667 -0.2793 1
84.5 0.1136 1.1682 -0.2805 1
85.0 0.1033 1.1694 -0.2818 1
85.5 0.0929 1.1705 -0.2830 1
86.0 0.0825 1.1714 -0.2842 1
86.5 0.0722 1.1722 -0.2854 1
87.0 0.0618 1.1728 -0.2866 1
87.5 0.0515 1.1731 -0.2877 1
88.0 0.0411 1.1733 -0.2888 1
88.5 0.0308 1.1734 -0.2899 1
89.0 0.0205 1.1732 -0.2910 1
89.5 0.0102 1.1729 -0.2921 1
90.0 0.0000 1.1724 -0.2931 1
90.5 -0.0072 1.1729 -0.2949 3
91.0 -0.0144 1.1732 -0.2966 3
91.5 -0.0216 1.1734 -0.2983 3
92.0 -0.0288 1.1733 -0.2999 3
92.5 -0.0360 1.1731 -0.3015 3
93.0 -0.0433 1.1728 -0.3031 3
93.5 -0.0505 1.1722 -0.3047 3
94.0 -0.0578 1.1714 -0.3062 3
94.5 -0.0650 1.1705 -0.3077 3
95.0 -0.0723 1.1694 -0.3091 3
95.5 -0.0795 1.1682 -0.3105 3
96.0 -0.0868 1.1667 -0.3118 3
96.5 -0.0941 1.1651 -0.3132 3
97.0 -0.1013 1.1633 -0.3144 3
97.5 -0.1085 1.1613 -0.3157 3
98.0 -0.1158 1.1592 -0.3169 3
98.5 -0.1230 1.1568 -0.3180 3
99.0 -0.1302 1.1544 -0.3191 3
99.5 -0.1373 1.1517 -0.3202 3
100.0 -0.1445 1.1489 -0.3213 3
100.5 -0.1516 1.1459 -0.3222 3
101.0 -0.1587 1.1427 -0.3232 3
101.5 -0.1658 1.1394 -0.3241 3
102.0 -0.1729 1.1359 -0.3250 3
102.5 -0.1799 1.1322 -0.3258 3
103.0 -0.1869 1.1284 -0.3266 3
103.5 -0.1939 1.1244 -0.3273 3
104.0 -0.2008 1.1203 -0.3280 3
104.5 -0.2077 1.1159 -0.3287 3
105.0 -0.2146 1.1115 -0.3293 3
105.5 -0.2214 1.1069 -0.3299 3
106.0 -0.2281 1.1021 -0.3304 3
106.5 -0.2349 1.0972 -0.3309 3
107.0 -0.2416 1.0921 -0.3314 3
107.5 -0.2482 1.0869 -0.3318 3
108.0 -0.2548 1.0815 -0.3322 3
108.5 -0.2613 1.0760 -0.3325 3
109.0 -0.2678 1.0703 -0.3328 3
109.5 -0.2742 1.0645 -0.3331 3
110.0 -0.2806 1.0585 -0.3333 3
110.5 -0.2869 1.0524 -0.3334 3
111.0 -0.2932 1.0462 -0.3336 3
111.5 -0.2994 1.0399 -0.3336 3
112.0 -0.3055 1.0334 -0.3337 3
112.5 -0.3116 1.0268 -0.3337 3
113.0 -0.3176 1.0200 -0.3337 3
113.5 -0.3236 1.0131 -0.3336 3
114.0 -0.3295 1.0061 -0.3335 3
114.5 -0.3353 0.9990 -0.3334 3
115.0 -0.3410 0.9918 -0.3332 3
115.5 -0.3467 0.9844 -0.3330 3
116.0 -0.3523 0.9769 -0.3327 3
116.5 -0.3578 0.9694 -0.3324 3
117.0 -0.3633 0.9617 -0.3321 3
117.5 -0.3687 0.9539 -0.3317 3
118.0 -0.3740 0.9460 -0.3313 3
118.5 -0.3792 0.9379 -0.3309 3
119.0 -0.3844 0.9298 -0.3304 3
119.5 -0.3895 0.9216 -0.3299 3
120.0 -0.3944 0.9133 -0.3294 3
120.5 -0.3994 0.9049 -0.3288 3
121.0 -0.4042 0.8965 -0.3282 3
121.5 -0.4090 0.8879 -0.3276 3
122.0 -0.4136 0.8792 -0.3270 3
122.5 -0.4182 0.8705 -0.3263 3
123.0 -0.4228 0.8617 -0.3256 3
123.5 -0.4272 0.8528 -0.3248 3
124.0 -0.4315 0.8439 -0.3241 3
124.5 -0.4358 0.8348 -0.3233 3
125.0 -0.4400 0.8257 -0.3225 3
125.5 -0.4441 0.8166 -0.3216 3
126.0 -0.4481 0.8074 -0.3208 3
126.5 -0.4520 0.7981 -0.3199 3
127.0 -0.4558 0.7887 -0.3190 3
127.5 -0.4596 0.7794 -0.3181 3
128.0 -0.4633 0.7699 -0.3171 3
128.5 -0.4669 0.7604 -0.3162 3
129.0 -0.4704 0.7509 -0.3152 3
129.5 -0.4738 0.7413 -0.3142 3
130.0 -0.4771 0.7317 -0.3132 3
130.5 -0.4804 0.7221 -0.3121 3
131.0 -0.4836 0.7124 -0.3111 3
131.5 -0.4867 0.7027 -0.3100 3
132.0 -0.4897 0.6930 -0.3090 3
132.5 -0.4926 0.6833 -0.3079 3
133.0 -0.4954 0.6735 -0.3068 3
133.5 -0.4982 0.6637 -0.3057 3
134.0 -0.5009 0.6539 -0.3046 3
134.5 -0.5035 0.6441 -0.3035 3
135.0 -0.5061 0.6343 -0.3024 3
135.5 -0.5085 0.6245 -0.3013 3
136.0 -0.5109 0.6147 -0.3002 3
136.5 -0.5133 0.6049 -0.2990 3
137.0 -0.5155 0.5951 -0.2979 3
137.5 -0.5177 0.5853 -0.2968 3
138.0 -0.5198 0.5755 -0.2957 3
138.5 -0.5219 0.5657 -0.2946 3
139.0 -0.5239 0.5560 -0.2935 3
139.5 -0.5258 0.5463 -0.2924 3
140.0 -0.5277 0.5366 -0.2913 3
140.5 -0.5295 0.5269 -0.2903 3
141.0 -0.5313 0.5172 -0.2892 3
141.5 -0.5330 0.5076 -0.2882 3
142.0 -0.5347 0.4980 -0.2871 3
142.5 -0.5363 0.4885 -0.2861 3
143.0 -0.5379 0.4790 -0.2852 3
143.5 -0.5395 0.4695 -0.2842 3
144.0 -0.5410 0.4601 -0.2833 3
144.5 -0.5425 0.4508 -0.2823 3
145.0 -0.5440 0.4415 -0.2815 3
145.5 -0.5454 0.4322 -0.2806 3
146.0 -0.5469 0.4230 -0.2798 3
146.5 -0.5483 0.4139 -0.2790 3
147.0 -0.5497 0.4049 -0.2783 3
147.5 -0.5511 0.3959 -0.2776 3
148.0 -0.5526 0.3870 -0.2769 3
148.5 -0.5540 0.3781 -0.2763 3
149.0 -0.5555 0.3693 -0.2758 3
149.5 -0.5569 0.3607 -0.2753 3
150.0 -0.5585 0.3520 -0.2749 3
150.5 -0.5600 0.3435 -0.2745 3
151.0 -0.5616 0.3351 -0.2742 3
151.5 -0.5633 0.3268 -0.2739 3
152.0 -0.5650 0.3185 -0.2738 3
152.5 -0.5668 0.3103 -0.2737 3
153.0 -0.5687 0.3023 -0.2737 3
153.5 -0.5707 0.2943 -0.2738 3
154.0 -0.5729 0.2865 -0.2740 3
154.5 -0.5751 0.2787 -0.2743 3
155.0 -0.5775 0.2711 -0.2747 3
155.5 -0.5800 0.2636 -0.2752 3
156.0 -0.5827 0.2561 -0.2758 3
156.5 -0.5857 0.2488 -0.2766 3
157.0 -0.5888 0.2416 -0.2775 3
157.5 -0.5921 0.2346 -0.2786 3
158.0 -0.5958 0.2276 -0.2799 3
158.5 -0.5996 0.2208 -0.2813 3
159.0 -0.6039 0.2141 -0.2829 3
159.5 -0.6084 0.2075 -0.2847 3
160.0 -0.6133 0.2011 -0.2867 3
160.5 -0.6186 0.1948 -0.2890 3
161.0 -0.6244 0.1886 -0.2915 3
161.5 -0.6307 0.1826 -0.2943 3
162.0 -0.6375 0.1767 -0.2974 3
162.5 -0.6449 0.1709 -0.3008 3
163.0 -0.6530 0.1653 -0.3046 3
163.5 -0.6617 0.1598 -0.3088 3
164.0 -0.6713 0.1545 -0.3134 3
164.5 -0.6818 0.1493 -0.3184 3
165.0 -0.6932 0.1443 -0.3240 3
165.5 -0.7058 0.1394 -0.3302 3
166.0 -0.7195 0.1347 -0.3370 3
166.5 -0.7347 0.1301 -0.3444 3
167.0 -0.7513 0.1256 -0.3527 3
167.5 -0.7697 0.1214 -0.3618 3
168.0 -0.7900 0.1173 -0.3720 3
168.5 -0.8124 0.1133 -0.3832 3
169.0 -0.8375 0.1095 -0.3957 3
169.5 -0.8653 0.1059 -0.4097 3
170.0 -0.8965 0.1024 -0.4253 3
170.5 -0.9316 0.0991 -0.4429 3
171.0 -0.9711 0.0959 -0.4627 3
171.5 -0.9806 0.0864 -0.4681 3
172.0 -1.0009 0.0854 -0.4792 3
172.5 -0.9872 0.0696 -0.4733 3
173.0 -0.9841 0.0626 -0.4730 3
173.5 -0.9755 0.0547 -0.4701 3
174.0 -0.9671 0.0475 -0.4673 3
174.5 -0.9481 0.0412 -0.4594 3
175.0 -0.8774 0.0363 -0.4265 3
175.5 -0.8090 0.0318 -0.3944 3
176.0 -0.7550 0.0274 -0.3691 3
176.5 -0.7118 0.0238 -0.3491 3
177.0 -0.6884 0.0213 -0.3385 3
177.5 -0.5012 0.0316 -0.2476 3
178.0 -0.4581 0.0315 -0.2269 3
178.5 -0.4087 0.0321 -0.2030 3
179.0 -0.3525 0.0344 -0.1756 3
179.5 -0.2721 0.0375 -0.1358 3
180.0 -0.2062 0.0404 -0.1031 3
