alpha cl cd cm ld phi
-6.00 -0.1742 0.05863 -0.0224 -2.97 nan
-5.75 -0.1654 0.05653 -0.0229 -2.93 nan
-5.50 -0.1566 0.05448 -0.0233 -2.87 nan
-5.25 -0.1478 0.05249 -0.0237 -2.82 nan
-5.00 -0.1390 0.05055 -0.0241 -2.75 nan
-4.75 -0.1372 0.04901 -0.0226 -2.80 nan
-4.50 -0.1714 0.05003 -0.0125 -3.43 nan
-4.25 -0.2023 0.05066 -0.0037 -3.99 nan
-4.00 -0.2317 0.05103 0.0040 -4.54 nan
-3.75 -0.2603 0.05105 0.0110 -5.10 nan
-3.50 -0.2885 0.05106 0.0175 -5.65 nan
-3.25 -0.3191 0.05083 0.0243 -6.28 nan
-3.00 -0.3465 0.05039 0.0295 -6.88 nan
-2.75 -0.3638 0.04978 0.0312 -7.31 nan
-2.50 -0.3538 0.04912 0.0223 -7.20 nan
-2.25 -0.2140 0.04736 -0.0255 -4.52 nan
-2.00 -0.1166 0.04438 -0.0490 -2.63 nan
-1.75 -0.0521 0.04165 -0.0605 -1.25 nan
-1.50 -0.0007 0.03930 -0.0672 -0.02 nan
-1.25 0.0431 0.03723 -0.0715 1.16 nan
-1.00 0.0826 0.03535 -0.0743 2.34 23.169
-0.75 0.1225 0.03376 -0.0768 3.63 15.408
-0.50 0.1583 0.03231 -0.0781 4.90 11.536
-0.25 0.1919 0.03096 -0.0789 6.20 9.165
0.00 0.2251 0.02969 -0.0794 7.58 7.514
0.25 0.2566 0.02829 -0.0795 9.07 6.291
0.50 0.2864 0.02587 -0.0791 11.07 5.161
0.75 0.3125 0.02515 -0.0770 12.43 4.601
1.00 0.3381 0.02543 -0.0757 13.30 4.301
1.25 0.3615 0.02573 -0.0748 14.05 4.071
1.50 0.3843 0.02606 -0.0740 14.75 3.879
1.75 0.4067 0.02642 -0.0731 15.39 3.717
2.00 0.4287 0.02682 -0.0723 15.98 3.580
2.25 0.4505 0.02724 -0.0714 16.54 3.460
2.50 0.4720 0.02771 -0.0705 17.03 3.360
2.75 0.4933 0.02821 -0.0696 17.49 3.273
3.00 0.5145 0.02874 -0.0686 17.90 3.197
3.25 0.5361 0.02929 -0.0675 18.30 3.127
3.50 0.5595 0.02979 -0.0660 18.78 3.048
3.75 0.5851 0.03007 -0.0635 19.46 2.942
4.00 0.7554 0.03601 -0.0760 20.98 2.729
4.25 0.7944 0.03865 -0.0763 20.55 2.785
4.50 0.8373 0.04160 -0.0773 20.13 2.844
4.75 0.8797 0.04454 -0.0783 19.75 2.898
5.00 0.9176 0.04778 -0.0790 19.20 2.981
5.25 0.9518 0.05119 -0.0794 18.59 3.079
5.50 0.9782 0.05471 -0.0793 17.88 3.201
5.75 1.0032 0.05862 -0.0792 17.11 3.344
6.00 1.0233 0.06283 -0.0793 16.29 3.514
6.25 1.0394 0.06736 -0.0798 15.43 3.708
6.50 1.0476 0.07211 -0.0809 14.53 3.938
6.75 1.0505 0.07728 -0.0826 13.59 4.207
7.00 1.0540 0.08277 -0.0847 12.73 4.490
7.25 1.0435 0.08841 -0.0877 11.80 4.843
7.50 1.0349 0.09439 -0.0911 10.96 5.211
7.75 1.0155 0.09998 -0.0950 10.16 5.623
8.00 0.9992 0.10580 -0.0993 9.44 6.044
8.25 0.9758 0.11178 -0.1051 8.73 6.535
8.50 0.9630 0.11772 -0.1105 8.18 6.969
8.75 0.9328 0.12283 -0.1164 7.59 7.501
9.00 0.8755 0.12716 -0.1268 6.89 8.264
9.25 0.7112 0.13216 -0.1102 5.38 10.527
9.50 0.8102 0.13091 -0.1280 6.19 9.178
9.75 0.8108 0.13432 -0.1283 6.04 9.406
10.00 0.8153 0.13797 -0.1290 5.91 9.605
10.25 0.8271 0.14232 -0.1309 5.81 9.763
10.50 0.8374 0.14649 -0.1324 5.72 9.923
10.75 0.8499 0.15128 -0.1343 5.62 10.093
11.00 0.8599 0.15547 -0.1351 5.53 10.248
11.25 0.8724 0.15986 -0.1365 5.46 10.384
11.50 0.8903 0.16455 -0.1386 5.41 10.472
11.75 0.9048 0.16902 -0.1400 5.35 10.581
12.00 0.9158 0.17299 -0.1406 5.29 10.697
12.25 0.9265 0.17756 -0.1411 5.22 10.849
12.50 0.9407 0.18187 -0.1419 5.17 10.942
12.75 0.9586 0.18694 -0.1430 5.13 11.035
13.00 0.9667 0.19038 -0.1430 5.08 11.141
13.25 0.9784 0.19424 -0.1433 5.04 11.229
13.50 0.9921 0.19881 -0.1437 4.99 11.332
13.75 1.0042 0.20293 -0.1441 4.95 11.425
14.00 1.0138 0.20661 -0.1444 4.91 11.519
14.25 1.0229 0.21003 -0.1448 4.87 11.603
14.50 1.0332 0.21400 -0.1452 4.83 11.702
14.75 1.0460 0.21860 -0.1457 4.78 11.804
15.00 1.0566 0.22282 -0.1461 4.74 11.908
15.25 1.0616 0.22498 -0.1466 4.72 11.965
15.50 1.0752 0.22888 -0.1471 4.70 12.017
15.75 1.0794 0.23207 -0.1478 4.65 12.134
16.00 1.0936 0.23802 -0.1483 4.59 12.279
