alpha cl cd cm xtrs xtri npan dcl dcd
-6.00 -0.3066 0.08744 0.0025 1.0000 0.5708 3 0.0064 0.00047
-5.75 -0.3510 0.08697 0.0044 1.0000 0.5186 3 0.0070 0.00045
-5.50 -0.3836 0.08502 0.0041 1.0000 0.4762 3 0.0101 0.00042
-5.25 -0.4044 0.08227 0.0022 1.0000 0.4424 3 0.0042 0.00005
-5.00 -0.4203 0.07894 -0.0007 1.0000 0.4148 3 0.0038 0.00016
-4.75 -0.4264 0.07519 -0.0039 1.0000 0.3939 3 0.0033 0.00013
-4.50 -0.4243 0.07124 -0.0074 1.0000 0.3786 3 0.0025 0.00011
-4.25 -0.4167 0.06708 -0.0115 1.0000 0.3674 3 0.0015 0.00006
-4.00 -0.4031 0.06316 -0.0145 1.0000 0.3614 3 0.0008 0.00027
-3.75 -0.3852 0.05937 -0.0180 1.0000 0.3594 2 0.0007 0.00034
-3.50 -0.3636 0.05575 -0.0210 1.0000 0.3616 3 0.0003 0.00023
-3.25 -0.3396 0.05244 -0.0241 1.0000 0.3676 3 0.0007 0.00010
-3.00 -0.3152 0.04963 -0.0258 1.0000 0.3788 3 0.0012 0.00023
-2.75 -0.2891 0.04706 -0.0273 1.0000 0.3959 3 0.0017 0.00015
-2.50 -0.2610 0.04479 -0.0288 1.0000 0.4195 3 0.0016 0.00002
-2.25 -0.2346 0.04275 -0.0291 1.0000 0.4513 3 0.0013 0.00002
-2.00 -0.2090 0.04087 -0.0288 1.0000 0.4951 3 0.0005 0.00003
-1.75 -0.1860 0.03903 -0.0273 1.0000 0.5553 3 0.0004 0.00002
-1.50 -0.1690 0.03707 -0.0236 1.0000 0.6454 3 0.0011 0.00001
-1.25 -0.1021 0.03318 -0.0324 1.0000 1.0000 3 0.0001 0.00000
-1.00 -0.0766 0.03361 -0.0337 1.0000 1.0000 3 0.0002 0.00000
-0.75 -0.0558 0.03411 -0.0339 1.0000 1.0000 3 0.0002 0.00000
-0.50 -0.0360 0.03466 -0.0338 1.0000 1.0000 3 0.0002 0.00000
-0.25 -0.0168 0.03526 -0.0338 1.0000 1.0000 3 0.0002 0.00001
0.00 0.0020 0.03592 -0.0337 1.0000 1.0000 3 0.0002 0.00001
0.25 0.0205 0.03664 -0.0336 1.0000 1.0000 3 0.0002 0.00002
0.50 0.0388 0.03741 -0.0335 1.0000 1.0000 3 0.0002 0.00002
0.75 0.0567 0.03824 -0.0335 1.0000 1.0000 3 0.0002 0.00002
1.00 0.0743 0.03913 -0.0335 1.0000 1.0000 3 0.0003 0.00002
1.25 0.0916 0.04008 -0.0335 1.0000 1.0000 3 0.0002 0.00002
1.50 0.1085 0.04111 -0.0336 1.0000 1.0000 3 0.0003 0.00002
1.75 0.1250 0.04220 -0.0337 1.0000 1.0000 3 0.0002 0.00003
2.00 0.1411 0.04337 -0.0339 1.0000 1.0000 3 0.0002 0.00003
2.25 0.1568 0.04462 -0.0342 1.0000 1.0000 3 0.0002 0.00003
2.50 0.1720 0.04596 -0.0345 1.0000 1.0000 3 0.0002 0.00003
2.75 0.1866 0.04739 -0.0348 1.0000 1.0000 3 0.0001 0.00004
3.00 0.2008 0.04890 -0.0352 1.0000 1.0000 3 0.0001 0.00004
3.25 0.2144 0.05051 -0.0357 1.0000 1.0000 3 0.0001 0.00005
3.50 0.2276 0.05221 -0.0362 1.0000 1.0000 3 0.0001 0.00005
3.75 0.2405 0.05400 -0.0368 1.0000 1.0000 3 0.0001 0.00006
4.00 0.2530 0.05586 -0.0374 1.0000 1.0000 3 0.0000 0.00006
4.25 0.2653 0.05779 -0.0380 1.0000 1.0000 3 0.0001 0.00007
4.50 0.2773 0.05979 -0.0387 1.0000 1.0000 3 0.0001 0.00008
4.75 0.2893 0.06184 -0.0394 1.0000 1.0000 3 0.0001 0.00008
5.00 0.3012 0.06394 -0.0401 1.0000 1.0000 3 0.0002 0.00008
5.25 0.3130 0.06609 -0.0409 1.0000 1.0000 3 0.0001 0.00010
5.50 0.3248 0.06828 -0.0416 1.0000 1.0000 3 0.0002 0.00010
5.75 0.3365 0.07051 -0.0424 1.0000 1.0000 3 0.0002 0.00010
6.00 0.3483 0.07277 -0.0431 1.0000 1.0000 3 0.0002 0.00011
6.25 0.3599 0.07508 -0.0439 1.0000 1.0000 3 0.0003 0.00011
6.50 0.3716 0.07743 -0.0447 1.0000 1.0000 3 0.0002 0.00011
6.75 0.3832 0.07981 -0.0454 1.0000 1.0000 3 0.0003 0.00012
7.00 0.3946 0.08224 -0.0462 1.0000 1.0000 3 0.0003 0.00013
7.25 0.4060 0.08472 -0.0471 1.0000 1.0000 3 0.0003 0.00014
7.50 0.4172 0.08724 -0.0479 1.0000 1.0000 3 0.0004 0.00013
7.75 0.4283 0.08983 -0.0488 1.0000 1.0000 3 0.0004 0.00014
8.00 0.4393 0.09247 -0.0496 1.0000 1.0000 3 0.0004 0.00015
8.25 0.4500 0.09517 -0.0506 1.0000 1.0000 3 0.0005 0.00015
8.50 0.4605 0.09794 -0.0515 1.0000 1.0000 3 0.0005 0.00016
8.75 0.4708 0.10078 -0.0525 1.0000 1.0000 3 0.0006 0.00018
9.00 0.4809 0.10370 -0.0536 1.0000 1.0000 3 0.0007 0.00019
9.25 0.4907 0.10670 -0.0546 1.0000 1.0000 3 0.0008 0.00021
9.50 0.5003 0.10978 -0.0558 1.0000 1.0000 3 0.0009 0.00023
9.75 0.5346 0.11609 -0.0626 0.9807 1.0000 3 0.0050 0.00108
10.00 0.5605 0.12157 -0.0677 0.9550 1.0000 3 0.0048 0.00141
10.25 0.5839 0.12646 -0.0718 0.9299 1.0000 3 0.0050 0.00068
10.50 0.6013 0.13086 -0.0745 0.9063 1.0000 3 0.0031 0.00144
10.75 0.6162 0.13465 -0.0766 0.8833 1.0000 3 0.0026 0.00033
11.00 0.6355 0.13880 -0.0793 0.8624 1.0000 3 0.0087 0.00229
11.25 0.6501 0.14279 -0.0812 0.8411 1.0000 3 0.0061 0.00077
11.50 0.6624 0.14692 -0.0826 0.8200 1.0000 3 0.0059 0.00015
11.75 0.6776 0.15035 -0.0843 0.8011 1.0000 3 0.0077 0.00267
12.00 0.6894 0.15514 -0.0855 0.7814 1.0000 3 0.0038 0.00174
12.25 0.7001 0.15796 -0.0866 0.7650 1.0000 3 0.0050 0.00100
12.50 0.7110 0.16150 -0.0876 0.7480 1.0000 3 0.0093 0.00043
12.75 0.7263 0.16503 -0.0893 0.7309 1.0000 3 0.0103 0.00265
13.00 0.7374 0.16869 -0.0904 0.7170 1.0000 3 0.0111 0.00052
13.25 0.7462 0.17204 -0.0912 0.7033 1.0000 3 0.0060 0.00160
13.50 0.7566 0.17500 -0.0921 0.6885 1.0000 3 0.0053 0.00231
13.75 0.7690 0.17923 -0.0933 0.6741 1.0000 3 0.0109 0.00206
14.00 0.7847 0.18168 -0.0950 0.6621 1.0000 3 0.0077 0.00389
14.25 0.7877 0.18501 -0.0953 0.6493 1.0000 3 0.0069 0.00198
14.50 0.7991 0.18849 -0.0964 0.6366 1.0000 3 0.0102 0.00139
14.75 0.8098 0.19188 -0.0976 0.6234 1.0000 3 0.0131 0.00062
15.00 0.8193 0.19500 -0.0986 0.6114 1.0000 3 0.0095 0.00184
15.25 0.8350 0.19837 -0.1001 0.5986 1.0000 3 0.0058 0.00565
15.50 0.8408 0.20182 -0.1009 0.5860 1.0000 3 0.0077 0.00274
15.75 0.8499 0.20485 -0.1020 0.5740 1.0000 3 0.0122 0.00154
16.00 0.8597 0.20871 -0.1031 0.5618 1.0000 3 0.0163 0.00083
