alpha cl cd cm xtrs xtri npts dcl dcd biest clalt cdalt
-6.00 -0.2116 0.07913 0.0022 1.0000 0.7106 15 0.0190 0.00187 0 -0.2116 0.07913
-5.75 -0.1613 0.07329 -0.0011 1.0000 0.7922 11 0.0028 0.00025 0 -0.1613 0.07329
-5.50 -0.1014 0.06689 -0.0080 1.0000 0.8770 1 0.0000 0.00000 0 -0.1014 0.06689
-5.25 -0.1169 0.06617 -0.0042 1.0000 0.8618 6 0.0098 0.00084 0 -0.1169 0.06617
-5.00 -0.1972 0.06943 0.0079 1.0000 0.7736 3 0.0039 0.00064 0 -0.1972 0.06943
-4.75 -0.4386 0.06703 -0.0216 1.0000 0.2721 1 0.0000 0.00000 0 -0.4386 0.06703
-4.50 -0.4199 0.06071 -0.0271 1.0000 0.2417 15 0.0039 0.00204 0 -0.4199 0.06071
-4.25 -0.4006 0.05576 -0.0307 1.0000 0.2299 15 0.0020 0.00104 0 -0.4006 0.05576
-4.00 -0.3785 0.05161 -0.0333 1.0000 0.2223 21 0.0027 0.00023 0 -0.3785 0.05161
-3.75 -0.3540 0.04812 -0.0354 1.0000 0.2195 21 0.0026 0.00057 0 -0.3540 0.04812
-3.50 -0.3280 0.04503 -0.0373 1.0000 0.2213 21 0.0033 0.00039 0 -0.3280 0.04503
-3.25 -0.3017 0.04235 -0.0386 1.0000 0.2256 21 0.0015 0.00007 0 -0.3017 0.04235
-3.00 -0.2764 0.04029 -0.0391 1.0000 0.2335 21 0.0006 0.00025 0 -0.2764 0.04029
-2.75 -0.2500 0.03841 -0.0399 1.0000 0.2435 21 0.0006 0.00019 0 -0.2500 0.03841
-2.50 -0.2248 0.03697 -0.0401 1.0000 0.2583 21 0.0013 0.00011 0 -0.2248 0.03697
-2.25 -0.2001 0.03573 -0.0401 1.0000 0.2790 21 0.0011 0.00010 0 -0.2001 0.03573
-2.00 -0.1747 0.03468 -0.0401 1.0000 0.3064 21 0.0007 0.00007 0 -0.1747 0.03468
-1.75 -0.1490 0.03372 -0.0400 1.0000 0.3458 21 0.0001 0.00005 0 -0.1490 0.03372
-1.50 -0.1225 0.03268 -0.0399 1.0000 0.4053 21 0.0007 0.00005 0 -0.1225 0.03268
-1.25 -0.0957 0.03105 -0.0391 1.0000 0.5271 21 0.0007 0.00002 0 -0.0957 0.03105
-1.00 -0.0811 0.02839 -0.0347 1.0000 1.0000 21 0.0003 0.00001 0 -0.0811 0.02839
-0.75 -0.0571 0.02899 -0.0354 1.0000 1.0000 21 0.0004 0.00002 0 -0.0571 0.02899
-0.50 -0.0364 0.02964 -0.0356 1.0000 1.0000 21 0.0003 0.00002 0 -0.0364 0.02964
-0.25 -0.0166 0.03033 -0.0356 1.0000 1.0000 21 0.0003 0.00002 0 -0.0166 0.03033
0.00 0.0027 0.03107 -0.0357 1.0000 1.0000 21 0.0004 0.00003 0 0.0027 0.03107
0.25 0.0216 0.03187 -0.0357 1.0000 1.0000 21 0.0004 0.00003 0 0.0216 0.03187
0.50 0.0402 0.03272 -0.0358 1.0000 1.0000 21 0.0004 0.00004 0 0.0402 0.03272
0.75 0.0584 0.03364 -0.0359 1.0000 1.0000 21 0.0004 0.00003 0 0.0584 0.03364
1.00 0.0762 0.03462 -0.0361 1.0000 1.0000 21 0.0004 0.00004 0 0.0762 0.03462
1.25 0.0936 0.03566 -0.0363 1.0000 1.0000 21 0.0003 0.00005 0 0.0936 0.03566
1.50 0.1105 0.03679 -0.0365 1.0000 1.0000 21 0.0003 0.00005 0 0.1105 0.03679
1.75 0.1268 0.03800 -0.0368 1.0000 1.0000 21 0.0023 0.00011 0 0.1268 0.03800
2.00 0.1975 0.04085 -0.0471 0.9705 1.0000 22 0.0041 0.00015 0 0.1975 0.04085
2.25 0.2538 0.04303 -0.0542 0.9432 1.0000 21 0.0037 0.00014 0 0.2538 0.04303
2.50 0.3001 0.04479 -0.0590 0.9161 1.0000 21 0.0073 0.00016 0 0.3001 0.04479
2.75 0.3479 0.04648 -0.0637 0.8902 1.0000 21 0.0003 0.00002 0 0.3479 0.04648
3.00 0.3856 0.04792 -0.0665 0.8657 1.0000 21 0.0056 0.00006 0 0.3856 0.04792
3.25 0.4211 0.04935 -0.0688 0.8425 1.0000 21 0.0071 0.00003 0 0.4211 0.04935
3.50 0.4544 0.05072 -0.0707 0.8203 1.0000 21 0.0059 0.00000 0 0.4544 0.05072
3.75 0.4877 0.05210 -0.0724 0.7993 1.0000 21 0.0125 0.00008 0 0.4877 0.05210
4.00 0.5127 0.05356 -0.0730 0.7802 1.0000 21 0.0120 0.00012 0 0.5127 0.05356
4.25 0.5341 0.05512 -0.0732 0.7615 1.0000 21 0.0021 0.00006 0 0.5341 0.05512
4.50 0.5614 0.05668 -0.0741 0.7448 1.0000 21 0.0077 0.00017 0 0.5614 0.05668
4.75 0.5790 0.05849 -0.0741 0.7294 1.0000 21 0.0101 0.00028 0 0.5790 0.05849
5.00 0.5979 0.06036 -0.0742 0.7152 1.0000 21 0.0132 0.00045 0 0.5979 0.06036
5.25 0.6139 0.06247 -0.0743 0.7035 1.0000 21 0.0015 0.00007 0 0.6139 0.06247
5.50 0.6337 0.06459 -0.0748 0.6930 1.0000 21 0.0201 0.00070 0 0.6337 0.06459
5.75 0.6374 0.06721 -0.0741 0.6837 1.0000 21 0.0088 0.00029 0 0.6374 0.06721
6.00 0.6517 0.06965 -0.0743 0.6759 1.0000 21 0.0168 0.00041 0 0.6517 0.06965
6.25 0.6502 0.07261 -0.0736 0.6688 1.0000 21 0.0136 0.00042 0 0.6502 0.07261
6.50 0.6618 0.07521 -0.0737 0.6621 1.0000 21 0.0185 0.00055 0 0.6618 0.07521
6.75 0.6704 0.07778 -0.0733 0.6526 1.0000 21 0.0089 0.00035 0 0.6704 0.07778
7.00 0.6851 0.08008 -0.0732 0.6411 1.0000 21 0.0003 0.00006 0 0.6851 0.08008
7.25 0.7004 0.08245 -0.0732 0.6301 1.0000 21 0.0172 0.00063 0 0.7004 0.08245
7.50 0.6988 0.08559 -0.0727 0.6233 1.0000 19 0.0114 0.00040 0 0.6988 0.08559
7.75 0.7082 0.08846 -0.0728 0.6152 1.0000 21 0.0257 0.00095 0 0.7082 0.08846
8.00 0.7155 0.09138 -0.0726 0.6062 1.0000 20 0.0138 0.00060 0 0.7155 0.09138
8.25 0.7259 0.09407 -0.0725 0.5935 1.0000 14 0.0163 0.00071 0 0.7259 0.09407
8.50 0.7398 0.09669 -0.0722 0.5800 1.0000 14 0.0110 0.00048 0 0.7398 0.09669
8.75 0.7551 0.09915 -0.0717 0.5627 1.0000 12 0.0256 0.00134 0 0.7551 0.09915
9.00 0.7559 0.10255 -0.0714 0.5507 1.0000 14 0.0620 0.00507 0 0.7559 0.10255
9.25 0.7605 0.10600 -0.0715 0.5429 1.0000 12 0.0256 0.00153 0 0.7605 0.10600
9.50 0.7505 0.11080 -0.0722 0.5446 1.0000 14 0.0174 0.00148 0 0.7505 0.11080
9.75 0.7552 0.11544 -0.0735 0.5457 1.0000 12 0.0155 0.00218 0 0.7552 0.11544
10.00 0.7684 0.11763 -0.0723 0.5173 1.0000 7 0.0031 0.00135 0 0.7684 0.11763
10.25 0.7768 0.12295 -0.0741 0.5202 1.0000 7 0.0134 0.00281 0 0.7768 0.12295
10.50 0.8084 0.12238 -0.0704 0.4679 1.0000 2 0.0000 0.00000 0 0.8084 0.12238
10.75 0.8078 0.12747 -0.0716 0.4674 1.0000 2 0.0000 0.00000 0 0.8078 0.12747
12.00 0.7668 0.15150 -0.0819 0.5334 1.0000 4 0.0087 0.00198 0 0.7668 0.15150
12.25 0.7719 0.15488 -0.0824 0.5223 1.0000 7 0.0105 0.00302 0 0.7719 0.15488
12.50 0.7754 0.15768 -0.0825 0.5120 1.0000 9 0.0105 0.00036 0 0.7754 0.15768
12.75 0.7838 0.16129 -0.0830 0.5010 1.0000 10 0.0124 0.00266 0 0.7838 0.16129
13.00 0.8016 0.16465 -0.0841 0.4898 1.0000 12 0.0179 0.00333 0 0.8016 0.16465
13.25 0.8004 0.16794 -0.0843 0.4808 1.0000 12 0.0135 0.00129 0 0.8004 0.16794
13.50 0.8184 0.17127 -0.0855 0.4704 1.0000 13 0.0200 0.00480 0 0.8184 0.17127
13.75 0.8229 0.17483 -0.0859 0.4600 1.0000 13 0.0145 0.00247 0 0.8229 0.17483
14.00 0.8253 0.17706 -0.0866 0.4514 1.0000 11 0.0112 0.00121 0 0.8253 0.17706
14.25 0.8370 0.18110 -0.0872 0.4418 1.0000 11 0.0140 0.00312 0 0.8370 0.18110
14.50 0.8454 0.18427 -0.0884 0.4321 1.0000 13 0.0063 0.00586 0 0.8454 0.18427
14.75 0.8543 0.18705 -0.0892 0.4221 1.0000 13 0.0152 0.00313 0 0.8543 0.18705
15.00 0.8629 0.19037 -0.0901 0.4128 1.0000 13 0.0126 0.00523 0 0.8629 0.19037
15.25 0.8653 0.19272 -0.0911 0.4033 1.0000 14 0.0093 0.00307 0 0.8653 0.19272
15.50 0.8732 0.19589 -0.0922 0.3937 1.0000 12 0.0093 0.00406 0 0.8732 0.19589
15.75 0.8875 0.20001 -0.0932 0.3840 1.0000 14 0.0104 0.00672 0 0.8875 0.20001
16.00 0.8959 0.20306 -0.0940 0.3739 1.0000 14 0.0180 0.00395 0 0.8959 0.20306
