alpha cl cd cm ld phi
-6.00 -0.4370 0.09055 -0.0130 -4.83 nan
-5.75 -0.4303 0.08714 -0.0124 -4.94 nan
-5.50 -0.4235 0.08398 -0.0117 -5.04 nan
-5.25 -0.4165 0.08095 -0.0108 -5.15 nan
-5.00 -0.4099 0.07840 -0.0108 -5.23 nan
-4.75 -0.4036 0.07468 -0.0078 -5.40 nan
-4.50 -0.3981 0.07202 -0.0063 -5.53 nan
-4.25 -0.3956 0.06879 -0.0020 -5.75 nan
-4.00 -0.0984 0.03954 -0.0246 -2.49 nan
-3.75 -0.0894 0.03787 -0.0248 -2.36 nan
-3.50 -0.0809 0.03625 -0.0248 -2.23 nan
-3.25 -0.0955 0.03558 -0.0192 -2.68 nan
-3.00 -0.1255 0.03572 -0.0099 -3.51 nan
-2.75 -0.1545 0.03566 -0.0010 -4.33 nan
-2.50 -0.1821 0.03539 0.0069 -5.15 nan
-2.25 -0.2132 0.03496 0.0152 -6.10 nan
-2.00 -0.2504 0.03447 0.0245 -7.26 nan
-1.75 -0.2828 0.03390 0.0328 -8.34 nan
-1.50 -0.3146 0.03298 0.0398 -9.54 nan
-1.25 -0.3192 0.03212 0.0377 -9.94 nan
-1.00 0.0961 0.03095 -0.0757 3.11 17.852
-0.75 0.1308 0.02925 -0.0769 4.47 12.605
-0.50 0.1660 0.02783 -0.0778 5.96 9.517
-0.25 0.1984 0.02659 -0.0781 7.46 7.633
0.00 0.2296 0.02552 -0.0783 9.00 6.342
0.25 0.2603 0.02457 -0.0782 10.59 5.392
0.50 0.2900 0.02371 -0.0779 12.23 4.674
0.75 0.3191 0.02276 -0.0778 14.02 4.080
1.00 0.3440 0.02020 -0.0767 17.03 3.361
1.25 0.3693 0.02050 -0.0751 18.01 3.177
1.50 0.3919 0.02083 -0.0742 18.81 3.042
1.75 0.4141 0.02118 -0.0733 19.55 2.928
2.00 0.4359 0.02157 -0.0724 20.21 2.833
2.25 0.4574 0.02199 -0.0715 20.80 2.752
2.50 0.4788 0.02244 -0.0706 21.34 2.683
2.75 0.5005 0.02292 -0.0695 21.84 2.622
3.00 0.5157 0.02338 -0.0665 22.06 2.596
3.25 0.6879 0.02776 -0.0834 24.78 2.311
3.50 0.7199 0.02975 -0.0830 24.20 2.366
3.75 0.7674 0.03197 -0.0848 24.00 2.386
4.00 0.8167 0.03443 -0.0865 23.72 2.414
4.25 0.8538 0.03701 -0.0865 23.07 2.482
4.50 0.8864 0.03936 -0.0858 22.52 2.543
4.75 0.9166 0.04237 -0.0849 21.63 2.647
5.00 0.9438 0.04518 -0.0835 20.89 2.741
5.25 0.9700 0.04844 -0.0823 20.02 2.859
5.50 0.9949 0.05186 -0.0812 19.18 2.984
5.75 1.0195 0.05583 -0.0809 18.26 3.135
6.00 1.0403 0.06065 -0.0823 17.15 3.337
6.25 1.0499 0.06668 -0.0868 15.75 3.634
6.50 1.0401 0.07372 -0.0936 14.11 4.054
6.75 1.0128 0.08072 -0.1001 12.55 4.557
7.00 0.9799 0.08730 -0.1062 11.22 5.091
7.25 0.9368 0.09404 -0.1133 9.96 5.732
7.50 0.8700 0.09923 -0.1205 8.77 6.507
nan nan nan nan nan nan
8.25 0.8290 0.11131 -0.1261 7.45 7.647
8.50 0.8423 0.11595 -0.1275 7.26 7.838
8.75 0.8573 0.12060 -0.1285 7.11 8.007
9.00 0.8641 0.12415 -0.1266 6.96 8.176
9.25 0.8855 0.12919 -0.1274 6.85 8.301
9.50 0.9039 0.13398 -0.1268 6.75 8.431
9.75 0.9202 0.13839 -0.1259 6.65 8.553
10.00 0.9375 0.14318 -0.1248 6.55 8.683
10.25 0.9411 0.14632 -0.1231 6.43 8.837
10.50 0.9484 0.15008 -0.1219 6.32 8.992
10.75 0.9647 0.15422 -0.1207 6.26 9.083
11.00 0.9733 0.15806 -0.1197 6.16 9.224
11.25 0.9861 0.16335 -0.1183 6.04 9.406
11.50 0.9899 0.16578 -0.1177 5.97 9.507
11.75 1.0005 0.17119 -0.1170 5.84 9.710
12.00 0.9985 0.17413 -0.1176 5.73 9.892
12.25 1.0094 0.17830 -0.1170 5.66 10.017
12.50 1.0089 0.18122 -0.1179 5.57 10.183
12.75 1.0136 0.18527 -0.1184 5.47 10.358
13.00 1.0217 0.18881 -0.1188 5.41 10.470
13.25 1.0302 0.19313 -0.1191 5.33 10.618
13.50 1.0330 0.19623 -0.1204 5.26 10.756
13.75 1.0361 0.19954 -0.1216 5.19 10.901
14.00 1.0418 0.20440 -0.1228 5.10 11.100
14.25 1.0477 0.20759 -0.1229 5.05 11.207
14.50 1.0550 0.21177 -0.1240 4.98 11.350
14.75 1.0634 0.21616 -0.1249 4.92 11.490
15.00 1.0626 0.21747 -0.1274 4.89 11.566
15.25 1.0786 0.22457 -0.1271 4.80 11.761
15.50 1.0744 0.22413 -0.1305 4.79 11.783
15.75 1.0901 0.23150 -0.1303 4.71 11.990
16.00 1.0882 0.23138 -0.1335 4.70 12.004
