alpha cl cd cm fuente
-180.0 -0.2283 0.0482 -0.1142 3
-179.5 -0.1847 0.0480 -0.0919 3
-179.0 -0.1359 0.0484 -0.0671 3
-178.5 -0.0877 0.0494 -0.0428 3
-178.0 0.0753 0.0626 0.0383 3
-177.5 0.0494 0.0582 0.0256 3
-177.0 0.2066 0.0763 0.1034 3
-176.5 0.2471 0.0820 0.1234 3
-176.0 0.2923 0.0889 0.1456 3
-175.5 0.2995 0.0938 0.1491 3
-175.0 0.3025 0.0988 0.1507 3
-174.5 0.2996 0.1037 0.1494 3
-174.0 0.2911 0.1074 0.1454 3
-173.5 0.2972 0.1092 0.1483 3
-173.0 0.3016 0.1104 0.1503 3
-172.5 0.3042 0.1110 0.1514 3
-172.0 0.3051 0.1110 0.1517 3
-171.5 0.3045 0.1104 0.1513 3
-171.0 0.3025 0.1094 0.1500 3
-170.5 0.2991 0.1080 0.1482 3
-170.0 0.2947 0.1063 0.1458 3
-169.5 0.2893 0.1043 0.1429 3
-169.0 0.2833 0.1022 0.1397 3
-168.5 0.2767 0.1001 0.1362 3
-168.0 0.2698 0.0980 0.1327 3
-167.5 0.2629 0.0960 0.1291 3
-167.0 0.2562 0.0944 0.1256 3
-166.5 0.2498 0.0931 0.1224 3
-166.0 0.2441 0.0923 0.1195 3
-165.5 0.2392 0.0920 0.1171 3
-165.0 0.2353 0.0924 0.1151 3
-164.5 0.2326 0.0935 0.1138 3
-164.0 0.2312 0.0954 0.1132 3
-163.5 0.2313 0.0982 0.1134 3
-163.0 0.2330 0.1018 0.1144 3
-162.5 0.2362 0.1064 0.1161 3
-162.0 0.2412 0.1120 0.1188 3
-161.5 0.2469 0.1180 0.1219 3
-161.0 0.2526 0.1243 0.1249 3
-160.5 0.2582 0.1306 0.1280 3
-160.0 0.2638 0.1371 0.1310 3
-159.5 0.2692 0.1438 0.1340 3
-159.0 0.2746 0.1506 0.1370 3
-158.5 0.2799 0.1575 0.1401 3
-158.0 0.2850 0.1645 0.1430 3
-157.5 0.2902 0.1717 0.1460 3
-157.0 0.2952 0.1790 0.1490 3
-156.5 0.3001 0.1864 0.1520 3
-156.0 0.3049 0.1940 0.1549 3
-155.5 0.3097 0.2016 0.1578 3
-155.0 0.3143 0.2094 0.1608 3
-154.5 0.3189 0.2173 0.1637 3
-154.0 0.3234 0.2253 0.1666 3
-153.5 0.3277 0.2334 0.1695 3
-153.0 0.3320 0.2416 0.1723 3
-152.5 0.3361 0.2500 0.1752 3
-152.0 0.3402 0.2584 0.1780 3
-151.5 0.3441 0.2669 0.1809 3
-151.0 0.3480 0.2756 0.1837 3
-150.5 0.3517 0.2843 0.1865 3
-150.0 0.3554 0.2931 0.1893 3
-149.5 0.3589 0.3020 0.1921 3
-149.0 0.3623 0.3110 0.1948 3
-148.5 0.3656 0.3201 0.1976 3
-148.0 0.3688 0.3292 0.2003 3
-147.5 0.3719 0.3385 0.2030 3
-147.0 0.3749 0.3478 0.2057 3
-146.5 0.3777 0.3572 0.2084 3
-146.0 0.3805 0.3666 0.2111 3
-145.5 0.3831 0.3761 0.2137 3
-145.0 0.3856 0.3857 0.2163 3
-144.5 0.3880 0.3954 0.2189 3
-144.0 0.3903 0.4051 0.2215 3
-143.5 0.3924 0.4148 0.2241 3
-143.0 0.3944 0.4246 0.2266 3
-142.5 0.3964 0.4345 0.2292 3
-142.0 0.3982 0.4444 0.2317 3
-141.5 0.3998 0.4543 0.2342 3
-141.0 0.4014 0.4643 0.2366 3
-140.5 0.4028 0.4743 0.2391 3
-140.0 0.4041 0.4844 0.2415 3
-139.5 0.4053 0.4945 0.2439 3
-139.0 0.4063 0.5046 0.2462 3
-138.5 0.4073 0.5148 0.2486 3
-138.0 0.4081 0.5249 0.2509 3
-137.5 0.4088 0.5351 0.2532 3
-137.0 0.4093 0.5453 0.2555 3
-136.5 0.4098 0.5555 0.2577 3
-136.0 0.4101 0.5657 0.2599 3
-135.5 0.4103 0.5760 0.2621 3
-135.0 0.4103 0.5862 0.2642 3
-134.5 0.4103 0.5964 0.2664 3
-134.0 0.4101 0.6067 0.2685 3
-133.5 0.4098 0.6169 0.2705 3
-133.0 0.4093 0.6271 0.2726 3
-132.5 0.4088 0.6373 0.2746 3
-132.0 0.4081 0.6475 0.2766 3
-131.5 0.4073 0.6576 0.2785 3
-131.0 0.4063 0.6678 0.2804 3
-130.5 0.4053 0.6779 0.2823 3
-130.0 0.4041 0.6880 0.2841 3
-129.5 0.4028 0.6981 0.2859 3
-129.0 0.4014 0.7081 0.2877 3
-128.5 0.3998 0.7181 0.2894 3
-128.0 0.3982 0.7280 0.2911 3
-127.5 0.3964 0.7379 0.2928 3
-127.0 0.3944 0.7478 0.2944 3
-126.5 0.3924 0.7576 0.2960 3
-126.0 0.3903 0.7673 0.2976 3
-125.5 0.3880 0.7770 0.2991 3
-125.0 0.3856 0.7867 0.3006 3
-124.5 0.3831 0.7963 0.3020 3
-124.0 0.3805 0.8058 0.3034 3
-123.5 0.3777 0.8152 0.3047 3
-123.0 0.3749 0.8246 0.3061 3
-122.5 0.3719 0.8339 0.3073 3
-122.0 0.3688 0.8432 0.3086 3
-121.5 0.3656 0.8523 0.3097 3
-121.0 0.3623 0.8614 0.3109 3
-120.5 0.3589 0.8704 0.3120 3
-120.0 0.3554 0.8793 0.3131 3
-119.5 0.3517 0.8881 0.3141 3
-119.0 0.3480 0.8968 0.3151 3
-118.5 0.3441 0.9055 0.3160 3
-118.0 0.3402 0.9140 0.3169 3
-117.5 0.3361 0.9224 0.3177 3
-117.0 0.3320 0.9308 0.3185 3
-116.5 0.3277 0.9390 0.3193 3
-116.0 0.3234 0.9471 0.3200 3
-115.5 0.3189 0.9551 0.3206 3
-115.0 0.3143 0.9630 0.3212 3
-114.5 0.3097 0.9708 0.3218 3
-114.0 0.3049 0.9784 0.3223 3
-113.5 0.3001 0.9860 0.3228 3
-113.0 0.2952 0.9934 0.3232 3
-112.5 0.2902 1.0007 0.3236 3
-112.0 0.2850 1.0079 0.3239 3
-111.5 0.2799 1.0149 0.3242 3
-111.0 0.2746 1.0218 0.3245 3
-110.5 0.2692 1.0286 0.3247 3
-110.0 0.2638 1.0353 0.3248 3
-109.5 0.2582 1.0418 0.3249 3
-109.0 0.2526 1.0481 0.3250 3
-108.5 0.2469 1.0544 0.3250 3
-108.0 0.2412 1.0604 0.3249 3
-107.5 0.2354 1.0664 0.3248 3
-107.0 0.2295 1.0722 0.3247 3
-106.5 0.2235 1.0778 0.3245 3
-106.0 0.2174 1.0833 0.3243 3
-105.5 0.2113 1.0887 0.3240 3
-105.0 0.2052 1.0939 0.3237 3
-104.5 0.1989 1.0989 0.3233 3
-104.0 0.1926 1.1038 0.3229 3
-103.5 0.1863 1.1085 0.3224 3
-103.0 0.1799 1.1131 0.3219 3
-102.5 0.1734 1.1175 0.3213 3
-102.0 0.1669 1.1217 0.3207 3
-101.5 0.1603 1.1258 0.3201 3
-101.0 0.1537 1.1297 0.3194 3
-100.5 0.1471 1.1335 0.3186 3
-100.0 0.1403 1.1370 0.3178 3
-99.5 0.1336 1.1405 0.3170 3
-99.0 0.1268 1.1437 0.3161 3
-98.5 0.1200 1.1468 0.3152 3
-98.0 0.1131 1.1497 0.3142 3
-97.5 0.1062 1.1524 0.3132 3
-97.0 0.0993 1.1550 0.3121 3
-96.5 0.0923 1.1574 0.3110 3
-96.0 0.0853 1.1596 0.3099 3
-95.5 0.0783 1.1616 0.3087 3
-95.0 0.0713 1.1635 0.3075 3
-94.5 0.0642 1.1652 0.3062 3
-94.0 0.0571 1.1667 0.3049 3
-93.5 0.0500 1.1680 0.3036 3
-93.0 0.0429 1.1692 0.3022 3
-92.5 0.0358 1.1702 0.3008 3
-92.0 0.0286 1.1710 0.2993 3
-91.5 0.0215 1.1716 0.2978 3
-91.0 0.0143 1.1720 0.2963 3
-90.5 0.0072 1.1723 0.2947 3
-90.0 0.0000 1.1724 0.2931 3
-89.5 -0.0102 1.1723 0.2912 2
-89.0 -0.0205 1.1720 0.2893 2
-88.5 -0.0307 1.1716 0.2874 2
-88.0 -0.0409 1.1710 0.2855 2
-87.5 -0.0511 1.1702 0.2836 2
-87.0 -0.0613 1.1692 0.2816 2
-86.5 -0.0714 1.1680 0.2796 2
-86.0 -0.0816 1.1667 0.2776 2
-85.5 -0.0917 1.1652 0.2756 2
-85.0 -0.1018 1.1635 0.2735 2
-84.5 -0.1119 1.1616 0.2714 2
-84.0 -0.1219 1.1596 0.2694 2
-83.5 -0.1319 1.1574 0.2673 2
-83.0 -0.1418 1.1550 0.2651 2
-82.5 -0.1517 1.1524 0.2630 2
-82.0 -0.1616 1.1497 0.2609 2
-81.5 -0.1714 1.1468 0.2587 2
-81.0 -0.1811 1.1437 0.2565 2
-80.5 -0.1908 1.1405 0.2543 2
-80.0 -0.2005 1.1370 0.2521 2
-79.5 -0.2101 1.1335 0.2499 2
-79.0 -0.2196 1.1297 0.2477 2
-78.5 -0.2290 1.1258 0.2454 2
-78.0 -0.2384 1.1217 0.2432 2
-77.5 -0.2477 1.1175 0.2409 2
-77.0 -0.2570 1.1131 0.2386 2
-76.5 -0.2661 1.1085 0.2363 2
-76.0 -0.2752 1.1038 0.2340 2
-75.5 -0.2842 1.0989 0.2317 2
-75.0 -0.2931 1.0939 0.2294 2
-74.5 -0.3019 1.0887 0.2270 2
-74.0 -0.3106 1.0833 0.2247 2
-73.5 -0.3193 1.0778 0.2223 2
-73.0 -0.3278 1.0722 0.2200 2
-72.5 -0.3362 1.0664 0.2176 2
-72.0 -0.3446 1.0604 0.2153 2
-71.5 -0.3528 1.0544 0.2129 2
-71.0 -0.3609 1.0481 0.2105 2
-70.5 -0.3689 1.0418 0.2081 2
-70.0 -0.3768 1.0353 0.2057 2
-69.5 -0.3846 1.0286 0.2033 2
-69.0 -0.3922 1.0218 0.2009 2
-68.5 -0.3998 1.0149 0.1985 2
-68.0 -0.4072 1.0079 0.1961 2
-67.5 -0.4145 1.0007 0.1937 2
-67.0 -0.4217 0.9934 0.1913 2
-66.5 -0.4287 0.9860 0.1888 2
-66.0 -0.4356 0.9784 0.1864 2
-65.5 -0.4424 0.9708 0.1840 2
-65.0 -0.4491 0.9630 0.1816 2
-64.5 -0.4556 0.9551 0.1792 2
-64.0 -0.4619 0.9471 0.1768 2
-63.5 -0.4682 0.9390 0.1743 2
-63.0 -0.4742 0.9308 0.1719 2
-62.5 -0.4802 0.9224 0.1695 2
-62.0 -0.4860 0.9140 0.1671 2
-61.5 -0.4916 0.9055 0.1647 2
-61.0 -0.4971 0.8968 0.1623 2
-60.5 -0.5025 0.8881 0.1599 2
-60.0 -0.5077 0.8793 0.1575 2
-59.5 -0.5127 0.8704 0.1551 2
-59.0 -0.5176 0.8614 0.1527 2
-58.5 -0.5223 0.8523 0.1503 2
-58.0 -0.5269 0.8432 0.1479 2
-57.5 -0.5313 0.8339 0.1455 2
-57.0 -0.5355 0.8246 0.1432 2
-56.5 -0.5396 0.8152 0.1408 2
-56.0 -0.5435 0.8058 0.1384 2
-55.5 -0.5473 0.7963 0.1361 2
-55.0 -0.5508 0.7867 0.1337 2
-54.5 -0.5543 0.7770 0.1314 2
-54.0 -0.5575 0.7673 0.1291 2
-53.5 -0.5606 0.7576 0.1268 2
-53.0 -0.5635 0.7478 0.1245 2
-52.5 -0.5662 0.7379 0.1222 2
-52.0 -0.5688 0.7280 0.1199 2
-51.5 -0.5712 0.7181 0.1176 2
-51.0 -0.5734 0.7081 0.1154 2
-50.5 -0.5754 0.6981 0.1131 2
-50.0 -0.5773 0.6880 0.1109 2
-49.5 -0.5790 0.6779 0.1086 2
-49.0 -0.5805 0.6678 0.1064 2
-48.5 -0.5818 0.6576 0.1042 2
-48.0 -0.5830 0.6475 0.1020 2
-47.5 -0.5840 0.6373 0.0999 2
-47.0 -0.5848 0.6271 0.0977 2
-46.5 -0.5854 0.6169 0.0956 2
-46.0 -0.5858 0.6067 0.0934 2
-45.5 -0.5861 0.5964 0.0913 2
-45.0 -0.5862 0.5862 0.0892 2
-44.5 -0.5861 0.5760 0.0871 2
-44.0 -0.5858 0.5657 0.0851 2
-43.5 -0.5854 0.5555 0.0830 2
-43.0 -0.5848 0.5453 0.0810 2
-42.5 -0.5840 0.5351 0.0790 2
-42.0 -0.5830 0.5249 0.0770 2
-41.5 -0.5818 0.5148 0.0750 2
-41.0 -0.5805 0.5046 0.0730 2
-40.5 -0.5790 0.4945 0.0711 2
-40.0 -0.5773 0.4844 0.0692 2
-39.5 -0.5754 0.4743 0.0673 2
-39.0 -0.5734 0.4643 0.0654 2
-38.5 -0.5712 0.4543 0.0635 2
-38.0 -0.5688 0.4444 0.0617 2
-37.5 -0.5662 0.4345 0.0599 2
-37.0 -0.5635 0.4246 0.0581 2
-36.5 -0.5606 0.4148 0.0563 2
-36.0 -0.5575 0.4051 0.0545 2
-35.5 -0.5543 0.3954 0.0528 2
-35.0 -0.5508 0.3857 0.0511 2
-34.5 -0.5473 0.3761 0.0494 2
-34.0 -0.5435 0.3666 0.0477 2
-33.5 -0.5396 0.3572 0.0461 2
-33.0 -0.5355 0.3478 0.0445 2
-32.5 -0.5313 0.3385 0.0429 2
-32.0 -0.5269 0.3292 0.0413 2
-31.5 -0.5223 0.3201 0.0398 2
-31.0 -0.5176 0.3110 0.0382 2
-30.5 -0.5127 0.3020 0.0367 2
-30.0 -0.5077 0.2931 0.0353 2
-29.5 -0.5025 0.2843 0.0338 2
-29.0 -0.4971 0.2756 0.0324 2
-28.5 -0.4916 0.2669 0.0310 2
-28.0 -0.4860 0.2584 0.0296 2
-27.5 -0.4802 0.2500 0.0283 2
-27.0 -0.4742 0.2416 0.0270 2
-26.5 -0.4682 0.2334 0.0257 2
-26.0 -0.4619 0.2253 0.0244 2
-25.5 -0.4556 0.2173 0.0232 2
-25.0 -0.4491 0.2094 0.0220 2
-24.5 -0.4424 0.2016 0.0208 2
-24.0 -0.4356 0.1940 0.0196 2
-23.5 -0.4287 0.1864 0.0185 2
-23.0 -0.4217 0.1790 0.0174 2
-22.5 -0.4145 0.1717 0.0163 2
-22.0 -0.4072 0.1645 0.0153 2
-21.5 -0.3998 0.1575 0.0143 2
-21.0 -0.3922 0.1506 0.0133 2
-20.5 -0.3846 0.1438 0.0124 2
-20.0 -0.3768 0.1371 0.0114 2
-19.5 -0.3689 0.1306 0.0105 2
-19.0 -0.3609 0.1243 0.0097 2
-18.5 -0.3528 0.1180 0.0088 2
-18.0 -0.3446 0.1120 0.0080 2
-17.5 -0.3375 0.1064 0.0073 2
-17.0 -0.3328 0.1018 0.0066 2
-16.5 -0.3305 0.0982 0.0060 2
-16.0 -0.3303 0.0954 0.0055 2
-15.5 -0.3323 0.0935 0.0049 2
-15.0 -0.3362 0.0924 0.0044 2
-14.5 -0.3417 0.0920 0.0039 2
-14.0 -0.3487 0.0923 0.0034 2
-13.5 -0.3569 0.0931 0.0029 2
-13.0 -0.3659 0.0944 0.0024 2
-12.5 -0.3756 0.0960 0.0019 2
-12.0 -0.3854 0.0980 0.0013 2
-11.5 -0.3952 0.1001 0.0007 2
-11.0 -0.4047 0.1022 0.0000 2
-10.5 -0.4133 0.1043 -0.0007 2
-10.0 -0.4210 0.1063 -0.0013 2
-9.5 -0.4274 0.1080 -0.0021 2
-9.0 -0.4321 0.1094 -0.0028 2
-8.5 -0.4350 0.1104 -0.0035 2
-8.0 -0.4359 0.1110 -0.0042 2
-7.5 -0.4346 0.1110 -0.0049 2
-7.0 -0.4308 0.1104 -0.0056 2
-6.5 -0.4246 0.1092 -0.0062 2
-6.0 -0.4159 0.1074 -0.0067 0
-5.5 -0.4280 0.1037 -0.0067 0
-5.0 -0.4321 0.0988 -0.0077 0
-4.5 -0.4278 0.0938 -0.0074 0
-4.0 -0.4176 0.0889 -0.0098 0
-3.5 -0.3530 0.0820 -0.0207 0
-3.0 -0.2952 0.0763 -0.0274 0
-2.5 -0.0706 0.0582 -0.0877 0
-2.0 -0.1076 0.0626 -0.0628 0
-1.5 0.1253 0.0494 -0.1111 0
-1.0 0.1941 0.0484 -0.1154 0
-0.5 0.2638 0.0480 -0.1195 0
0.0 0.3262 0.0482 -0.1221 0
0.5 0.3837 0.0485 -0.1237 0
1.0 0.4273 0.0480 -0.1221 0
1.5 0.4720 0.0505 -0.1225 0
2.0 0.5133 0.0533 -0.1226 0
2.5 0.5532 0.0562 -0.1226 0
3.0 0.5856 0.0594 -0.1219 0
3.5 0.6169 0.0628 -0.1212 0
4.0 0.6471 0.0665 -0.1206 0
4.5 0.5459 0.0778 -0.1150 0
5.0 0.5676 0.0818 -0.1142 0
5.5 0.6104 0.0866 -0.1162 0
6.0 0.6333 0.0908 -0.1155 0
6.5 0.6618 0.0952 -0.1155 0
7.0 0.6905 0.1000 -0.1158 0
7.5 0.7192 0.1048 -0.1160 0
8.0 0.7446 0.1097 -0.1158 0
8.5 0.7684 0.1148 -0.1157 0
9.0 0.8009 0.1204 -0.1164 0
9.5 0.8275 0.1257 -0.1167 0
10.0 0.8525 0.1312 -0.1168 0
10.5 0.8665 0.1362 -0.1163 0
11.0 0.8913 0.1420 -0.1162 0
11.5 0.9207 0.1471 -0.1163 0
12.0 0.9386 0.1530 -0.1161 0
12.5 0.9554 0.1571 -0.1151 0
13.0 1.0759 0.1426 -0.1011 0
13.5 1.1270 0.1395 -0.0952 0
14.0 1.4634 0.0760 -0.0617 0
14.5 1.4747 0.0812 -0.0586 0
15.0 1.4764 0.0881 -0.0568 0
15.5 1.2556 0.1332 -0.0769 0
16.0 1.2035 0.1561 -0.0878 0
16.5 1.1814 0.1614 -0.0876 1
17.0 1.1609 0.1669 -0.0876 1
17.5 1.1419 0.1725 -0.0876 1
18.0 1.1242 0.1783 -0.0876 1
18.5 1.1077 0.1842 -0.0878 1
19.0 1.0923 0.1902 -0.0879 1
19.5 1.0779 0.1964 -0.0882 1
20.0 1.0644 0.2027 -0.0885 1
20.5 1.0518 0.2091 -0.0888 1
21.0 1.0400 0.2157 -0.0892 1
21.5 1.0289 0.2224 -0.0897 1
22.0 1.0184 0.2292 -0.0901 1
22.5 1.0086 0.2361 -0.0907 1
23.0 0.9993 0.2432 -0.0912 1
23.5 0.9905 0.2504 -0.0918 1
24.0 0.9821 0.2577 -0.0925 1
24.5 0.9742 0.2651 -0.0931 1
25.0 0.9667 0.2726 -0.0939 1
25.5 0.9596 0.2802 -0.0946 1
26.0 0.9527 0.2880 -0.0954 1
26.5 0.9462 0.2958 -0.0962 1
27.0 0.9400 0.3038 -0.0970 1
27.5 0.9340 0.3118 -0.0979 1
28.0 0.9283 0.3200 -0.0988 1
28.5 0.9227 0.3282 -0.0997 1
29.0 0.9174 0.3365 -0.1006 1
29.5 0.9122 0.3450 -0.1016 1
30.0 0.9072 0.3535 -0.1026 1
30.5 0.9023 0.3621 -0.1036 1
31.0 0.8975 0.3708 -0.1047 1
31.5 0.8929 0.3795 -0.1058 1
32.0 0.8883 0.3884 -0.1069 1
32.5 0.8839 0.3973 -0.1080 1
33.0 0.8795 0.4062 -0.1091 1
33.5 0.8752 0.4153 -0.1103 1
34.0 0.8709 0.4244 -0.1115 1
34.5 0.8666 0.4336 -0.1127 1
35.0 0.8624 0.4428 -0.1139 1
35.5 0.8583 0.4521 -0.1151 1
36.0 0.8541 0.4615 -0.1164 1
36.5 0.8499 0.4709 -0.1177 1
37.0 0.8458 0.4803 -0.1190 1
37.5 0.8416 0.4898 -0.1203 1
38.0 0.8374 0.4993 -0.1216 1
38.5 0.8332 0.5089 -0.1230 1
39.0 0.8290 0.5185 -0.1244 1
39.5 0.8247 0.5282 -0.1257 1
40.0 0.8204 0.5378 -0.1272 1
40.5 0.8161 0.5475 -0.1286 1
41.0 0.8117 0.5572 -0.1300 1
41.5 0.8073 0.5670 -0.1315 1
42.0 0.8028 0.5767 -0.1329 1
42.5 0.7983 0.5865 -0.1344 1
43.0 0.7937 0.5963 -0.1359 1
43.5 0.7890 0.6061 -0.1374 1
44.0 0.7842 0.6159 -0.1390 1
44.5 0.7794 0.6257 -0.1405 1
45.0 0.7745 0.6355 -0.1420 1
45.5 0.7696 0.6453 -0.1436 1
46.0 0.7645 0.6551 -0.1452 1
46.5 0.7594 0.6649 -0.1468 1
47.0 0.7542 0.6746 -0.1484 1
47.5 0.7489 0.6844 -0.1500 1
48.0 0.7435 0.6941 -0.1516 1
48.5 0.7380 0.7038 -0.1533 1
49.0 0.7324 0.7135 -0.1549 1
49.5 0.7267 0.7232 -0.1566 1
50.0 0.7209 0.7328 -0.1582 1
50.5 0.7151 0.7424 -0.1599 1
51.0 0.7091 0.7520 -0.1616 1
51.5 0.7031 0.7615 -0.1633 1
52.0 0.6969 0.7709 -0.1650 1
52.5 0.6906 0.7804 -0.1667 1
53.0 0.6843 0.7897 -0.1685 1
53.5 0.6778 0.7991 -0.1702 1
54.0 0.6713 0.8083 -0.1719 1
54.5 0.6646 0.8175 -0.1737 1
55.0 0.6578 0.8267 -0.1754 1
55.5 0.6509 0.8358 -0.1772 1
56.0 0.6440 0.8448 -0.1790 1
56.5 0.6369 0.8537 -0.1807 1
57.0 0.6297 0.8626 -0.1825 1
57.5 0.6224 0.8714 -0.1843 1
58.0 0.6151 0.8801 -0.1861 1
58.5 0.6076 0.8888 -0.1879 1
59.0 0.6000 0.8973 -0.1897 1
59.5 0.5923 0.9058 -0.1915 1
60.0 0.5846 0.9142 -0.1933 1
60.5 0.5767 0.9225 -0.1951 1
61.0 0.5687 0.9306 -0.1969 1
61.5 0.5606 0.9387 -0.1987 1
62.0 0.5525 0.9467 -0.2005 1
62.5 0.5442 0.9546 -0.2024 1
63.0 0.5359 0.9624 -0.2042 1
63.5 0.5274 0.9701 -0.2060 1
64.0 0.5189 0.9777 -0.2078 1
64.5 0.5103 0.9851 -0.2096 1
65.0 0.5015 0.9925 -0.2115 1
65.5 0.4927 0.9997 -0.2133 1
66.0 0.4839 1.0068 -0.2151 1
66.5 0.4749 1.0138 -0.2169 1
67.0 0.4659 1.0207 -0.2187 1
67.5 0.4567 1.0274 -0.2206 1
68.0 0.4475 1.0340 -0.2224 1
68.5 0.4382 1.0405 -0.2242 1
69.0 0.4289 1.0468 -0.2260 1
69.5 0.4195 1.0530 -0.2278 1
70.0 0.4100 1.0591 -0.2296 1
70.5 0.4004 1.0650 -0.2314 1
71.0 0.3908 1.0708 -0.2332 1
71.5 0.3811 1.0765 -0.2350 1
72.0 0.3713 1.0820 -0.2367 1
72.5 0.3615 1.0874 -0.2385 1
73.0 0.3516 1.0926 -0.2403 1
73.5 0.3417 1.0976 -0.2420 1
74.0 0.3317 1.1025 -0.2438 1
74.5 0.3217 1.1073 -0.2455 1
75.0 0.3116 1.1119 -0.2473 1
75.5 0.3014 1.1164 -0.2490 1
76.0 0.2913 1.1207 -0.2507 1
76.5 0.2811 1.1248 -0.2524 1
77.0 0.2708 1.1288 -0.2541 1
77.5 0.2605 1.1326 -0.2558 1
78.0 0.2502 1.1362 -0.2575 1
78.5 0.2398 1.1397 -0.2592 1
79.0 0.2295 1.1430 -0.2608 1
79.5 0.2191 1.1462 -0.2624 1
80.0 0.2086 1.1492 -0.2641 1
80.5 0.1982 1.1520 -0.2657 1
81.0 0.1877 1.1546 -0.2673 1
81.5 0.1773 1.1571 -0.2689 1
82.0 0.1668 1.1594 -0.2704 1
82.5 0.1563 1.1615 -0.2720 1
83.0 0.1458 1.1635 -0.2735 1
83.5 0.1353 1.1653 -0.2751 1
84.0 0.1248 1.1669 -0.2766 1
84.5 0.1143 1.1683 -0.2780 1
85.0 0.1038 1.1696 -0.2795 1
85.5 0.0933 1.1707 -0.2810 1
86.0 0.0829 1.1716 -0.2824 1
86.5 0.0724 1.1723 -0.2838 1
87.0 0.0620 1.1728 -0.2852 1
87.5 0.0516 1.1732 -0.2866 1
88.0 0.0412 1.1734 -0.2879 1
88.5 0.0309 1.1734 -0.2892 1
89.0 0.0205 1.1733 -0.2906 1
89.5 0.0103 1.1729 -0.2918 1
90.0 0.0000 1.1724 -0.2931 1
90.5 -0.0072 1.1729 -0.2949 3
91.0 -0.0144 1.1733 -0.2966 3
91.5 -0.0216 1.1734 -0.2983 3
92.0 -0.0289 1.1734 -0.2999 3
92.5 -0.0361 1.1732 -0.3016 3
93.0 -0.0434 1.1728 -0.3032 3
93.5 -0.0507 1.1723 -0.3047 3
94.0 -0.0580 1.1716 -0.3062 3
94.5 -0.0653 1.1707 -0.3077 3
95.0 -0.0727 1.1696 -0.3091 3
95.5 -0.0800 1.1683 -0.3105 3
96.0 -0.0874 1.1669 -0.3119 3
96.5 -0.0947 1.1653 -0.3132 3
97.0 -0.1021 1.1635 -0.3145 3
97.5 -0.1094 1.1615 -0.3158 3
98.0 -0.1168 1.1594 -0.3170 3
98.5 -0.1241 1.1571 -0.3181 3
99.0 -0.1314 1.1546 -0.3193 3
99.5 -0.1387 1.1520 -0.3204 3
100.0 -0.1461 1.1492 -0.3214 3
100.5 -0.1533 1.1462 -0.3224 3
101.0 -0.1606 1.1430 -0.3234 3
101.5 -0.1679 1.1397 -0.3243 3
102.0 -0.1751 1.1362 -0.3252 3
102.5 -0.1824 1.1326 -0.3261 3
103.0 -0.1896 1.1288 -0.3269 3
103.5 -0.1967 1.1248 -0.3276 3
104.0 -0.2039 1.1207 -0.3284 3
104.5 -0.2110 1.1164 -0.3291 3
105.0 -0.2181 1.1119 -0.3297 3
105.5 -0.2252 1.1073 -0.3303 3
106.0 -0.2322 1.1025 -0.3309 3
106.5 -0.2392 1.0976 -0.3314 3
107.0 -0.2461 1.0926 -0.3319 3
107.5 -0.2530 1.0874 -0.3324 3
108.0 -0.2599 1.0820 -0.3328 3
108.5 -0.2667 1.0765 -0.3332 3
109.0 -0.2735 1.0708 -0.3335 3
109.5 -0.2803 1.0650 -0.3338 3
110.0 -0.2870 1.0591 -0.3341 3
110.5 -0.2936 1.0530 -0.3343 3
111.0 -0.3002 1.0468 -0.3345 3
111.5 -0.3068 1.0405 -0.3347 3
112.0 -0.3133 1.0340 -0.3348 3
112.5 -0.3197 1.0274 -0.3349 3
113.0 -0.3261 1.0207 -0.3349 3
113.5 -0.3324 1.0138 -0.3349 3
114.0 -0.3387 1.0068 -0.3349 3
114.5 -0.3449 0.9997 -0.3348 3
115.0 -0.3511 0.9925 -0.3347 3
115.5 -0.3572 0.9851 -0.3346 3
116.0 -0.3632 0.9777 -0.3344 3
116.5 -0.3692 0.9701 -0.3343 3
117.0 -0.3751 0.9624 -0.3340 3
117.5 -0.3809 0.9546 -0.3338 3
118.0 -0.3867 0.9467 -0.3335 3
118.5 -0.3924 0.9387 -0.3332 3
119.0 -0.3981 0.9306 -0.3329 3
119.5 -0.4037 0.9225 -0.3325 3
120.0 -0.4092 0.9142 -0.3321 3
120.5 -0.4146 0.9058 -0.3317 3
121.0 -0.4200 0.8973 -0.3312 3
121.5 -0.4253 0.8888 -0.3308 3
122.0 -0.4305 0.8801 -0.3303 3
122.5 -0.4357 0.8714 -0.3297 3
123.0 -0.4408 0.8626 -0.3292 3
123.5 -0.4458 0.8537 -0.3286 3
124.0 -0.4508 0.8448 -0.3281 3
124.5 -0.4557 0.8358 -0.3275 3
125.0 -0.4605 0.8267 -0.3268 3
125.5 -0.4652 0.8175 -0.3262 3
126.0 -0.4699 0.8083 -0.3255 3
126.5 -0.4745 0.7991 -0.3249 3
127.0 -0.4790 0.7897 -0.3242 3
127.5 -0.4834 0.7804 -0.3235 3
128.0 -0.4878 0.7709 -0.3228 3
128.5 -0.4921 0.7615 -0.3221 3
129.0 -0.4964 0.7520 -0.3213 3
129.5 -0.5006 0.7424 -0.3206 3
130.0 -0.5047 0.7328 -0.3199 3
130.5 -0.5087 0.7232 -0.3191 3
131.0 -0.5127 0.7135 -0.3183 3
131.5 -0.5166 0.7038 -0.3176 3
132.0 -0.5204 0.6941 -0.3168 3
132.5 -0.5242 0.6844 -0.3161 3
133.0 -0.5279 0.6746 -0.3153 3
133.5 -0.5316 0.6649 -0.3145 3
134.0 -0.5352 0.6551 -0.3138 3
134.5 -0.5387 0.6453 -0.3130 3
135.0 -0.5422 0.6355 -0.3123 3
135.5 -0.5456 0.6257 -0.3115 3
136.0 -0.5490 0.6159 -0.3108 3
136.5 -0.5523 0.6061 -0.3101 3
137.0 -0.5556 0.5963 -0.3094 3
137.5 -0.5588 0.5865 -0.3087 3
138.0 -0.5620 0.5767 -0.3080 3
138.5 -0.5651 0.5670 -0.3074 3
139.0 -0.5682 0.5572 -0.3067 3
139.5 -0.5713 0.5475 -0.3061 3
140.0 -0.5743 0.5378 -0.3055 3
140.5 -0.5773 0.5282 -0.3050 3
141.0 -0.5803 0.5185 -0.3044 3
141.5 -0.5833 0.5089 -0.3039 3
142.0 -0.5862 0.4993 -0.3035 3
142.5 -0.5891 0.4898 -0.3030 3
143.0 -0.5920 0.4803 -0.3026 3
143.5 -0.5949 0.4709 -0.3023 3
144.0 -0.5979 0.4615 -0.3020 3
144.5 -0.6008 0.4521 -0.3017 3
145.0 -0.6037 0.4428 -0.3015 3
145.5 -0.6066 0.4336 -0.3013 3
146.0 -0.6096 0.4244 -0.3012 3
146.5 -0.6126 0.4153 -0.3012 3
147.0 -0.6156 0.4062 -0.3012 3
147.5 -0.6187 0.3973 -0.3013 3
148.0 -0.6218 0.3884 -0.3014 3
148.5 -0.6250 0.3795 -0.3016 3
149.0 -0.6283 0.3708 -0.3019 3
149.5 -0.6316 0.3621 -0.3023 3
150.0 -0.6350 0.3535 -0.3028 3
150.5 -0.6385 0.3450 -0.3034 3
151.0 -0.6422 0.3365 -0.3040 3
151.5 -0.6459 0.3282 -0.3048 3
152.0 -0.6498 0.3200 -0.3057 3
152.5 -0.6538 0.3118 -0.3067 3
153.0 -0.6580 0.3038 -0.3078 3
153.5 -0.6624 0.2958 -0.3090 3
154.0 -0.6669 0.2880 -0.3104 3
154.5 -0.6717 0.2802 -0.3120 3
155.0 -0.6767 0.2726 -0.3137 3
155.5 -0.6820 0.2651 -0.3155 3
156.0 -0.6875 0.2577 -0.3176 3
156.5 -0.6933 0.2504 -0.3198 3
157.0 -0.6995 0.2432 -0.3222 3
157.5 -0.7060 0.2361 -0.3249 3
158.0 -0.7129 0.2292 -0.3278 3
158.5 -0.7202 0.2224 -0.3309 3
159.0 -0.7280 0.2157 -0.3343 3
159.5 -0.7363 0.2091 -0.3380 3
160.0 -0.7451 0.2027 -0.3420 3
160.5 -0.7545 0.1964 -0.3463 3
161.0 -0.7646 0.1902 -0.3510 3
161.5 -0.7754 0.1842 -0.3561 3
162.0 -0.7869 0.1783 -0.3616 3
162.5 -0.7993 0.1725 -0.3675 3
163.0 -0.8126 0.1669 -0.3740 3
163.5 -0.8270 0.1614 -0.3809 3
164.0 -0.8424 0.1561 -0.3885 3
164.5 -0.8789 0.1332 -0.4033 3
165.0 -1.0335 0.0881 -0.4680 3
165.5 -1.0323 0.0812 -0.4688 3
166.0 -1.0244 0.0760 -0.4668 3
166.5 -0.7889 0.1395 -0.3698 3
167.0 -0.7531 0.1426 -0.3553 3
167.5 -0.6688 0.1571 -0.3196 3
168.0 -0.6570 0.1530 -0.3148 3
168.5 -0.6445 0.1471 -0.3093 3
169.0 -0.6239 0.1420 -0.3002 3
169.5 -0.6066 0.1362 -0.2925 3
170.0 -0.5968 0.1312 -0.2883 3
170.5 -0.5792 0.1257 -0.2804 3
171.0 -0.5606 0.1204 -0.2720 3
171.5 -0.5379 0.1148 -0.2615 3
172.0 -0.5212 0.1097 -0.2539 3
172.5 -0.5034 0.1048 -0.2457 3
173.0 -0.4833 0.1000 -0.2364 3
173.5 -0.4633 0.0952 -0.2270 3
174.0 -0.4433 0.0908 -0.2177 3
174.5 -0.4273 0.0866 -0.2102 3
175.0 -0.3973 0.0818 -0.1959 3
175.5 -0.3821 0.0778 -0.1887 3
176.0 -0.4530 0.0665 -0.2232 3
176.5 -0.4318 0.0628 -0.2132 3
177.0 -0.4099 0.0594 -0.2028 3
177.5 -0.3872 0.0562 -0.1920 3
178.0 -0.3593 0.0533 -0.1785 3
178.5 -0.3304 0.0505 -0.1644 3
179.0 -0.2991 0.0480 -0.1491 3
179.5 -0.2686 0.0485 -0.1341 3
180.0 -0.2283 0.0482 -0.1142 3
