x cp
1.00000 -0.3740
0.99344 -0.3764
0.98270 -0.3806
0.97020 -0.3856
0.95728 -0.3909
0.94423 -0.3965
0.93111 -0.4023
0.91794 -0.4083
0.90470 -0.4145
0.89141 -0.4211
0.87807 -0.4279
0.86467 -0.4350
0.85114 -0.4425
0.83729 -0.4505
0.82335 -0.4588
0.80937 -0.4675
0.79538 -0.4766
0.78136 -0.4861
0.76733 -0.4960
0.75329 -0.5064
0.73922 -0.5173
0.72515 -0.5287
0.71106 -0.5406
0.69696 -0.5533
0.68284 -0.5665
0.66872 -0.5805
0.65458 -0.5954
0.64043 -0.6111
0.62628 -0.6278
0.61212 -0.6457
0.59795 -0.6650
0.58378 -0.6857
0.56960 -0.7085
0.55542 -0.7335
0.54123 -0.7623
0.52704 -0.7960
0.51285 -0.8381
0.49866 -0.9019
0.48447 -0.9029
0.47028 -0.9039
0.45609 -0.9049
0.44190 -0.9059
0.42772 -0.9069
0.41354 -0.9080
0.39937 -0.9091
0.38521 -0.9103
0.37105 -0.9115
0.35689 -0.9128
0.34275 -0.9142
0.32862 -0.9157
0.31449 -0.9172
0.30038 -0.9188
0.28628 -0.9205
0.27219 -0.9224
0.25812 -0.9244
0.24406 -0.9265
0.23002 -0.9287
0.21599 -0.9312
0.20198 -0.9338
0.18799 -0.9367
0.17401 -0.9398
0.16006 -0.9432
0.14612 -0.9470
0.13221 -0.9513
0.11832 -0.9560
0.10446 -0.9615
0.09061 -0.9677
0.07679 -0.9751
0.06301 -0.9840
0.04928 -0.9952
0.03583 -1.0096
0.02376 -1.0277
0.01514 -1.0466
0.00977 -1.0656
0.00624 -1.0909
0.00375 -1.1408
0.00193 -1.2667
0.00069 -1.5072
-0.00002 -1.4269
-0.00027 -0.8660
-0.00014 -0.1962
0.00034 0.3791
0.00121 0.8081
0.00249 0.9945
0.00422 0.9385
0.00637 0.7933
0.00904 0.7012
0.01253 0.6499
0.01762 0.6248
0.02582 0.6034
0.03766 0.5813
0.05107 0.5636
0.06478 0.5511
0.07856 0.5421
0.09237 0.5354
0.10621 0.5302
0.12007 0.5262
0.13395 0.5229
0.14786 0.5202
0.16179 0.5178
0.17574 0.5157
0.18971 0.5139
0.20369 0.5121
0.21770 0.5104
0.23172 0.5088
0.24576 0.5071
0.25982 0.5054
0.27389 0.5037
0.28797 0.5020
0.30207 0.5001
0.31618 0.4982
0.33030 0.4961
0.34443 0.4939
0.35857 0.4916
0.37272 0.4892
0.38687 0.4866
0.40104 0.4839
0.41521 0.4810
0.42938 0.4779
0.44356 0.4746
0.45774 0.4711
0.47193 0.4674
0.48612 0.4635
0.50030 0.4593
0.51449 0.4549
0.52868 0.4502
0.54286 0.4452
0.55704 0.4399
0.57122 0.4343
0.58540 0.4283
0.59957 0.4220
0.61373 0.4153
0.62789 0.4081
0.64204 0.4005
0.65617 0.3924
0.67030 0.3837
0.68442 0.3744
0.69853 0.3645
0.71263 0.3538
0.72671 0.3423
0.74078 0.3298
0.75484 0.3164
0.76888 0.3017
0.78290 0.2856
0.79690 0.2679
0.81089 0.2481
0.82486 0.2257
0.83882 0.2000
0.85286 0.1682
0.86710 0.1344
0.88139 0.1002
0.89569 0.0648
0.91000 0.0279
0.92432 -0.0117
0.93864 -0.0551
0.95296 -0.1047
0.96724 -0.1641
0.98113 -0.2385
0.99297 -0.3320
1.00000 -0.3740
