alpha phin
-6.00 nan
-5.75 nan
-5.50 nan
-5.25 nan
-5.00 nan
-4.75 nan
-4.50 nan
-4.25 nan
-4.00 nan
-3.75 nan
-3.50 nan
-3.25 nan
-3.00 nan
nan nan
-2.50 nan
-2.25 nan
-2.00 nan
-1.75 nan
-1.50 21.509
-1.25 16.741
-1.00 13.993
-0.75 11.740
-0.50 10.317
-0.25 9.035
0.00 8.405
0.25 7.623
0.50 7.198
0.75 6.438
1.00 6.409
1.25 6.263
1.50 6.113
1.75 5.844
2.00 5.924
2.25 5.885
2.50 5.799
2.75 5.795
3.00 5.792
3.25 5.777
3.50 5.816
3.75 5.834
4.00 5.867
4.25 8.029
4.50 8.113
4.75 8.110
5.00 8.202
5.25 8.131
5.50 8.078
5.75 8.159
6.00 8.161
6.25 8.130
6.50 8.189
6.75 8.229
7.00 8.240
7.25 8.262
7.50 8.295
7.75 8.333
8.00 8.381
8.25 8.434
8.50 8.499
8.75 8.536
9.00 8.547
9.25 8.601
9.50 8.637
9.75 8.664
10.00 8.747
10.25 8.892
10.50 8.933
10.75 8.948
11.00 9.053
11.25 9.141
11.50 9.080
11.75 9.189
12.00 9.259
12.25 9.347
12.50 9.338
12.75 7.572
13.00 7.552
13.25 7.507
13.50 7.054
13.75 7.342
14.00 2.973
14.25 3.055
14.50 3.150
14.75 3.213
15.00 3.413
15.25 3.485
15.50 6.056
15.75 6.578
16.00 7.390
