alpha cl cd cm xtrs xtri npan dcl dcd
-6.00 -0.6314 0.06786 0.0029 1.0000 0.0958 1 0.0000 0.00000
-5.75 -0.6228 0.06571 0.0000 1.0000 0.1034 1 0.0000 0.00000
-5.50 -0.6123 0.06073 0.0020 1.0000 0.1060 1 0.0000 0.00000
-5.25 -0.6002 0.05797 0.0035 1.0000 0.1124 1 0.0000 0.00000
-5.00 -0.5888 0.05471 0.0036 1.0000 0.1217 1 0.0000 0.00000
-4.50 -0.5625 0.04904 0.0062 1.0000 0.1399 1 0.0000 0.00000
-4.25 -0.5487 0.04650 0.0074 1.0000 0.1539 1 0.0000 0.00000
-4.00 -0.5347 0.04408 0.0089 1.0000 0.1695 1 0.0000 0.00000
-3.25 -0.4930 0.03720 0.0148 1.0000 0.2372 1 0.0000 0.00000
-2.75 -0.4437 0.02011 0.0182 1.0000 0.3366 1 0.0000 0.00000
-2.25 -0.3823 0.02726 0.0197 1.0000 0.1353 2 0.0014 0.00124
-2.00 -0.3513 0.02419 0.0213 1.0000 0.1023 2 0.0047 0.00070
-1.75 -0.3250 0.02237 0.0227 1.0000 0.0942 3 0.0068 0.00033
-1.50 -0.2979 0.02084 0.0241 1.0000 0.0917 3 0.0075 0.00033
-1.25 -0.2713 0.01967 0.0252 1.0000 0.0906 3 0.0076 0.00025
-1.00 -0.2447 0.01847 0.0260 1.0000 0.0914 3 0.0076 0.00026
-0.75 -0.2177 0.01746 0.0268 1.0000 0.0935 3 0.0076 0.00016
-0.50 -0.1914 0.01664 0.0277 1.0000 0.0978 3 0.0083 0.00018
-0.25 -0.1659 0.01580 0.0287 1.0000 0.1028 3 0.0078 0.00031
0.00 0.0000 0.01210 0.0000 1.0000 1.0000 3 0.1459 0.00312
0.25 0.1626 0.01570 -0.0280 0.1039 1.0000 3 0.2874 0.00119
0.50 0.1879 0.01658 -0.0270 0.0979 1.0000 3 0.2818 0.00262
0.75 0.2177 0.01746 -0.0268 0.0935 1.0000 3 0.0076 0.00016
1.00 0.2447 0.01847 -0.0260 0.0914 1.0000 3 0.0076 0.00026
1.25 0.2713 0.01967 -0.0252 0.0906 1.0000 3 0.0076 0.00025
1.50 0.2978 0.02084 -0.0241 0.0917 1.0000 3 0.0075 0.00033
1.75 0.3250 0.02237 -0.0227 0.0942 1.0000 3 0.0068 0.00033
2.00 0.3502 0.02454 -0.0217 0.1006 1.0000 3 0.0047 0.00071
2.25 0.3793 0.02721 -0.0198 0.1273 1.0000 2 0.0073 0.00133
