alpha cl cd cm xtrs xtri npan dcl dcd
-6.00 0.0229 0.07751 -0.0412 1.0002 0.9998 3 0.0001 0.00007
-5.75 0.0226 0.07627 -0.0401 1.0002 0.9998 3 0.0001 0.00007
-5.50 0.0218 0.07507 -0.0389 1.0002 0.9998 3 0.0001 0.00006
-5.25 0.0190 0.07404 -0.0373 1.0002 0.9990 3 0.0008 0.00014
-5.00 -0.0369 0.07670 -0.0231 1.0002 0.9697 3 0.0012 0.00009
-4.75 -0.0881 0.07881 -0.0111 1.0002 0.9363 3 0.0013 0.00016
-4.50 -0.1366 0.08038 -0.0008 1.0002 0.9005 3 0.0026 0.00036
-4.25 -0.1822 0.08161 0.0080 1.0002 0.8634 3 0.0016 0.00015
-4.00 -0.2291 0.08264 0.0161 1.0002 0.8279 3 0.0034 0.00013
-3.75 -0.2729 0.08317 0.0228 1.0002 0.7916 3 0.0037 0.00012
-3.50 -0.3198 0.08356 0.0297 1.0002 0.7603 3 0.0059 0.00029
-3.25 -0.3609 0.08344 0.0344 1.0002 0.7242 3 0.0034 0.00006
-3.00 -0.3952 0.08269 0.0356 1.0002 0.6824 2 0.0008 0.00010
-2.75 -0.4095 0.08107 0.0290 1.0002 0.6219 1 0.0000 0.00000
-2.50 -0.3809 0.07770 0.0101 1.0002 0.5395 3 0.0013 0.00011
-2.25 -0.3221 0.07346 -0.0120 1.0002 0.4736 2 0.0011 0.00012
-2.00 -0.2750 0.06984 -0.0246 1.0002 0.4449 2 0.0040 0.00002
-1.75 -0.2319 0.06684 -0.0343 1.0002 0.4308 3 0.0051 0.00020
-1.50 -0.1866 0.06437 -0.0437 1.0002 0.4251 3 0.0033 0.00011
-1.25 -0.1483 0.06230 -0.0499 1.0002 0.4265 3 0.0053 0.00017
-1.00 -0.1092 0.06062 -0.0559 1.0002 0.4331 3 0.0027 0.00012
-0.75 -0.0729 0.05937 -0.0607 1.0002 0.4455 3 0.0046 0.00010
-0.50 -0.0386 0.05840 -0.0647 1.0002 0.4618 3 0.0022 0.00007
-0.25 -0.0068 0.05772 -0.0677 1.0002 0.4828 3 0.0029 0.00005
0.00 0.0245 0.05724 -0.0703 1.0002 0.5091 3 0.0008 0.00009
0.25 0.0541 0.05694 -0.0724 1.0002 0.5433 3 0.0005 0.00011
0.50 0.0817 0.05668 -0.0736 1.0002 0.5868 3 0.0013 0.00004
0.75 0.1084 0.05637 -0.0743 1.0002 0.6477 3 0.0003 0.00010
1.00 0.1288 0.05549 -0.0730 1.0002 0.7501 3 0.0006 0.00014
1.25 0.1257 0.05419 -0.0703 1.0002 0.9998 3 0.0029 0.00001
1.50 0.1833 0.05653 -0.0808 1.0002 0.9998 3 0.0005 0.00005
1.75 0.2067 0.05813 -0.0823 1.0002 0.9998 3 0.0003 0.00006
2.00 0.2261 0.05968 -0.0829 1.0002 0.9998 3 0.0003 0.00006
2.25 0.2440 0.06126 -0.0833 1.0002 0.9998 3 0.0003 0.00007
2.50 0.2613 0.06286 -0.0837 1.0002 0.9998 3 0.0004 0.00007
2.75 0.2781 0.06451 -0.0840 1.0002 0.9998 3 0.0004 0.00007
3.00 0.2945 0.06619 -0.0843 1.0002 0.9998 3 0.0004 0.00007
3.25 0.3106 0.06792 -0.0846 1.0002 0.9998 3 0.0004 0.00007
3.50 0.3264 0.06969 -0.0849 1.0002 0.9998 3 0.0005 0.00007
3.75 0.3419 0.07150 -0.0852 1.0002 0.9998 3 0.0005 0.00008
4.00 0.3571 0.07335 -0.0855 1.0002 0.9998 3 0.0005 0.00008
4.25 0.3721 0.07525 -0.0858 1.0002 0.9998 3 0.0005 0.00008
4.50 0.3869 0.07720 -0.0861 1.0002 0.9998 3 0.0006 0.00009
4.75 0.4014 0.07919 -0.0864 1.0002 0.9998 3 0.0006 0.00009
5.00 0.4156 0.08123 -0.0868 1.0002 0.9998 3 0.0007 0.00009
5.25 0.4297 0.08331 -0.0871 1.0002 0.9998 3 0.0007 0.00010
5.50 0.4434 0.08544 -0.0875 1.0002 0.9998 3 0.0007 0.00010
5.75 0.4570 0.08762 -0.0879 1.0002 0.9998 3 0.0008 0.00011
6.00 0.4703 0.08984 -0.0883 1.0002 0.9998 3 0.0009 0.00011
6.25 0.4834 0.09212 -0.0887 1.0002 0.9998 3 0.0009 0.00012
6.50 0.4963 0.09444 -0.0892 1.0002 0.9998 3 0.0009 0.00012
6.75 0.5090 0.09682 -0.0897 1.0002 0.9998 3 0.0010 0.00013
7.00 0.5215 0.09924 -0.0902 1.0002 0.9998 3 0.0010 0.00014
7.25 0.5337 0.10171 -0.0907 1.0002 0.9998 3 0.0011 0.00014
7.50 0.5457 0.10422 -0.0912 1.0002 0.9998 3 0.0012 0.00016
7.75 0.5576 0.10679 -0.0918 1.0002 0.9998 3 0.0013 0.00018
8.00 0.5693 0.10940 -0.0924 1.0002 0.9998 3 0.0013 0.00019
8.25 0.5807 0.11207 -0.0931 1.0002 0.9998 3 0.0015 0.00020
8.50 0.5921 0.11478 -0.0938 1.0002 0.9998 3 0.0017 0.00022
8.75 0.6032 0.11754 -0.0945 1.0002 0.9998 3 0.0018 0.00024
9.00 0.6142 0.12034 -0.0952 1.0002 0.9998 3 0.0020 0.00027
9.25 0.6250 0.12319 -0.0960 1.0002 0.9998 3 0.0021 0.00030
9.50 0.6356 0.12608 -0.0969 1.0002 0.9998 3 0.0023 0.00033
9.75 0.6527 0.12984 -0.0992 0.9954 0.9998 3 0.0010 0.00050
10.00 0.6792 0.13449 -0.1036 0.9812 0.9998 3 0.0059 0.00165
10.25 0.6979 0.13866 -0.1065 0.9661 0.9998 3 0.0065 0.00141
10.50 0.7124 0.14195 -0.1084 0.9500 0.9998 3 0.0041 0.00036
10.75 0.7311 0.14597 -0.1111 0.9335 0.9998 3 0.0097 0.00076
11.00 0.7473 0.14918 -0.1132 0.9183 0.9998 3 0.0104 0.00249
11.25 0.7605 0.15280 -0.1148 0.9024 0.9998 3 0.0111 0.00086
11.50 0.7748 0.15602 -0.1165 0.8852 0.9998 3 0.0059 0.00066
11.75 0.7937 0.15971 -0.1191 0.8689 0.9998 3 0.0090 0.00104
12.00 0.8051 0.16317 -0.1203 0.8531 0.9998 3 0.0072 0.00115
12.25 0.8155 0.16612 -0.1213 0.8360 0.9998 3 0.0064 0.00100
12.50 0.8334 0.17055 -0.1237 0.8182 0.9998 3 0.0095 0.00062
12.75 0.8454 0.17408 -0.1250 0.8020 0.9998 3 0.0028 0.00249
13.00 0.8593 0.17659 -0.1266 0.7843 0.9998 3 0.0085 0.00278
13.25 0.8742 0.18198 -0.1284 0.7655 0.9998 3 0.0012 0.00394
13.50 0.8824 0.18386 -0.1292 0.7493 0.9998 3 0.0037 0.00387
13.75 0.8920 0.18699 -0.1303 0.7304 0.9998 3 0.0090 0.00187
14.00 0.9078 0.19147 -0.1322 0.7125 0.9998 3 0.0116 0.00190
14.25 0.9139 0.19369 -0.1329 0.6949 0.9998 3 0.0099 0.00200
14.50 0.9318 0.19778 -0.1349 0.6762 0.9998 3 0.0134 0.00246
14.75 0.9385 0.20144 -0.1358 0.6582 0.9998 3 0.0140 0.00110
15.00 0.9470 0.20412 -0.1368 0.6410 0.9998 3 0.0096 0.00257
15.25 0.9660 0.20940 -0.1389 0.6221 0.9998 3 0.0124 0.00298
15.50 0.9713 0.21242 -0.1397 0.6075 0.9998 3 0.0084 0.00344
15.75 0.9783 0.21468 -0.1407 0.5912 0.9998 3 0.0127 0.00205
16.00 0.9880 0.21797 -0.1420 0.5760 0.9998 3 0.0109 0.00302
