alpha cl cd cm xtrs xtri npts dcl dcd biest clalt cdalt
-6.00 -0.3224 0.09118 -0.0471 0.9690 0.1018 9 0.0031 0.00050 0 -0.3224 0.09118
-5.75 -0.3010 0.08627 -0.0539 0.9599 0.1006 9 0.0005 0.00070 0 -0.3010 0.08627
-5.50 -0.2770 0.08133 -0.0607 0.9518 0.1014 9 0.0008 0.00024 0 -0.2770 0.08133
-5.25 -0.2489 0.07620 -0.0681 0.9438 0.1016 9 0.0004 0.00037 0 -0.2489 0.07620
-5.00 -0.2191 0.07096 -0.0756 0.9348 0.1028 9 0.0040 0.00147 0 -0.2191 0.07096
-4.75 -0.1850 0.06499 -0.0843 0.9272 0.1047 9 0.0104 0.00307 0 -0.1850 0.06499
-4.50 -0.1555 0.06199 -0.0879 0.9191 0.1075 9 0.0050 0.00058 0 -0.1555 0.06199
-4.25 -0.1173 0.05785 -0.0942 0.9114 0.1111 9 0.0034 0.00162 0 -0.1173 0.05785
-4.00 -0.0792 0.05429 -0.0993 0.9046 0.1156 9 0.0052 0.00080 0 -0.0792 0.05429
-3.75 -0.0416 0.05114 -0.1041 0.8965 0.1213 9 0.0043 0.00086 0 -0.0416 0.05114
-3.50 -0.0068 0.04887 -0.1073 0.8885 0.1273 9 0.0031 0.00047 0 -0.0068 0.04887
-3.25 0.0363 0.04627 -0.1118 0.8819 0.1357 9 0.0044 0.00021 0 0.0363 0.04627
-3.00 0.0669 0.04503 -0.1133 0.8728 0.1436 9 0.0060 0.00060 0 0.0669 0.04503
-2.75 0.1033 0.04369 -0.1157 0.8652 0.1534 9 0.0008 0.00010 0 0.1033 0.04369
-2.50 0.1370 0.04265 -0.1174 0.8571 0.1644 9 0.0022 0.00008 0 0.1370 0.04265
-2.25 0.1705 0.04188 -0.1188 0.8485 0.1763 9 0.0080 0.00027 0 0.1705 0.04188
-2.00 0.2063 0.04114 -0.1205 0.8414 0.1920 9 0.0089 0.00026 0 0.2063 0.04114
-1.75 0.2363 0.04074 -0.1212 0.8322 0.2071 9 0.0009 0.00001 0 0.2363 0.04074
-1.50 0.2661 0.04042 -0.1218 0.8233 0.2253 9 0.0024 0.00008 0 0.2661 0.04042
-1.25 0.3008 0.04000 -0.1231 0.8161 0.2477 9 0.0040 0.00013 0 0.3008 0.04000
-1.00 0.3292 0.03979 -0.1235 0.8071 0.2707 9 0.0072 0.00027 0 0.3292 0.03979
-0.75 0.3605 0.03950 -0.1242 0.7993 0.2994 9 0.0044 0.00016 0 0.3605 0.03950
-0.50 0.3878 0.03935 -0.1244 0.7908 0.3317 9 0.0076 0.00029 0 0.3878 0.03935
-0.25 0.4175 0.03906 -0.1249 0.7830 0.3739 9 0.0041 0.00016 0 0.4175 0.03906
0.00 0.4469 0.03865 -0.1254 0.7753 0.4332 9 0.0083 0.00041 0 0.4469 0.03865
0.25 0.4705 0.03783 -0.1244 0.7676 0.5847 9 0.0013 0.00006 0 0.4705 0.03783
0.50 0.4843 0.03760 -0.1215 0.7573 0.9998 7 0.0038 0.00014 0 0.4843 0.03760
0.75 0.5180 0.03792 -0.1225 0.7504 0.9998 9 0.0059 0.00023 0 0.5180 0.03792
1.00 0.5413 0.03861 -0.1221 0.7416 0.9998 9 0.0120 0.00051 0 0.5413 0.03861
1.25 0.5686 0.03914 -0.1223 0.7340 0.9998 9 0.0078 0.00035 0 0.5686 0.03914
1.50 0.5898 0.03995 -0.1217 0.7251 0.9998 9 0.0117 0.00057 0 0.5898 0.03995
1.75 0.6132 0.04068 -0.1214 0.7167 0.9998 9 0.0067 0.00033 0 0.6132 0.04068
2.00 0.6347 0.04152 -0.1209 0.7083 0.9998 12 0.0137 0.00072 0 0.6347 0.04152
2.25 0.6637 0.04196 -0.1211 0.7019 0.9998 9 0.0012 0.00005 0 0.6637 0.04196
2.50 0.6791 0.04317 -0.1200 0.6924 0.9998 9 0.0052 0.00030 0 0.6791 0.04317
2.75 0.7076 0.04364 -0.1201 0.6859 0.9998 9 0.0102 0.00060 0 0.7076 0.04364
3.00 0.7244 0.04480 -0.1192 0.6775 0.9998 9 0.0135 0.00085 0 0.7244 0.04480
3.25 0.7466 0.04566 -0.1188 0.6701 0.9998 9 0.0054 0.00035 0 0.7466 0.04566
3.50 0.7632 0.04690 -0.1179 0.6620 0.9998 9 0.0107 0.00071 0 0.7632 0.04690
3.75 0.7846 0.04785 -0.1175 0.6543 0.9998 9 0.0147 0.00099 0 0.7846 0.04785
4.00 0.8068 0.04872 -0.1170 0.6480 0.9998 9 0.0153 0.00106 0 0.8068 0.04872
4.25 0.8192 0.05031 -0.1159 0.6389 0.9998 9 0.0006 0.00004 0 0.8192 0.05031
4.50 0.8361 0.05160 -0.1151 0.6313 0.9998 7 0.0023 0.00018 0 0.8361 0.05160
4.75 0.8576 0.05257 -0.1146 0.6244 0.9998 9 0.0105 0.00078 0 0.8576 0.05257
5.00 0.8720 0.05407 -0.1137 0.6165 0.9998 9 0.0196 0.00147 0 0.8720 0.05407
5.25 0.8838 0.05579 -0.1126 0.6080 0.9998 9 0.0138 0.00107 0 0.8838 0.05579
5.50 0.9137 0.05612 -0.1126 0.6029 0.9998 9 0.0157 0.00125 0 0.9137 0.05612
5.75 0.9133 0.05884 -0.1109 0.5923 0.9998 7 0.0111 0.00089 0 0.9133 0.05884
6.00 0.9326 0.06001 -0.1102 0.5853 0.9998 9 0.0133 0.00110 0 0.9326 0.06001
6.25 0.9371 0.06239 -0.1089 0.5756 0.9998 9 0.0045 0.00036 0 0.9371 0.06239
6.50 0.9666 0.06271 -0.1087 0.5707 0.9998 9 0.0004 0.00005 0 0.9666 0.06271
6.75 0.9666 0.06552 -0.1073 0.5602 0.9998 9 0.0114 0.00095 0 0.9666 0.06552
7.00 0.9780 0.06738 -0.1063 0.5521 0.9998 9 0.0183 0.00158 0 0.9780 0.06738
7.25 0.9871 0.06946 -0.1053 0.5434 0.9998 9 0.0151 0.00131 0 0.9871 0.06946
7.50 1.0147 0.06987 -0.1048 0.5376 0.9998 9 0.0171 0.00152 0 1.0147 0.06987
7.75 1.0057 0.07358 -0.1033 0.5259 0.9998 9 0.0132 0.00117 0 1.0057 0.07358
8.00 1.0281 0.07445 -0.1027 0.5193 0.9998 9 0.0154 0.00146 0 1.0281 0.07445
8.25 1.0272 0.07748 -0.1015 0.5087 0.9998 6 0.0019 0.00014 0 1.0272 0.07748
8.50 1.0333 0.07986 -0.1005 0.4993 0.9998 6 0.0055 0.00050 0 1.0333 0.07986
8.75 1.0490 0.08135 -0.0997 0.4915 0.9998 6 0.0094 0.00089 0 1.0490 0.08135
9.00 1.0559 0.08361 -0.0987 0.4818 0.9998 6 0.0235 0.00229 0 1.0559 0.08361
9.25 1.0713 0.08504 -0.0978 0.4735 0.9998 6 0.0143 0.00144 0 1.0713 0.08504
9.50 1.0768 0.08751 -0.0969 0.4637 0.9998 6 0.0252 0.00259 0 1.0768 0.08751
9.75 1.0868 0.08940 -0.0959 0.4543 0.9998 6 0.0149 0.00165 0 1.0868 0.08940
10.00 1.0859 0.09250 -0.0950 0.4429 0.9998 6 0.0022 0.00017 0 1.0859 0.09250
10.25 1.0880 0.09526 -0.0942 0.4319 0.9998 6 0.0114 0.00121 0 1.0880 0.09526
10.50 1.0998 0.09693 -0.0933 0.4223 0.9998 6 0.0183 0.00216 0 1.0998 0.09693
10.75 1.1066 0.09909 -0.0923 0.4115 0.9998 6 0.0208 0.00243 0 1.1066 0.09909
11.00 1.1141 0.10111 -0.0916 0.4006 0.9998 6 0.0228 0.00275 0 1.1141 0.10111
11.25 1.1270 0.10234 -0.0903 0.3903 0.9998 6 0.0134 0.00181 0 1.1270 0.10234
11.50 1.1310 0.10464 -0.0894 0.3782 0.9998 6 0.0038 0.00038 0 1.1310 0.10464
11.75 1.1367 0.10666 -0.0885 0.3660 0.9998 6 0.0193 0.00256 0 1.1367 0.10666
12.00 1.1415 0.10879 -0.0879 0.3534 0.9998 6 0.0155 0.00219 0 1.1415 0.10879
12.25 1.1462 0.11082 -0.0871 0.3402 0.9998 6 0.0162 0.00239 0 1.1462 0.11082
12.50 1.1598 0.11137 -0.0853 0.3281 0.9998 6 0.0047 0.00068 0 1.1598 0.11137
12.75 1.1764 0.11107 -0.0837 0.3155 0.9998 6 0.0070 0.00099 0 1.1764 0.11107
13.00 1.1705 0.11478 -0.0837 0.2998 0.9998 6 0.0074 0.00147 0 1.1705 0.11478
13.25 1.1815 0.11506 -0.0820 0.2860 0.9998 6 0.0177 0.00323 0 1.1815 0.11506
13.50 1.1889 0.11646 -0.0817 0.2709 0.9998 6 0.0048 0.00109 0 1.1889 0.11646
13.75 1.2037 0.11586 -0.0795 0.2567 0.9998 6 0.0111 0.00195 0 1.2037 0.11586
14.00 1.2176 0.11564 -0.0781 0.2414 0.9998 4 0.0089 0.00210 0 1.2176 0.11564
14.25 1.2312 0.11513 -0.0759 0.2256 0.9998 6 0.0271 0.00562 0 1.2312 0.11513
14.50 1.2450 0.11513 -0.0748 0.2091 0.9998 6 0.0064 0.00181 0 1.2450 0.11513
14.75 1.2549 0.11568 -0.0737 0.1932 0.9998 6 0.0027 0.00036 0 1.2549 0.11568
15.00 1.2613 0.11730 -0.0726 0.1782 0.9998 6 0.0177 0.00365 0 1.2613 0.11730
15.25 1.2691 0.11883 -0.0724 0.1643 0.9998 6 0.0045 0.00056 0 1.2691 0.11883
15.50 1.2772 0.12070 -0.0720 0.1521 0.9998 6 0.0021 0.00076 0 1.2772 0.12070
15.75 1.2725 0.12485 -0.0730 0.1426 0.9998 6 0.0177 0.00347 0 1.2725 0.12485
16.00 1.2692 0.12920 -0.0742 0.1344 0.9998 6 0.0158 0.00311 0 1.2692 0.12920
