x y
0.077157 0.027929
0.071924 0.026676
0.066856 0.025448
0.061955 0.024245
0.057223 0.023070
0.052662 0.021924
0.048274 0.020809
0.044060 0.019725
0.040023 0.018675
0.036163 0.017657
0.032484 0.016673
0.028988 0.015720
0.025676 0.014799
0.022551 0.013905
0.019616 0.013035
0.016873 0.012184
0.014326 0.011347
0.011978 0.010517
0.009832 0.009688
0.007891 0.008854
0.006157 0.008008
0.004634 0.007148
0.003322 0.006270
0.002222 0.005376
0.001334 0.004466
0.000656 0.003549
0.000188 0.002631
-0.000075 0.001724
-0.000136 0.000842
0.000000 0.000000
0.000329 -0.000787
0.000846 -0.001504
0.001547 -0.002136
0.002426 -0.002670
0.003482 -0.003095
0.004710 -0.003403
0.006109 -0.003591
0.007678 -0.003655
0.009416 -0.003598
0.011324 -0.003423
0.013402 -0.003136
0.015652 -0.002743
0.018075 -0.002255
0.020672 -0.001678
0.023444 -0.001022
0.026393 -0.000295
0.029518 0.000496
0.032821 0.001345
0.036301 0.002246
0.039957 0.003193
0.043789 0.004184
0.047797 0.005215
0.051978 0.006283
0.056331 0.007385
0.060855 0.008519
0.065549 0.009684
0.070410 0.010876
0.075436 0.012094
