x cp
1.00000 -0.0819
0.99344 -0.0831
0.98270 -0.0879
0.97020 -0.0963
0.95728 -0.1076
0.94423 -0.1218
0.93111 -0.1387
0.91794 -0.1583
0.90470 -0.1802
0.89141 -0.2038
0.87807 -0.2286
0.86467 -0.2536
0.85114 -0.2778
0.83729 -0.3008
0.82335 -0.3243
0.80937 -0.3479
0.79538 -0.3714
0.78136 -0.3946
0.76733 -0.4174
0.75329 -0.4396
0.73922 -0.4612
0.72515 -0.4822
0.71106 -0.5023
0.69696 -0.5218
0.68284 -0.5403
0.66872 -0.5581
0.65458 -0.5750
0.64043 -0.5911
0.62628 -0.6064
0.61212 -0.6209
0.59795 -0.6345
0.58378 -0.6473
0.56960 -0.6593
0.55542 -0.6706
0.54123 -0.6810
0.52704 -0.6907
0.51285 -0.6997
0.49866 -0.7079
0.48447 -0.7154
0.47028 -0.7221
0.45609 -0.7282
0.44190 -0.7335
0.42772 -0.7382
0.41354 -0.7421
0.39937 -0.7452
0.38521 -0.7476
0.37105 -0.7493
0.35689 -0.7503
0.34275 -0.7506
0.32862 -0.7501
0.31449 -0.7489
0.30038 -0.7470
0.28628 -0.7442
0.27219 -0.7406
0.25812 -0.7362
0.24406 -0.7309
0.23002 -0.7245
0.21599 -0.7170
0.20198 -0.7084
0.18799 -0.6983
0.17401 -0.6866
0.16006 -0.6731
0.14612 -0.6580
0.13221 -0.6419
0.11832 -0.6281
0.10446 -0.6263
0.09061 -0.6603
0.07679 -0.7754
0.06301 -1.0217
0.04928 -1.2671
0.03583 -1.3251
0.02376 -1.3900
0.01514 -1.4622
0.00977 -1.5491
0.00624 -1.6812
0.00375 -1.9057
0.00193 -2.2148
0.00069 -2.1989
-0.00002 -1.4983
-0.00027 -0.5471
-0.00014 0.2339
0.00034 0.7636
0.00121 0.9931
0.00249 0.8974
0.00422 0.5984
0.00637 0.3840
0.00904 0.3131
0.01253 0.3164
0.01762 0.3431
0.02582 0.3707
0.03766 0.3872
0.05107 0.3955
0.06478 0.4012
0.07856 0.4061
0.09237 0.4107
0.10621 0.4151
0.12007 0.4193
0.13395 0.4233
0.14786 0.4269
0.16179 0.4304
0.17574 0.4336
0.18971 0.4365
0.20369 0.4392
0.21770 0.4417
0.23172 0.4439
0.24576 0.4459
0.25982 0.4477
0.27389 0.4492
0.28797 0.4506
0.30207 0.4517
0.31618 0.4527
0.33030 0.4534
0.34443 0.4539
0.35857 0.4542
0.37272 0.4543
0.38687 0.4542
0.40104 0.4539
0.41521 0.4534
0.42938 0.4527
0.44356 0.4518
0.45774 0.4506
0.47193 0.4492
0.48612 0.4476
0.50030 0.4457
0.51449 0.4436
0.52868 0.4412
0.54286 0.4386
0.55704 0.4357
0.57122 0.4325
0.58540 0.4290
0.59957 0.4252
0.61373 0.4210
0.62789 0.4164
0.64204 0.4115
0.65617 0.4062
0.67030 0.4004
0.68442 0.3941
0.69853 0.3873
0.71263 0.3800
0.72671 0.3719
0.74078 0.3632
0.75484 0.3537
0.76888 0.3432
0.78290 0.3316
0.79690 0.3188
0.81089 0.3044
0.82486 0.2881
0.83882 0.2693
0.85286 0.2459
0.86710 0.2214
0.88139 0.1970
0.89569 0.1723
0.91000 0.1469
0.92432 0.1204
0.93864 0.0919
0.95296 0.0604
0.96724 0.0237
0.98113 -0.0200
0.99297 -0.0708
1.00000 -0.0819
