x y
1.000247 0.001236
1.000153 0.001268
0.999872 0.001366
0.999403 0.001528
0.998747 0.001755
0.997904 0.002047
0.996875 0.002403
0.995658 0.002822
0.994256 0.003305
0.992668 0.003850
0.990895 0.004457
0.988937 0.005125
0.986795 0.005854
0.984470 0.006642
0.981963 0.007489
0.979273 0.008393
0.976403 0.009354
0.973353 0.010370
0.970124 0.011440
0.966716 0.012563
0.963132 0.013738
0.959373 0.014962
0.955439 0.016236
0.951331 0.017556
0.947052 0.018922
0.942603 0.020333
0.937984 0.021786
0.933198 0.023280
0.928247 0.024813
0.923131 0.026383
0.917853 0.027989
0.912414 0.029628
0.906816 0.031300
0.901061 0.033002
0.895152 0.034732
0.889090 0.036488
0.882876 0.038269
0.876514 0.040072
0.870006 0.041896
0.863354 0.043738
0.856559 0.045596
0.849625 0.047469
0.842554 0.049355
0.835349 0.051251
0.828011 0.053155
0.820545 0.055066
0.812951 0.056982
0.805234 0.058899
0.797395 0.060818
0.789438 0.062734
0.781366 0.064647
0.773181 0.066555
0.764886 0.068455
0.756486 0.070346
0.747981 0.072225
0.739377 0.074091
0.730675 0.075941
0.721880 0.077775
0.712994 0.079589
0.704021 0.081383
0.694964 0.083154
0.685827 0.084900
0.676613 0.086621
0.667325 0.088313
0.657967 0.089975
0.648543 0.091606
0.639057 0.093204
0.629511 0.094767
0.619910 0.096294
0.610257 0.097782
0.600557 0.099232
0.590812 0.100640
0.581027 0.102006
0.571206 0.103328
0.561352 0.104605
0.551469 0.105835
0.541562 0.107018
0.531633 0.108151
0.521688 0.109234
0.511730 0.110265
0.501764 0.111244
0.491792 0.112169
0.481820 0.113040
0.471851 0.113855
0.461889 0.114614
0.451939 0.115315
0.442004 0.115958
0.432089 0.116543
0.422198 0.117068
0.412334 0.117532
0.402502 0.117937
0.392533 0.118269
0.382542 0.118500
0.372595 0.118629
0.362696 0.118657
0.352848 0.118584
0.343058 0.118411
0.333329 0.118138
0.323667 0.117766
0.314074 0.117297
0.304558 0.116731
0.295120 0.116070
0.285767 0.115315
0.276502 0.114468
0.267330 0.113531
0.258255 0.112504
0.249282 0.111392
0.240414 0.110194
0.231656 0.108914
0.223012 0.107554
0.214485 0.106115
0.206081 0.104602
0.197802 0.103016
0.189652 0.101359
0.181636 0.099635
0.173757 0.097847
0.166017 0.095997
0.158422 0.094088
0.150973 0.092123
0.143675 0.090106
0.136530 0.088040
0.129541 0.085928
0.122712 0.083772
0.116046 0.081577
0.109544 0.079345
0.103210 0.077081
0.097046 0.074786
0.091055 0.072465
0.085239 0.070121
0.079600 0.067757
0.074140 0.065376
0.068861 0.062982
0.063766 0.060578
0.058855 0.058167
0.054131 0.055752
0.049595 0.053336
0.045249 0.050923
0.041094 0.048515
0.037131 0.046115
0.033362 0.043727
0.029787 0.041352
0.026408 0.038993
0.023225 0.036653
0.020240 0.034335
0.017452 0.032041
0.014863 0.029772
0.012473 0.027532
0.010282 0.025321
0.008292 0.023143
0.006501 0.020998
0.004910 0.018889
0.003520 0.016817
0.002331 0.014783
0.001341 0.012788
0.000552 0.010834
-0.000038 0.008921
-0.000428 0.007050
-0.000618 0.005222
-0.000610 0.003438
-0.000404 0.001697
0.000000 0.000000
0.000597 -0.001639
0.001381 -0.003207
0.002353 -0.004703
0.003510 -0.006127
0.004853 -0.007481
0.006380 -0.008763
0.008090 -0.009976
0.009981 -0.011118
0.012053 -0.012190
0.014304 -0.013194
0.016733 -0.014129
0.019338 -0.014997
0.022119 -0.015798
0.025072 -0.016533
0.028197 -0.017202
0.031491 -0.017807
0.034954 -0.018348
0.038583 -0.018827
0.042377 -0.019245
0.046333 -0.019602
0.050450 -0.019900
0.054726 -0.020140
0.059158 -0.020324
0.063744 -0.020453
0.068484 -0.020527
0.073373 -0.020549
0.078411 -0.020520
0.083594 -0.020442
0.088922 -0.020315
0.094391 -0.020143
0.099999 -0.019925
0.105744 -0.019665
0.111624 -0.019364
0.117637 -0.019023
0.123779 -0.018645
0.130050 -0.018231
0.136446 -0.017783
0.142965 -0.017304
0.149605 -0.016794
0.156363 -0.016257
0.163238 -0.015694
0.170226 -0.015108
0.177326 -0.014500
0.184535 -0.013872
0.191850 -0.013227
0.199270 -0.012568
0.206792 -0.011895
0.214413 -0.011211
0.222131 -0.010519
0.229944 -0.009821
0.237850 -0.009119
0.245845 -0.008415
0.253929 -0.007711
0.262097 -0.007011
0.270348 -0.006315
0.278679 -0.005626
0.287089 -0.004947
0.295573 -0.004280
0.304131 -0.003626
0.312759 -0.002988
0.321455 -0.002369
0.330216 -0.001769
0.339041 -0.001192
0.347925 -0.000639
0.356867 -0.000113
0.365864 0.000386
0.374913 0.000854
0.384012 0.001290
0.393158 0.001693
0.402407 0.002061
0.411870 0.002419
0.421368 0.002774
0.430899 0.003127
0.440458 0.003475
0.450044 0.003818
0.459652 0.004155
0.469278 0.004485
0.478920 0.004807
0.488574 0.005120
0.498236 0.005422
0.507903 0.005715
0.517572 0.005996
0.527237 0.006265
0.536898 0.006521
0.546548 0.006764
0.556186 0.006993
0.565807 0.007207
0.575407 0.007407
0.584984 0.007591
0.594534 0.007760
0.604052 0.007913
0.613535 0.008050
0.622980 0.008171
0.632384 0.008275
0.641741 0.008362
0.651050 0.008433
0.660305 0.008488
0.669504 0.008526
0.678644 0.008547
0.687719 0.008553
0.696728 0.008542
0.705666 0.008516
0.714529 0.008474
0.723315 0.008417
0.732020 0.008345
0.740640 0.008258
0.749172 0.008158
0.757612 0.008045
0.765957 0.007918
0.774204 0.007779
0.782350 0.007628
0.790390 0.007465
0.798322 0.007292
0.806143 0.007109
0.813849 0.006916
0.821437 0.006715
0.828904 0.006505
0.836246 0.006288
0.843462 0.006064
0.850548 0.005834
0.857500 0.005598
0.864316 0.005358
0.870994 0.005114
0.877530 0.004866
0.883921 0.004616
0.890165 0.004364
0.896259 0.004111
0.902201 0.003857
0.907988 0.003603
0.913617 0.003350
0.919086 0.003099
0.924394 0.002850
0.929536 0.002603
0.934512 0.002360
0.939319 0.002121
0.943954 0.001886
0.948417 0.001657
0.952705 0.001433
0.956815 0.001215
0.960747 0.001004
0.964499 0.000800
0.968068 0.000603
0.971453 0.000415
0.974654 0.000235
0.977667 0.000064
0.980493 -0.000097
0.983129 -0.000250
0.985575 -0.000392
0.987829 -0.000524
0.989891 -0.000645
0.991759 -0.000756
0.993432 -0.000855
0.994911 -0.000944
0.996194 -0.001021
0.997280 -0.001086
0.998170 -0.001140
0.998862 -0.001182
0.999357 -0.001212
0.999654 -0.001230
0.999753 -0.001236
