alpha cl cd cm xtrs xtri npan dcl dcd
-6.00 -0.6862 0.01958 0.0008 1.0000 0.2211 3 0.0000 0.00001
-5.75 -0.6682 0.01874 0.0025 1.0000 0.2520 3 0.0001 0.00001
-5.50 -0.6503 0.01798 0.0042 1.0000 0.2868 3 0.0001 0.00000
-5.25 -0.6323 0.01732 0.0060 1.0000 0.3257 3 0.0002 0.00001
-5.00 -0.6140 0.01675 0.0077 1.0000 0.3664 3 0.0001 0.00001
-4.75 -0.5953 0.01627 0.0094 1.0000 0.4070 3 0.0003 0.00001
-4.50 -0.5761 0.01585 0.0111 1.0000 0.4471 3 0.0003 0.00000
-4.25 -0.5564 0.01550 0.0128 1.0000 0.4864 3 0.0003 0.00000
-4.00 -0.5365 0.01519 0.0145 1.0000 0.5244 3 0.0003 0.00000
-3.75 -0.5162 0.01492 0.0162 1.0000 0.5618 3 0.0004 0.00001
-3.50 -0.4956 0.01471 0.0179 1.0000 0.5988 3 0.0005 0.00001
-3.25 -0.4751 0.01453 0.0196 1.0000 0.6355 3 0.0004 0.00000
-3.00 -0.4543 0.01440 0.0214 1.0000 0.6714 2 0.0002 0.00000
-2.75 -0.4338 0.01432 0.0232 1.0000 0.7063 3 0.0005 0.00001
-2.50 -0.4135 0.01429 0.0252 1.0000 0.7415 3 0.0006 0.00000
-2.25 -0.3932 0.01434 0.0273 1.0000 0.7749 3 0.0007 0.00001
-2.00 -0.3736 0.01444 0.0294 1.0000 0.8092 3 0.0008 0.00001
-1.75 -0.3532 0.01464 0.0316 1.0000 0.8414 3 0.0008 0.00001
-1.50 -0.3315 0.01490 0.0335 1.0000 0.8746 3 0.0009 0.00002
-1.25 -0.3017 0.01528 0.0337 1.0000 0.9054 3 0.0009 0.00003
-1.00 -0.2583 0.01573 0.0310 1.0000 0.9324 3 0.0017 0.00000
-0.75 -0.2021 0.01620 0.0255 1.0000 0.9547 3 0.0002 0.00001
-0.50 -0.1333 0.01658 0.0172 1.0000 0.9705 3 0.0013 0.00002
-0.25 -0.0647 0.01682 0.0085 1.0000 0.9864 3 0.0001 0.00002
0.00 0.0000 0.01693 0.0000 1.0000 1.0000 3 0.0000 0.00001
0.25 0.0647 0.01682 -0.0085 0.9864 1.0000 3 0.0001 0.00002
0.50 0.1332 0.01658 -0.0172 0.9705 1.0000 3 0.0013 0.00002
0.75 0.2021 0.01619 -0.0255 0.9548 1.0000 3 0.0003 0.00002
1.00 0.2583 0.01573 -0.0310 0.9324 1.0000 3 0.0016 0.00001
1.25 0.3017 0.01527 -0.0337 0.9054 1.0000 3 0.0009 0.00003
1.50 0.3314 0.01490 -0.0335 0.8746 1.0000 3 0.0010 0.00002
1.75 0.3531 0.01463 -0.0316 0.8414 1.0000 3 0.0009 0.00001
2.00 0.3735 0.01444 -0.0294 0.8092 1.0000 3 0.0009 0.00001
2.25 0.3931 0.01433 -0.0272 0.7749 1.0000 3 0.0007 0.00001
2.50 0.4135 0.01429 -0.0251 0.7415 1.0000 3 0.0006 0.00000
2.75 0.4337 0.01432 -0.0232 0.7064 1.0000 3 0.0006 0.00001
3.00 0.4543 0.01440 -0.0213 0.6712 1.0000 3 0.0004 0.00001
3.25 0.4750 0.01453 -0.0196 0.6355 1.0000 3 0.0004 0.00000
3.50 0.4956 0.01470 -0.0179 0.5988 1.0000 3 0.0005 0.00000
3.75 0.5161 0.01492 -0.0162 0.5619 1.0000 3 0.0004 0.00000
4.00 0.5364 0.01519 -0.0145 0.5245 1.0000 3 0.0003 0.00000
4.25 0.5564 0.01550 -0.0128 0.4865 1.0000 3 0.0003 0.00001
4.50 0.5760 0.01585 -0.0111 0.4472 1.0000 3 0.0002 0.00001
4.75 0.5952 0.01626 -0.0094 0.4071 1.0000 3 0.0003 0.00000
5.00 0.6139 0.01675 -0.0077 0.3665 1.0000 3 0.0001 0.00001
5.25 0.6323 0.01732 -0.0060 0.3258 1.0000 3 0.0002 0.00001
5.50 0.6502 0.01798 -0.0042 0.2869 1.0000 3 0.0001 0.00000
5.75 0.6681 0.01874 -0.0025 0.2521 1.0000 3 0.0001 0.00001
6.00 0.6862 0.01958 -0.0008 0.2211 1.0000 3 0.0001 0.00001
6.25 0.7045 0.02048 0.0008 0.1962 1.0000 3 0.0003 0.00007
6.50 0.7235 0.02143 0.0023 0.1761 1.0000 3 0.0000 0.00001
6.75 0.7430 0.02240 0.0038 0.1592 1.0000 3 0.0000 0.00005
7.00 0.7631 0.02346 0.0051 0.1456 1.0000 3 0.0002 0.00008
7.25 0.7838 0.02455 0.0063 0.1342 1.0000 3 0.0003 0.00016
7.50 0.8049 0.02574 0.0074 0.1245 1.0000 3 0.0003 0.00010
7.75 0.8262 0.02707 0.0085 0.1164 1.0000 3 0.0011 0.00016
8.00 0.8491 0.02853 0.0092 0.1096 1.0000 3 0.0010 0.00042
8.25 0.8683 0.02987 0.0107 0.1033 1.0000 3 0.0018 0.00043
8.50 0.8895 0.03151 0.0117 0.0984 1.0000 3 0.0022 0.00018
8.75 0.9077 0.03325 0.0130 0.0938 1.0000 3 0.0040 0.00082
9.00 0.9272 0.03500 0.0142 0.0899 1.0000 3 0.0063 0.00066
9.25 0.9426 0.03719 0.0157 0.0867 1.0000 3 0.0040 0.00053
9.50 0.9588 0.03958 0.0166 0.0839 1.0000 3 0.0074 0.00107
9.75 0.9690 0.04189 0.0190 0.0818 1.0000 3 0.0079 0.00123
10.00 0.9778 0.04458 0.0209 0.0799 1.0000 3 0.0186 0.00134
10.25 0.9841 0.04783 0.0226 0.0783 1.0000 3 0.0324 0.00251
10.50 0.9785 0.05154 0.0252 0.0774 1.0000 3 0.0329 0.00235
10.75 0.9683 0.05557 0.0276 0.0770 1.0000 3 0.0351 0.00249
11.00 0.9513 0.05994 0.0299 0.0772 1.0000 3 0.0457 0.00295
11.25 0.9278 0.06422 0.0321 0.0777 1.0000 3 0.0611 0.00369
11.50 0.9023 0.06891 0.0329 0.0783 1.0000 3 0.0760 0.00605
11.75 0.8788 0.07434 0.0317 0.0789 1.0000 3 0.0919 0.00975
12.00 0.8319 0.08459 0.0255 0.0810 1.0000 2 0.0592 0.00882
12.50 0.6435 0.14171 -0.0163 0.1461 1.0000 2 0.0072 0.00082
14.25 0.5099 0.16083 -0.0095 0.1276 1.0000 2 0.0108 0.00326
14.50 0.5193 0.16375 -0.0094 0.1239 1.0000 2 0.0051 0.00187
14.75 0.5454 0.16976 -0.0084 0.1211 1.0000 2 0.0197 0.00306
15.00 0.5104 0.16763 -0.0113 0.1189 1.0000 2 0.0148 0.00344
15.25 0.5072 0.16915 -0.0123 0.1143 1.0000 2 0.0108 0.00306
15.50 0.5213 0.17329 -0.0129 0.1113 1.0000 1 0.0000 0.00000
15.75 0.5482 0.17972 -0.0110 0.1091 1.0000 2 0.0101 0.00095
16.00 0.5186 0.17727 -0.0140 0.1076 1.0000 2 0.0042 0.00061
