alpha cl cd cm ld phi
-6.00 -0.3757 0.10562 -0.0204 -3.56 nan
-5.75 -0.3705 0.10243 -0.0193 -3.62 nan
-5.50 -0.3667 0.09983 -0.0190 -3.67 nan
-5.25 -0.3590 0.09713 -0.0201 -3.70 nan
-5.00 -0.3498 0.09482 -0.0220 -3.69 nan
-4.75 -0.3368 0.09177 -0.0245 -3.67 nan
-4.50 -0.3172 0.09042 -0.0300 -3.51 nan
-4.25 -0.3085 0.08660 -0.0273 -3.56 nan
-4.00 -0.2968 0.08362 -0.0303 -3.55 nan
-3.75 -0.2700 0.08099 -0.0365 -3.33 nan
-3.50 -0.2554 0.07818 -0.0376 -3.27 nan
-3.25 -0.2305 0.07493 -0.0419 -3.08 nan
-3.00 -0.2032 0.07228 -0.0465 -2.81 nan
-2.75 -0.1747 0.06958 -0.0512 -2.51 nan
-2.50 -0.1408 0.06666 -0.0578 -2.11 nan
-2.25 -0.1080 0.06360 -0.0628 -1.70 nan
-2.00 -0.0836 0.06141 -0.0654 -1.36 nan
-1.75 -0.0556 0.05851 -0.0686 -0.95 nan
-1.50 -0.0174 0.05605 -0.0744 -0.31 nan
-1.25 0.0090 0.05359 -0.0771 0.17 nan
-1.00 0.0329 0.05189 -0.0783 0.63 nan
nan nan nan nan nan nan
-0.50 0.0713 0.04735 -0.0782 1.51 33.588
-0.25 0.0842 0.04330 -0.0738 1.94 27.215
0.00 0.0921 0.04109 -0.0700 2.24 24.044
0.25 0.1070 0.03843 -0.0676 2.78 19.756
0.50 0.1288 0.03604 -0.0670 3.57 15.632
0.75 0.1659 0.03465 -0.0709 4.79 11.797
1.00 0.3950 0.03865 -0.1225 10.22 5.588
1.25 0.4289 0.03785 -0.1241 11.33 5.043
1.50 0.4737 0.03708 -0.1274 12.78 4.476
1.75 0.5077 0.03671 -0.1288 13.83 4.136
2.00 0.5371 0.03659 -0.1295 14.68 3.897
2.25 0.5634 0.03666 -0.1296 15.37 3.723
2.50 0.5901 0.03676 -0.1298 16.05 3.565
2.75 0.6015 0.03708 -0.1272 16.22 3.528
3.00 0.6382 0.03722 -0.1294 17.15 3.338
3.25 0.6640 0.03660 -0.1293 18.14 3.155
3.50 0.6888 0.03776 -0.1299 18.24 3.138
3.75 0.7061 0.03892 -0.1293 18.14 3.155
4.00 0.7232 0.04013 -0.1287 18.02 3.176
4.25 1.0114 0.03130 -0.1467 32.31 1.773
4.50 1.0420 0.03297 -0.1462 31.60 1.812
4.75 1.1254 0.03561 -0.1535 31.60 1.812
5.00 1.1886 0.03902 -0.1574 30.46 1.880
5.25 1.2300 0.04200 -0.1586 29.29 1.956
5.50 1.2618 0.04386 -0.1568 28.77 1.991
5.75 1.2949 0.04673 -0.1557 27.71 2.067
6.00 1.3296 0.05038 -0.1544 26.39 2.170
6.25 1.3607 0.05293 -0.1520 25.71 2.228
6.50 1.3944 0.05635 -0.1501 24.75 2.314
6.75 1.4199 0.06038 -0.1491 23.52 2.435
7.00 1.4229 0.06635 -0.1496 21.45 2.670
7.25 1.3986 0.07289 -0.1493 19.19 2.983
7.50 1.3640 0.07974 -0.1481 17.11 3.346
7.75 1.3209 0.08564 -0.1449 15.42 3.710
8.00 1.2826 0.09241 -0.1458 13.88 4.121
8.25 1.2374 0.10033 -0.1464 12.33 4.635
8.50 1.1838 0.11113 -0.1537 10.65 5.363
8.75 1.1031 0.12247 -0.1626 9.01 6.335
nan nan nan nan nan nan
9.50 1.0837 0.13917 -0.1683 7.79 7.318
9.75 1.0916 0.14367 -0.1683 7.60 7.498
10.00 1.1145 0.14925 -0.1684 7.47 7.627
10.25 1.1092 0.15221 -0.1676 7.29 7.814
10.50 1.1263 0.15652 -0.1661 7.20 7.912
10.75 1.1410 0.16030 -0.1648 7.12 7.997
11.00 1.1509 0.16407 -0.1633 7.01 8.113
11.25 1.1681 0.16774 -0.1607 6.96 8.172
11.50 1.1722 0.17074 -0.1610 6.87 8.287
11.75 1.1759 0.17436 -0.1597 6.74 8.434
12.00 1.1908 0.17786 -0.1603 6.70 8.495
12.25 1.1901 0.18235 -0.1585 6.53 8.711
12.50 1.1987 0.18568 -0.1592 6.46 8.805
12.75 1.0257 0.19253 -0.1431 5.33 10.631
13.00 1.0122 0.19385 -0.1437 5.22 10.842
13.25 1.0251 0.19847 -0.1428 5.17 10.957
13.50 1.0161 0.20044 -0.1436 5.07 11.159
13.75 1.0108 0.20289 -0.1444 4.98 11.350
14.00 1.0091 0.20579 -0.1449 4.90 11.527
14.25 1.0090 0.20894 -0.1455 4.83 11.699
14.50 1.0086 0.21215 -0.1462 4.75 11.878
14.75 1.0091 0.21554 -0.1470 4.68 12.057
15.00 1.0125 0.21939 -0.1474 4.62 12.226
15.25 1.0195 0.22390 -0.1475 4.55 12.387
15.50 1.0092 0.22544 -0.1498 4.48 12.592
15.75 1.0120 0.22937 -0.1505 4.41 12.770
16.00 1.0230 0.23479 -0.1502 4.36 12.926
