x y
1.000000 0.000599
0.999903 0.000623
0.999611 0.000694
0.999125 0.000812
0.998446 0.000977
0.997572 0.001189
0.996505 0.001447
0.995245 0.001752
0.993792 0.002104
0.992148 0.002501
0.990312 0.002944
0.988285 0.003431
0.986069 0.003964
0.983664 0.004541
0.981070 0.005161
0.978290 0.005825
0.975324 0.006530
0.972173 0.007278
0.968838 0.008067
0.965321 0.008895
0.961624 0.009764
0.957747 0.010670
0.953692 0.011614
0.949460 0.012595
0.945054 0.013613
0.940475 0.014669
0.935725 0.015762
0.930805 0.016890
0.925718 0.018049
0.920466 0.019238
0.915050 0.020454
0.909473 0.021692
0.903738 0.022950
0.897846 0.024222
0.891799 0.025520
0.885600 0.026848
0.879251 0.028203
0.872754 0.029585
0.866113 0.030991
0.859329 0.032420
0.852406 0.033868
0.845346 0.035333
0.838151 0.036814
0.830826 0.038306
0.823372 0.039807
0.815792 0.041313
0.808091 0.042821
0.800270 0.044327
0.792332 0.045833
0.784281 0.047350
0.776120 0.048874
0.767851 0.050404
0.759478 0.051937
0.751005 0.053469
0.742434 0.054997
0.733769 0.056517
0.725014 0.058027
0.716172 0.059521
0.707246 0.060996
0.698241 0.062447
0.689158 0.063886
0.680002 0.065326
0.670776 0.066761
0.661483 0.068186
0.652128 0.069595
0.642714 0.070983
0.633245 0.072341
0.623725 0.073664
0.614157 0.074944
0.604547 0.076173
0.594897 0.077345
0.585210 0.078492
0.575490 0.079626
0.565740 0.080740
0.555965 0.081825
0.546169 0.082875
0.536355 0.083881
0.526528 0.084836
0.516692 0.085730
0.506850 0.086554
0.497007 0.087298
0.487166 0.088003
0.477329 0.088704
0.467499 0.089390
0.457682 0.090049
0.447882 0.090667
0.438102 0.091230
0.428347 0.091723
0.418622 0.092131
0.408931 0.092437
0.399277 0.092625
0.389664 0.092717
0.380093 0.092799
0.370567 0.092870
0.361091 0.092923
0.351667 0.092952
0.342301 0.092949
0.332996 0.092908
0.323755 0.092820
0.314583 0.092678
0.305484 0.092474
0.296460 0.092200
0.287516 0.091859
0.278655 0.091461
0.269880 0.091010
0.261194 0.090509
0.252600 0.089962
0.244102 0.089374
0.235703 0.088747
0.227405 0.088088
0.219213 0.087400
0.211128 0.086688
0.203155 0.085956
0.195295 0.085204
0.187558 0.084280
0.179947 0.083152
0.172463 0.081868
0.165109 0.080475
0.157884 0.079026
0.150791 0.077571
0.143830 0.076142
0.137008 0.074660
0.130326 0.073116
0.123788 0.071517
0.117396 0.069873
0.111151 0.068192
0.105057 0.066484
0.099114 0.064758
0.093326 0.063003
0.087696 0.061185
0.082226 0.059320
0.076917 0.057428
0.071771 0.055528
0.066790 0.053620
0.061975 0.051696
0.057329 0.049746
0.052855 0.047759
0.048554 0.045727
0.044428 0.043643
0.040479 0.041510
0.036708 0.039339
0.033116 0.037137
0.029704 0.034913
0.026473 0.032676
0.023425 0.030434
0.020563 0.028113
0.017887 0.025735
0.015396 0.023383
0.013088 0.021140
0.010961 0.019072
0.009020 0.017072
0.007267 0.015109
0.005702 0.013190
0.004326 0.011319
0.003139 0.009501
0.002141 0.007742
0.001333 0.006046
0.000715 0.004419
0.000287 0.002866
0.000049 0.001391
0.000000 0.000000
0.000153 -0.001632
0.000496 -0.003204
0.001029 -0.004717
0.001754 -0.006173
0.002668 -0.007571
0.003772 -0.008914
0.005066 -0.010201
0.006549 -0.011435
0.008221 -0.012616
0.010080 -0.013744
0.012127 -0.014823
0.014360 -0.015844
0.016778 -0.016789
0.019381 -0.017667
0.022166 -0.018494
0.025136 -0.019283
0.028287 -0.020050
0.031620 -0.020795
0.035133 -0.021512
0.038825 -0.022195
0.042692 -0.022836
0.046735 -0.023429
0.050951 -0.023967
0.055339 -0.024451
0.059897 -0.024889
0.064623 -0.025289
0.069517 -0.025659
0.074576 -0.026004
0.079799 -0.026331
0.085183 -0.026635
0.090727 -0.026913
0.096428 -0.027161
0.102283 -0.027374
0.108292 -0.027571
0.114452 -0.027757
0.120760 -0.027925
0.127214 -0.028069
0.133811 -0.028184
0.140548 -0.028264
0.147423 -0.028304
0.154433 -0.028304
0.161576 -0.028294
0.168850 -0.028270
0.176250 -0.028222
0.183775 -0.028140
0.191421 -0.028014
0.199184 -0.027836
0.207062 -0.027614
0.215052 -0.027384
0.223153 -0.027145
0.231361 -0.026899
0.239672 -0.026646
0.248084 -0.026385
0.256593 -0.026117
0.265196 -0.025841
0.273890 -0.025558
0.282670 -0.025267
0.291535 -0.024969
0.300480 -0.024664
0.309502 -0.024354
0.318598 -0.024041
0.327764 -0.023726
0.336997 -0.023408
0.346293 -0.023088
0.355648 -0.022766
0.365059 -0.022443
0.374523 -0.022117
0.384035 -0.021790
0.393592 -0.021461
0.403190 -0.021131
0.412826 -0.020800
0.422496 -0.020467
0.432195 -0.020133
0.441921 -0.019799
0.451670 -0.019463
0.461438 -0.019127
0.471221 -0.018791
0.481015 -0.018454
0.490816 -0.018117
0.500622 -0.017779
0.510427 -0.017442
0.520229 -0.017105
0.530023 -0.016768
0.539806 -0.016431
0.549574 -0.016095
0.559322 -0.015760
0.569049 -0.015425
0.578748 -0.015092
0.588418 -0.014759
0.598054 -0.014428
0.607652 -0.014097
0.617209 -0.013769
0.626721 -0.013442
0.636185 -0.013116
0.645596 -0.012792
0.654951 -0.012470
0.664247 -0.012151
0.673479 -0.011833
0.682646 -0.011518
0.691741 -0.011205
0.700764 -0.010894
0.709709 -0.010587
0.718573 -0.010282
0.727354 -0.009980
0.736047 -0.009681
0.744649 -0.009385
0.753157 -0.009092
0.761568 -0.008803
0.769878 -0.008517
0.778084 -0.008235
0.786184 -0.007956
0.794173 -0.007681
0.802049 -0.007410
0.809809 -0.007143
0.817450 -0.006880
0.824969 -0.006622
0.832362 -0.006367
0.839628 -0.006118
0.846763 -0.005872
0.853765 -0.005631
0.860630 -0.005395
0.867357 -0.005164
0.873942 -0.004937
0.880383 -0.004716
0.886678 -0.004499
0.892824 -0.004288
0.898819 -0.004081
0.904661 -0.003880
0.910346 -0.003685
0.915874 -0.003495
0.921241 -0.003310
0.926447 -0.003131
0.931488 -0.002958
0.936363 -0.002790
0.941070 -0.002628
0.945608 -0.002472
0.949974 -0.002322
0.954166 -0.002177
0.958184 -0.002039
0.962025 -0.001907
0.965689 -0.001781
0.969173 -0.001661
0.972476 -0.001548
0.975598 -0.001440
0.978536 -0.001339
0.981291 -0.001244
0.983860 -0.001156
0.986242 -0.001074
0.988438 -0.000998
0.990445 -0.000929
0.992264 -0.000867
0.993893 -0.000811
0.995331 -0.000761
0.996579 -0.000718
0.997636 -0.000682
0.998502 -0.000652
0.999175 -0.000629
0.999656 -0.000613
0.999945 -0.000603
1.000041 -0.000599
