alpha cl cd cm fuente
-180.0 -0.1376 0.0470 -0.0688 3
-179.5 0.1458 0.0402 0.0729 3
-179.0 0.1013 0.0416 0.0507 3
-178.5 0.0577 0.0426 0.0291 3
-178.0 0.0386 0.0440 0.0198 3
-177.5 0.0401 0.0462 0.0208 3
-177.0 0.0428 0.0486 0.0223 3
-176.5 0.0466 0.0512 0.0243 3
-176.0 0.0514 0.0539 0.0269 3
-175.5 0.0571 0.0568 0.0299 3
-175.0 0.0636 0.0599 0.0334 3
-174.5 0.0707 0.0632 0.0370 3
-174.0 0.2757 0.1050 0.1378 3
-173.5 0.2818 0.1068 0.1408 3
-173.0 0.2864 0.1081 0.1429 3
-172.5 0.2893 0.1087 0.1442 3
-172.0 0.2907 0.1088 0.1448 3
-171.5 0.2907 0.1083 0.1446 3
-171.0 0.2893 0.1074 0.1437 3
-170.5 0.2867 0.1061 0.1422 3
-170.0 0.2831 0.1045 0.1402 3
-169.5 0.2786 0.1027 0.1378 3
-169.0 0.2735 0.1007 0.1351 3
-168.5 0.2679 0.0987 0.1321 3
-168.0 0.2621 0.0968 0.1290 3
-167.5 0.2562 0.0950 0.1259 3
-167.0 0.2504 0.0935 0.1229 3
-166.5 0.2450 0.0924 0.1202 3
-166.0 0.2402 0.0917 0.1177 3
-165.5 0.2362 0.0915 0.1157 3
-165.0 0.2330 0.0920 0.1141 3
-164.5 0.2310 0.0933 0.1131 3
-164.0 0.2302 0.0953 0.1128 3
-163.5 0.2307 0.0981 0.1131 3
-163.0 0.2327 0.1018 0.1142 3
-162.5 0.2362 0.1064 0.1161 3
-162.0 0.2412 0.1120 0.1188 3
-161.5 0.2469 0.1180 0.1219 3
-161.0 0.2526 0.1243 0.1249 3
-160.5 0.2582 0.1306 0.1280 3
-160.0 0.2638 0.1371 0.1310 3
-159.5 0.2692 0.1438 0.1340 3
-159.0 0.2746 0.1506 0.1370 3
-158.5 0.2799 0.1575 0.1401 3
-158.0 0.2850 0.1645 0.1430 3
-157.5 0.2902 0.1717 0.1460 3
-157.0 0.2952 0.1790 0.1490 3
-156.5 0.3001 0.1864 0.1520 3
-156.0 0.3049 0.1940 0.1549 3
-155.5 0.3097 0.2016 0.1578 3
-155.0 0.3143 0.2094 0.1608 3
-154.5 0.3189 0.2173 0.1637 3
-154.0 0.3234 0.2253 0.1666 3
-153.5 0.3277 0.2334 0.1695 3
-153.0 0.3320 0.2416 0.1723 3
-152.5 0.3361 0.2500 0.1752 3
-152.0 0.3402 0.2584 0.1780 3
-151.5 0.3441 0.2669 0.1809 3
-151.0 0.3480 0.2756 0.1837 3
-150.5 0.3517 0.2843 0.1865 3
-150.0 0.3554 0.2931 0.1893 3
-149.5 0.3589 0.3020 0.1921 3
-149.0 0.3623 0.3110 0.1948 3
-148.5 0.3656 0.3201 0.1976 3
-148.0 0.3688 0.3292 0.2003 3
-147.5 0.3719 0.3385 0.2030 3
-147.0 0.3749 0.3478 0.2057 3
-146.5 0.3777 0.3572 0.2084 3
-146.0 0.3805 0.3666 0.2111 3
-145.5 0.3831 0.3761 0.2137 3
-145.0 0.3856 0.3857 0.2163 3
-144.5 0.3880 0.3954 0.2189 3
-144.0 0.3903 0.4051 0.2215 3
-143.5 0.3924 0.4148 0.2241 3
-143.0 0.3944 0.4246 0.2266 3
-142.5 0.3964 0.4345 0.2292 3
-142.0 0.3982 0.4444 0.2317 3
-141.5 0.3998 0.4543 0.2342 3
-141.0 0.4014 0.4643 0.2366 3
-140.5 0.4028 0.4743 0.2391 3
-140.0 0.4041 0.4844 0.2415 3
-139.5 0.4053 0.4945 0.2439 3
-139.0 0.4063 0.5046 0.2462 3
-138.5 0.4073 0.5148 0.2486 3
-138.0 0.4081 0.5249 0.2509 3
-137.5 0.4088 0.5351 0.2532 3
-137.0 0.4093 0.5453 0.2555 3
-136.5 0.4098 0.5555 0.2577 3
-136.0 0.4101 0.5657 0.2599 3
-135.5 0.4103 0.5760 0.2621 3
-135.0 0.4103 0.5862 0.2642 3
-134.5 0.4103 0.5964 0.2664 3
-134.0 0.4101 0.6067 0.2685 3
-133.5 0.4098 0.6169 0.2705 3
-133.0 0.4093 0.6271 0.2726 3
-132.5 0.4088 0.6373 0.2746 3
-132.0 0.4081 0.6475 0.2766 3
-131.5 0.4073 0.6576 0.2785 3
-131.0 0.4063 0.6678 0.2804 3
-130.5 0.4053 0.6779 0.2823 3
-130.0 0.4041 0.6880 0.2841 3
-129.5 0.4028 0.6981 0.2859 3
-129.0 0.4014 0.7081 0.2877 3
-128.5 0.3998 0.7181 0.2894 3
-128.0 0.3982 0.7280 0.2911 3
-127.5 0.3964 0.7379 0.2928 3
-127.0 0.3944 0.7478 0.2944 3
-126.5 0.3924 0.7576 0.2960 3
-126.0 0.3903 0.7673 0.2976 3
-125.5 0.3880 0.7770 0.2991 3
-125.0 0.3856 0.7867 0.3006 3
-124.5 0.3831 0.7963 0.3020 3
-124.0 0.3805 0.8058 0.3034 3
-123.5 0.3777 0.8152 0.3047 3
-123.0 0.3749 0.8246 0.3061 3
-122.5 0.3719 0.8339 0.3073 3
-122.0 0.3688 0.8432 0.3086 3
-121.5 0.3656 0.8523 0.3097 3
-121.0 0.3623 0.8614 0.3109 3
-120.5 0.3589 0.8704 0.3120 3
-120.0 0.3554 0.8793 0.3131 3
-119.5 0.3517 0.8881 0.3141 3
-119.0 0.3480 0.8968 0.3151 3
-118.5 0.3441 0.9055 0.3160 3
-118.0 0.3402 0.9140 0.3169 3
-117.5 0.3361 0.9224 0.3177 3
-117.0 0.3320 0.9308 0.3185 3
-116.5 0.3277 0.9390 0.3193 3
-116.0 0.3234 0.9471 0.3200 3
-115.5 0.3189 0.9551 0.3206 3
-115.0 0.3143 0.9630 0.3212 3
-114.5 0.3097 0.9708 0.3218 3
-114.0 0.3049 0.9784 0.3223 3
-113.5 0.3001 0.9860 0.3228 3
-113.0 0.2952 0.9934 0.3232 3
-112.5 0.2902 1.0007 0.3236 3
-112.0 0.2850 1.0079 0.3239 3
-111.5 0.2799 1.0149 0.3242 3
-111.0 0.2746 1.0218 0.3245 3
-110.5 0.2692 1.0286 0.3247 3
-110.0 0.2638 1.0353 0.3248 3
-109.5 0.2582 1.0418 0.3249 3
-109.0 0.2526 1.0481 0.3250 3
-108.5 0.2469 1.0544 0.3250 3
-108.0 0.2412 1.0604 0.3249 3
-107.5 0.2354 1.0664 0.3248 3
-107.0 0.2295 1.0722 0.3247 3
-106.5 0.2235 1.0778 0.3245 3
-106.0 0.2174 1.0833 0.3243 3
-105.5 0.2113 1.0887 0.3240 3
-105.0 0.2052 1.0939 0.3237 3
-104.5 0.1989 1.0989 0.3233 3
-104.0 0.1926 1.1038 0.3229 3
-103.5 0.1863 1.1085 0.3224 3
-103.0 0.1799 1.1131 0.3219 3
-102.5 0.1734 1.1175 0.3213 3
-102.0 0.1669 1.1217 0.3207 3
-101.5 0.1603 1.1258 0.3201 3
-101.0 0.1537 1.1297 0.3194 3
-100.5 0.1471 1.1335 0.3186 3
-100.0 0.1403 1.1370 0.3178 3
-99.5 0.1336 1.1405 0.3170 3
-99.0 0.1268 1.1437 0.3161 3
-98.5 0.1200 1.1468 0.3152 3
-98.0 0.1131 1.1497 0.3142 3
-97.5 0.1062 1.1524 0.3132 3
-97.0 0.0993 1.1550 0.3121 3
-96.5 0.0923 1.1574 0.3110 3
-96.0 0.0853 1.1596 0.3099 3
-95.5 0.0783 1.1616 0.3087 3
-95.0 0.0713 1.1635 0.3075 3
-94.5 0.0642 1.1652 0.3062 3
-94.0 0.0571 1.1667 0.3049 3
-93.5 0.0500 1.1680 0.3036 3
-93.0 0.0429 1.1692 0.3022 3
-92.5 0.0358 1.1702 0.3008 3
-92.0 0.0286 1.1710 0.2993 3
-91.5 0.0215 1.1716 0.2978 3
-91.0 0.0143 1.1720 0.2963 3
-90.5 0.0072 1.1723 0.2947 3
-90.0 0.0000 1.1724 0.2931 3
-89.5 -0.0102 1.1723 0.2913 2
-89.0 -0.0205 1.1720 0.2895 2
-88.5 -0.0307 1.1716 0.2876 2
-88.0 -0.0409 1.1710 0.2858 2
-87.5 -0.0511 1.1702 0.2839 2
-87.0 -0.0613 1.1692 0.2820 2
-86.5 -0.0714 1.1680 0.2800 2
-86.0 -0.0816 1.1667 0.2781 2
-85.5 -0.0917 1.1652 0.2761 2
-85.0 -0.1018 1.1635 0.2742 2
-84.5 -0.1119 1.1616 0.2722 2
-84.0 -0.1219 1.1596 0.2701 2
-83.5 -0.1319 1.1574 0.2681 2
-83.0 -0.1418 1.1550 0.2660 2
-82.5 -0.1517 1.1524 0.2640 2
-82.0 -0.1616 1.1497 0.2619 2
-81.5 -0.1714 1.1468 0.2598 2
-81.0 -0.1811 1.1437 0.2577 2
-80.5 -0.1908 1.1405 0.2555 2
-80.0 -0.2005 1.1370 0.2534 2
-79.5 -0.2101 1.1335 0.2512 2
-79.0 -0.2196 1.1297 0.2491 2
-78.5 -0.2290 1.1258 0.2469 2
-78.0 -0.2384 1.1217 0.2447 2
-77.5 -0.2477 1.1175 0.2425 2
-77.0 -0.2570 1.1131 0.2402 2
-76.5 -0.2661 1.1085 0.2380 2
-76.0 -0.2752 1.1038 0.2358 2
-75.5 -0.2842 1.0989 0.2335 2
-75.0 -0.2931 1.0939 0.2313 2
-74.5 -0.3019 1.0887 0.2290 2
-74.0 -0.3106 1.0833 0.2267 2
-73.5 -0.3193 1.0778 0.2244 2
-73.0 -0.3278 1.0722 0.2221 2
-72.5 -0.3362 1.0664 0.2198 2
-72.0 -0.3446 1.0604 0.2175 2
-71.5 -0.3528 1.0544 0.2152 2
-71.0 -0.3609 1.0481 0.2128 2
-70.5 -0.3689 1.0418 0.2105 2
-70.0 -0.3768 1.0353 0.2082 2
-69.5 -0.3846 1.0286 0.2058 2
-69.0 -0.3922 1.0218 0.2035 2
-68.5 -0.3998 1.0149 0.2011 2
-68.0 -0.4072 1.0079 0.1987 2
-67.5 -0.4145 1.0007 0.1964 2
-67.0 -0.4217 0.9934 0.1940 2
-66.5 -0.4287 0.9860 0.1917 2
-66.0 -0.4356 0.9784 0.1893 2
-65.5 -0.4424 0.9708 0.1869 2
-65.0 -0.4491 0.9630 0.1845 2
-64.5 -0.4556 0.9551 0.1822 2
-64.0 -0.4619 0.9471 0.1798 2
-63.5 -0.4682 0.9390 0.1774 2
-63.0 -0.4742 0.9308 0.1750 2
-62.5 -0.4802 0.9224 0.1727 2
-62.0 -0.4860 0.9140 0.1703 2
-61.5 -0.4916 0.9055 0.1679 2
-61.0 -0.4971 0.8968 0.1656 2
-60.5 -0.5025 0.8881 0.1632 2
-60.0 -0.5077 0.8793 0.1608 2
-59.5 -0.5127 0.8704 0.1585 2
-59.0 -0.5176 0.8614 0.1561 2
-58.5 -0.5223 0.8523 0.1538 2
-58.0 -0.5269 0.8432 0.1514 2
-57.5 -0.5313 0.8339 0.1491 2
-57.0 -0.5355 0.8246 0.1467 2
-56.5 -0.5396 0.8152 0.1444 2
-56.0 -0.5435 0.8058 0.1421 2
-55.5 -0.5473 0.7963 0.1398 2
-55.0 -0.5508 0.7867 0.1375 2
-54.5 -0.5543 0.7770 0.1352 2
-54.0 -0.5575 0.7673 0.1329 2
-53.5 -0.5606 0.7576 0.1306 2
-53.0 -0.5635 0.7478 0.1283 2
-52.5 -0.5662 0.7379 0.1260 2
-52.0 -0.5688 0.7280 0.1238 2
-51.5 -0.5712 0.7181 0.1215 2
-51.0 -0.5734 0.7081 0.1193 2
-50.5 -0.5754 0.6981 0.1171 2
-50.0 -0.5773 0.6880 0.1148 2
-49.5 -0.5790 0.6779 0.1126 2
-49.0 -0.5805 0.6678 0.1104 2
-48.5 -0.5818 0.6576 0.1083 2
-48.0 -0.5830 0.6475 0.1061 2
-47.5 -0.5840 0.6373 0.1039 2
-47.0 -0.5848 0.6271 0.1018 2
-46.5 -0.5854 0.6169 0.0997 2
-46.0 -0.5858 0.6067 0.0975 2
-45.5 -0.5861 0.5964 0.0954 2
-45.0 -0.5862 0.5862 0.0934 2
-44.5 -0.5861 0.5760 0.0913 2
-44.0 -0.5858 0.5657 0.0892 2
-43.5 -0.5854 0.5555 0.0872 2
-43.0 -0.5848 0.5453 0.0852 2
-42.5 -0.5840 0.5351 0.0832 2
-42.0 -0.5830 0.5249 0.0812 2
-41.5 -0.5818 0.5148 0.0792 2
-41.0 -0.5805 0.5046 0.0772 2
-40.5 -0.5790 0.4945 0.0753 2
-40.0 -0.5773 0.4844 0.0734 2
-39.5 -0.5754 0.4743 0.0715 2
-39.0 -0.5734 0.4643 0.0696 2
-38.5 -0.5712 0.4543 0.0677 2
-38.0 -0.5688 0.4444 0.0659 2
-37.5 -0.5662 0.4345 0.0640 2
-37.0 -0.5635 0.4246 0.0622 2
-36.5 -0.5606 0.4148 0.0604 2
-36.0 -0.5575 0.4051 0.0587 2
-35.5 -0.5543 0.3954 0.0569 2
-35.0 -0.5508 0.3857 0.0552 2
-34.5 -0.5473 0.3761 0.0535 2
-34.0 -0.5435 0.3666 0.0518 2
-33.5 -0.5396 0.3572 0.0502 2
-33.0 -0.5355 0.3478 0.0485 2
-32.5 -0.5313 0.3385 0.0469 2
-32.0 -0.5269 0.3292 0.0453 2
-31.5 -0.5223 0.3201 0.0437 2
-31.0 -0.5176 0.3110 0.0422 2
-30.5 -0.5127 0.3020 0.0407 2
-30.0 -0.5077 0.2931 0.0392 2
-29.5 -0.5025 0.2843 0.0377 2
-29.0 -0.4971 0.2756 0.0362 2
-28.5 -0.4916 0.2669 0.0348 2
-28.0 -0.4860 0.2584 0.0334 2
-27.5 -0.4802 0.2500 0.0320 2
-27.0 -0.4742 0.2416 0.0307 2
-26.5 -0.4682 0.2334 0.0294 2
-26.0 -0.4619 0.2253 0.0281 2
-25.5 -0.4556 0.2173 0.0268 2
-25.0 -0.4491 0.2094 0.0255 2
-24.5 -0.4424 0.2016 0.0243 2
-24.0 -0.4356 0.1940 0.0231 2
-23.5 -0.4287 0.1864 0.0220 2
-23.0 -0.4217 0.1790 0.0208 2
-22.5 -0.4145 0.1717 0.0197 2
-22.0 -0.4072 0.1645 0.0186 2
-21.5 -0.3998 0.1575 0.0176 2
-21.0 -0.3922 0.1506 0.0165 2
-20.5 -0.3846 0.1438 0.0155 2
-20.0 -0.3768 0.1371 0.0145 2
-19.5 -0.3689 0.1306 0.0136 2
-19.0 -0.3609 0.1243 0.0127 2
-18.5 -0.3528 0.1180 0.0118 2
-18.0 -0.3446 0.1120 0.0109 2
-17.5 -0.3374 0.1064 0.0101 2
-17.0 -0.3324 0.1018 0.0094 2
-16.5 -0.3296 0.0981 0.0088 2
-16.0 -0.3289 0.0953 0.0082 2
-15.5 -0.3300 0.0933 0.0077 2
-15.0 -0.3329 0.0920 0.0073 2
-14.5 -0.3374 0.0915 0.0068 2
-14.0 -0.3432 0.0917 0.0064 2
-13.5 -0.3501 0.0924 0.0060 2
-13.0 -0.3577 0.0935 0.0055 2
-12.5 -0.3660 0.0950 0.0051 2
-12.0 -0.3744 0.0968 0.0046 2
-11.5 -0.3828 0.0987 0.0041 2
-11.0 -0.3907 0.1007 0.0035 2
-10.5 -0.3981 0.1027 0.0030 2
-10.0 -0.4044 0.1045 0.0024 2
-9.5 -0.4096 0.1061 0.0018 2
-9.0 -0.4132 0.1074 0.0011 2
-8.5 -0.4152 0.1083 0.0005 2
-8.0 -0.4153 0.1088 -0.0001 2
-7.5 -0.4133 0.1087 -0.0008 2
-7.0 -0.4091 0.1081 -0.0014 2
-6.5 -0.4026 0.1068 -0.0020 2
-6.0 -0.3938 0.1050 -0.0026 0
-5.5 -0.1010 0.0632 -0.0385 0
-5.0 -0.0909 0.0599 -0.0376 0
-4.5 -0.0816 0.0568 -0.0364 0
-4.0 -0.0735 0.0539 -0.0350 0
-3.5 -0.0666 0.0512 -0.0333 0
-3.0 -0.0612 0.0486 -0.0313 0
-2.5 -0.0573 0.0462 -0.0290 0
-2.0 -0.0551 0.0440 -0.0264 0
-1.5 -0.0824 0.0426 -0.0169 0
-1.0 -0.1447 0.0416 0.0001 0
-0.5 -0.2083 0.0402 0.0167 0
0.0 0.1965 0.0470 -0.0968 0
0.5 0.3210 0.0453 -0.1158 0
1.0 0.4088 0.0439 -0.1245 0
1.5 0.4796 0.0431 -0.1286 0
2.0 0.5423 0.0423 -0.1306 0
2.5 0.5964 0.0405 -0.1309 0
3.0 0.6474 0.0425 -0.1301 0
3.5 0.6848 0.0445 -0.1287 0
4.0 0.7205 0.0468 -0.1274 0
4.5 0.7549 0.0493 -0.1262 0
5.0 0.7884 0.0520 -0.1248 0
5.5 0.8235 0.0548 -0.1230 0
6.0 1.1393 0.0505 -0.1279 0
6.5 1.2814 0.0588 -0.1364 0
7.0 1.3505 0.0668 -0.1367 0
7.5 1.3836 0.0754 -0.1341 0
8.0 1.3875 0.0851 -0.1306 0
8.5 1.3684 0.0955 -0.1276 0
9.0 1.3260 0.1027 -0.1246 1
9.5 1.2729 0.1059 -0.1209 1
10.0 1.2259 0.1092 -0.1176 1
10.5 1.1841 0.1127 -0.1148 1
11.0 1.1467 0.1163 -0.1123 1
11.5 1.1133 0.1201 -0.1102 1
12.0 1.0833 0.1240 -0.1083 1
12.5 1.0562 0.1281 -0.1067 1
13.0 1.0318 0.1324 -0.1053 1
13.5 1.0097 0.1368 -0.1041 1
14.0 0.9897 0.1414 -0.1031 1
14.5 0.9715 0.1461 -0.1022 1
15.0 0.9549 0.1510 -0.1015 1
15.5 0.9398 0.1560 -0.1009 1
16.0 0.9261 0.1612 -0.1005 1
16.5 0.9135 0.1665 -0.1001 1
17.0 0.9021 0.1719 -0.0999 1
17.5 0.8916 0.1775 -0.0997 1
18.0 0.8819 0.1833 -0.0997 1
18.5 0.8731 0.1891 -0.0997 1
19.0 0.8650 0.1952 -0.0998 1
19.5 0.8576 0.2013 -0.1000 1
20.0 0.8508 0.2076 -0.1003 1
20.5 0.8445 0.2140 -0.1006 1
21.0 0.8387 0.2206 -0.1010 1
21.5 0.8334 0.2272 -0.1014 1
22.0 0.8285 0.2340 -0.1019 1
22.5 0.8240 0.2410 -0.1024 1
23.0 0.8198 0.2480 -0.1030 1
23.5 0.8159 0.2552 -0.1036 1
24.0 0.8123 0.2625 -0.1043 1
24.5 0.8090 0.2698 -0.1050 1
25.0 0.8059 0.2774 -0.1058 1
25.5 0.8030 0.2850 -0.1066 1
26.0 0.8003 0.2927 -0.1074 1
26.5 0.7977 0.3005 -0.1083 1
27.0 0.7953 0.3084 -0.1092 1
27.5 0.7930 0.3165 -0.1101 1
28.0 0.7908 0.3246 -0.1111 1
28.5 0.7888 0.3328 -0.1121 1
29.0 0.7868 0.3411 -0.1131 1
29.5 0.7849 0.3495 -0.1142 1
30.0 0.7831 0.3580 -0.1152 1
30.5 0.7813 0.3666 -0.1163 1
31.0 0.7795 0.3753 -0.1175 1
31.5 0.7778 0.3840 -0.1186 1
32.0 0.7760 0.3928 -0.1198 1
32.5 0.7743 0.4017 -0.1210 1
33.0 0.7726 0.4107 -0.1222 1
33.5 0.7709 0.4197 -0.1235 1
34.0 0.7692 0.4288 -0.1247 1
34.5 0.7674 0.4379 -0.1260 1
35.0 0.7656 0.4471 -0.1273 1
35.5 0.7638 0.4564 -0.1286 1
36.0 0.7619 0.4657 -0.1300 1
36.5 0.7600 0.4751 -0.1313 1
37.0 0.7581 0.4845 -0.1327 1
37.5 0.7560 0.4940 -0.1341 1
38.0 0.7540 0.5035 -0.1355 1
38.5 0.7518 0.5130 -0.1369 1
39.0 0.7496 0.5226 -0.1383 1
39.5 0.7473 0.5322 -0.1398 1
40.0 0.7449 0.5418 -0.1412 1
40.5 0.7424 0.5515 -0.1427 1
41.0 0.7399 0.5612 -0.1442 1
41.5 0.7372 0.5709 -0.1457 1
42.0 0.7345 0.5806 -0.1472 1
42.5 0.7317 0.5904 -0.1487 1
43.0 0.7288 0.6001 -0.1503 1
43.5 0.7257 0.6099 -0.1518 1
44.0 0.7226 0.6197 -0.1534 1
44.5 0.7194 0.6295 -0.1549 1
45.0 0.7160 0.6392 -0.1565 1
45.5 0.7126 0.6490 -0.1581 1
46.0 0.7090 0.6587 -0.1597 1
46.5 0.7053 0.6685 -0.1613 1
47.0 0.7015 0.6782 -0.1629 1
47.5 0.6976 0.6879 -0.1645 1
48.0 0.6936 0.6976 -0.1662 1
48.5 0.6895 0.7073 -0.1678 1
49.0 0.6852 0.7170 -0.1694 1
49.5 0.6808 0.7266 -0.1711 1
50.0 0.6763 0.7362 -0.1727 1
50.5 0.6717 0.7457 -0.1744 1
51.0 0.6670 0.7553 -0.1761 1
51.5 0.6621 0.7647 -0.1777 1
52.0 0.6571 0.7742 -0.1794 1
52.5 0.6520 0.7836 -0.1811 1
53.0 0.6468 0.7929 -0.1828 1
53.5 0.6414 0.8022 -0.1844 1
54.0 0.6359 0.8114 -0.1861 1
54.5 0.6303 0.8206 -0.1878 1
55.0 0.6246 0.8297 -0.1895 1
55.5 0.6187 0.8387 -0.1912 1
56.0 0.6128 0.8477 -0.1929 1
56.5 0.6067 0.8566 -0.1946 1
57.0 0.6005 0.8655 -0.1963 1
57.5 0.5941 0.8742 -0.1980 1
58.0 0.5877 0.8829 -0.1997 1
58.5 0.5811 0.8915 -0.2014 1
59.0 0.5744 0.9000 -0.2031 1
59.5 0.5676 0.9085 -0.2048 1
60.0 0.5607 0.9168 -0.2065 1
60.5 0.5536 0.9250 -0.2082 1
61.0 0.5465 0.9332 -0.2099 1
61.5 0.5392 0.9412 -0.2116 1
62.0 0.5318 0.9492 -0.2133 1
62.5 0.5243 0.9571 -0.2150 1
63.0 0.5167 0.9648 -0.2167 1
63.5 0.5090 0.9724 -0.2183 1
64.0 0.5012 0.9800 -0.2200 1
64.5 0.4933 0.9874 -0.2217 1
65.0 0.4852 0.9947 -0.2234 1
65.5 0.4771 1.0019 -0.2250 1
66.0 0.4689 1.0089 -0.2267 1
66.5 0.4606 1.0159 -0.2283 1
67.0 0.4521 1.0227 -0.2300 1
67.5 0.4436 1.0294 -0.2316 1
68.0 0.4350 1.0360 -0.2333 1
68.5 0.4263 1.0424 -0.2349 1
69.0 0.4175 1.0487 -0.2365 1
69.5 0.4086 1.0549 -0.2381 1
70.0 0.3997 1.0609 -0.2397 1
70.5 0.3906 1.0668 -0.2413 1
71.0 0.3815 1.0725 -0.2429 1
71.5 0.3723 1.0782 -0.2445 1
72.0 0.3630 1.0836 -0.2461 1
72.5 0.3536 1.0889 -0.2476 1
73.0 0.3442 1.0941 -0.2492 1
73.5 0.3347 1.0991 -0.2507 1
74.0 0.3251 1.1040 -0.2522 1
74.5 0.3155 1.1087 -0.2538 1
75.0 0.3058 1.1133 -0.2553 1
75.5 0.2961 1.1177 -0.2568 1
76.0 0.2863 1.1219 -0.2582 1
76.5 0.2764 1.1260 -0.2597 1
77.0 0.2665 1.1299 -0.2612 1
77.5 0.2565 1.1337 -0.2626 1
78.0 0.2465 1.1373 -0.2640 1
78.5 0.2365 1.1407 -0.2654 1
79.0 0.2264 1.1440 -0.2668 1
79.5 0.2163 1.1471 -0.2682 1
80.0 0.2061 1.1501 -0.2696 1
80.5 0.1959 1.1528 -0.2709 1
81.0 0.1857 1.1554 -0.2723 1
81.5 0.1754 1.1579 -0.2736 1
82.0 0.1652 1.1601 -0.2749 1
82.5 0.1549 1.1622 -0.2762 1
83.0 0.1446 1.1641 -0.2775 1
83.5 0.1342 1.1659 -0.2787 1
84.0 0.1239 1.1674 -0.2799 1
84.5 0.1135 1.1688 -0.2811 1
85.0 0.1032 1.1700 -0.2823 1
85.5 0.0928 1.1711 -0.2835 1
86.0 0.0825 1.1719 -0.2847 1
86.5 0.0721 1.1726 -0.2858 1
87.0 0.0618 1.1731 -0.2869 1
87.5 0.0514 1.1734 -0.2880 1
88.0 0.0411 1.1736 -0.2891 1
88.5 0.0308 1.1736 -0.2901 1
89.0 0.0205 1.1734 -0.2911 1
89.5 0.0102 1.1730 -0.2921 1
90.0 0.0000 1.1724 -0.2931 1
90.5 -0.0072 1.1730 -0.2949 3
91.0 -0.0144 1.1734 -0.2966 3
91.5 -0.0216 1.1736 -0.2983 3
92.0 -0.0288 1.1736 -0.3000 3
92.5 -0.0360 1.1734 -0.3016 3
93.0 -0.0432 1.1731 -0.3032 3
93.5 -0.0505 1.1726 -0.3048 3
94.0 -0.0577 1.1719 -0.3063 3
94.5 -0.0650 1.1711 -0.3078 3
95.0 -0.0722 1.1700 -0.3092 3
95.5 -0.0795 1.1688 -0.3107 3
96.0 -0.0867 1.1674 -0.3120 3
96.5 -0.0940 1.1659 -0.3134 3
97.0 -0.1012 1.1641 -0.3147 3
97.5 -0.1084 1.1622 -0.3159 3
98.0 -0.1156 1.1601 -0.3171 3
98.5 -0.1228 1.1579 -0.3183 3
99.0 -0.1300 1.1554 -0.3194 3
99.5 -0.1371 1.1528 -0.3205 3
100.0 -0.1443 1.1501 -0.3216 3
100.5 -0.1514 1.1471 -0.3226 3
101.0 -0.1585 1.1440 -0.3235 3
101.5 -0.1655 1.1407 -0.3245 3
102.0 -0.1726 1.1373 -0.3254 3
102.5 -0.1796 1.1337 -0.3262 3
103.0 -0.1866 1.1299 -0.3270 3
103.5 -0.1935 1.1260 -0.3278 3
104.0 -0.2004 1.1219 -0.3285 3
104.5 -0.2073 1.1177 -0.3292 3
105.0 -0.2141 1.1133 -0.3298 3
105.5 -0.2209 1.1087 -0.3304 3
106.0 -0.2276 1.1040 -0.3309 3
106.5 -0.2343 1.0991 -0.3315 3
107.0 -0.2409 1.0941 -0.3319 3
107.5 -0.2475 1.0889 -0.3323 3
108.0 -0.2541 1.0836 -0.3327 3
108.5 -0.2606 1.0782 -0.3331 3
109.0 -0.2670 1.0725 -0.3334 3
109.5 -0.2734 1.0668 -0.3336 3
110.0 -0.2798 1.0609 -0.3339 3
110.5 -0.2860 1.0549 -0.3340 3
111.0 -0.2922 1.0487 -0.3342 3
111.5 -0.2984 1.0424 -0.3343 3
112.0 -0.3045 1.0360 -0.3343 3
112.5 -0.3105 1.0294 -0.3343 3
113.0 -0.3165 1.0227 -0.3343 3
113.5 -0.3224 1.0159 -0.3343 3
114.0 -0.3282 1.0089 -0.3342 3
114.5 -0.3340 1.0019 -0.3340 3
115.0 -0.3397 0.9947 -0.3338 3
115.5 -0.3453 0.9874 -0.3336 3
116.0 -0.3508 0.9800 -0.3334 3
116.5 -0.3563 0.9724 -0.3331 3
117.0 -0.3617 0.9648 -0.3328 3
117.5 -0.3670 0.9571 -0.3324 3
118.0 -0.3723 0.9492 -0.3320 3
118.5 -0.3774 0.9412 -0.3316 3
119.0 -0.3825 0.9332 -0.3311 3
119.5 -0.3875 0.9250 -0.3306 3
120.0 -0.3925 0.9168 -0.3301 3
120.5 -0.3973 0.9085 -0.3295 3
121.0 -0.4021 0.9000 -0.3289 3
121.5 -0.4068 0.8915 -0.3283 3
122.0 -0.4114 0.8829 -0.3276 3
122.5 -0.4159 0.8742 -0.3269 3
123.0 -0.4203 0.8655 -0.3262 3
123.5 -0.4247 0.8566 -0.3255 3
124.0 -0.4289 0.8477 -0.3247 3
124.5 -0.4331 0.8387 -0.3239 3
125.0 -0.4372 0.8297 -0.3231 3
125.5 -0.4412 0.8206 -0.3222 3
126.0 -0.4451 0.8114 -0.3213 3
126.5 -0.4490 0.8022 -0.3204 3
127.0 -0.4527 0.7929 -0.3195 3
127.5 -0.4564 0.7836 -0.3186 3
128.0 -0.4600 0.7742 -0.3176 3
128.5 -0.4635 0.7647 -0.3166 3
129.0 -0.4669 0.7553 -0.3156 3
129.5 -0.4702 0.7457 -0.3146 3
130.0 -0.4734 0.7362 -0.3135 3
130.5 -0.4766 0.7266 -0.3125 3
131.0 -0.4796 0.7170 -0.3114 3
131.5 -0.4826 0.7073 -0.3103 3
132.0 -0.4855 0.6976 -0.3092 3
132.5 -0.4883 0.6879 -0.3081 3
133.0 -0.4911 0.6782 -0.3070 3
133.5 -0.4937 0.6685 -0.3059 3
134.0 -0.4963 0.6587 -0.3047 3
134.5 -0.4988 0.6490 -0.3036 3
135.0 -0.5012 0.6392 -0.3024 3
135.5 -0.5036 0.6295 -0.3012 3
136.0 -0.5058 0.6197 -0.3001 3
136.5 -0.5080 0.6099 -0.2989 3
137.0 -0.5101 0.6001 -0.2977 3
137.5 -0.5122 0.5904 -0.2966 3
138.0 -0.5142 0.5806 -0.2954 3
138.5 -0.5161 0.5709 -0.2942 3
139.0 -0.5179 0.5612 -0.2931 3
139.5 -0.5197 0.5515 -0.2919 3
140.0 -0.5214 0.5418 -0.2908 3
140.5 -0.5231 0.5322 -0.2896 3
141.0 -0.5247 0.5226 -0.2885 3
141.5 -0.5263 0.5130 -0.2874 3
142.0 -0.5278 0.5035 -0.2863 3
142.5 -0.5292 0.4940 -0.2852 3
143.0 -0.5306 0.4845 -0.2842 3
143.5 -0.5320 0.4751 -0.2831 3
144.0 -0.5334 0.4657 -0.2821 3
144.5 -0.5347 0.4564 -0.2811 3
145.0 -0.5359 0.4471 -0.2801 3
145.5 -0.5372 0.4379 -0.2792 3
146.0 -0.5384 0.4288 -0.2783 3
146.5 -0.5396 0.4197 -0.2774 3
147.0 -0.5408 0.4107 -0.2765 3
147.5 -0.5420 0.4017 -0.2757 3
148.0 -0.5432 0.3928 -0.2750 3
148.5 -0.5444 0.3840 -0.2742 3
149.0 -0.5456 0.3753 -0.2736 3
149.5 -0.5469 0.3666 -0.2730 3
150.0 -0.5481 0.3580 -0.2724 3
150.5 -0.5494 0.3495 -0.2719 3
151.0 -0.5508 0.3411 -0.2714 3
151.5 -0.5521 0.3328 -0.2710 3
152.0 -0.5536 0.3246 -0.2707 3
152.5 -0.5551 0.3165 -0.2705 3
153.0 -0.5567 0.3084 -0.2703 3
153.5 -0.5584 0.3005 -0.2703 3
154.0 -0.5602 0.2927 -0.2703 3
154.5 -0.5621 0.2850 -0.2704 3
155.0 -0.5641 0.2774 -0.2706 3
155.5 -0.5663 0.2698 -0.2709 3
156.0 -0.5686 0.2625 -0.2714 3
156.5 -0.5712 0.2552 -0.2719 3
157.0 -0.5739 0.2480 -0.2726 3
157.5 -0.5768 0.2410 -0.2735 3
158.0 -0.5800 0.2340 -0.2745 3
158.5 -0.5834 0.2272 -0.2757 3
159.0 -0.5871 0.2206 -0.2770 3
159.5 -0.5912 0.2140 -0.2785 3
160.0 -0.5956 0.2076 -0.2803 3
160.5 -0.6003 0.2013 -0.2823 3
161.0 -0.6055 0.1952 -0.2845 3
161.5 -0.6112 0.1891 -0.2869 3
162.0 -0.6174 0.1833 -0.2897 3
162.5 -0.6241 0.1775 -0.2928 3
163.0 -0.6314 0.1719 -0.2962 3
163.5 -0.6395 0.1665 -0.2999 3
164.0 -0.6483 0.1612 -0.3041 3
164.5 -0.6579 0.1560 -0.3087 3
165.0 -0.6684 0.1510 -0.3138 3
165.5 -0.6800 0.1461 -0.3195 3
166.0 -0.6928 0.1414 -0.3257 3
166.5 -0.7068 0.1368 -0.3326 3
167.0 -0.7223 0.1324 -0.3403 3
167.5 -0.7394 0.1281 -0.3488 3
168.0 -0.7583 0.1240 -0.3582 3
168.5 -0.7793 0.1201 -0.3686 3
169.0 -0.8027 0.1163 -0.3803 3
169.5 -0.8288 0.1127 -0.3934 3
170.0 -0.8581 0.1092 -0.4080 3
170.5 -0.8910 0.1059 -0.4245 3
171.0 -0.9282 0.1027 -0.4431 3
171.5 -0.9579 0.0955 -0.4580 3
172.0 -0.9712 0.0851 -0.4652 3
172.5 -0.9685 0.0754 -0.4648 3
173.0 -0.9453 0.0668 -0.4548 3
173.5 -0.8970 0.0588 -0.4327 3
174.0 -0.7975 0.0505 -0.3859 3
174.5 -0.5765 0.0548 -0.2807 3
175.0 -0.5519 0.0520 -0.2695 3
175.5 -0.5284 0.0493 -0.2587 3
176.0 -0.5043 0.0468 -0.2476 3
176.5 -0.4794 0.0445 -0.2359 3
177.0 -0.4532 0.0425 -0.2236 3
177.5 -0.4175 0.0405 -0.2065 3
178.0 -0.3796 0.0423 -0.1883 3
178.5 -0.3357 0.0431 -0.1670 3
179.0 -0.2862 0.0439 -0.1426 3
179.5 -0.2247 0.0453 -0.1122 3
180.0 -0.1376 0.0470 -0.0688 3
