x cf H
0.00100 0.137265 2.3012
0.00208 0.108182 2.3942
0.00352 0.072539 2.5170
0.00539 0.045332 2.6550
0.00781 0.028234 2.7862
0.01108 0.018720 2.8791
0.01575 0.014394 2.8924
0.02262 0.013664 2.7981
0.03183 0.014541 2.6585
0.04232 0.015137 2.5605
0.05320 0.015152 2.5080
0.06418 0.014877 2.4802
0.07520 0.014500 2.4645
0.08623 0.014104 2.4549
0.09727 0.013720 2.4488
0.10834 0.013357 2.4446
0.11942 0.013016 2.4419
0.13051 0.012695 2.4401
0.14162 0.012390 2.4392
0.15274 0.012103 2.4388
0.16387 0.011832 2.4388
0.17502 0.011568 2.4394
0.18618 0.011311 2.4406
0.19735 0.011062 2.4422
0.20853 0.010818 2.4442
0.21973 0.010578 2.4467
0.23093 0.010342 2.4496
0.24215 0.010108 2.4529
0.25338 0.009876 2.4566
0.26461 0.009645 2.4608
0.27586 0.009415 2.4655
0.28711 0.009184 2.4706
0.29837 0.008952 2.4764
0.30964 0.008718 2.4827
0.32091 0.008482 2.4896
0.33220 0.008243 2.4973
0.34349 0.008000 2.5058
0.35478 0.007752 2.5151
0.36608 0.007499 2.5255
0.37739 0.007239 2.5369
0.38870 0.006973 2.5496
0.40002 0.006699 2.5638
0.41133 0.006416 2.5796
0.42266 0.006124 2.5973
0.43398 0.005821 2.6172
0.44531 0.005506 2.6397
0.45664 0.005178 2.6653
0.46797 0.004836 2.6944
0.47931 0.004481 2.7277
0.49064 0.004111 2.7660
0.50197 0.003726 2.8103
0.51331 0.003328 2.8615
0.52464 0.002918 2.9211
0.53597 0.002500 2.9905
0.54730 0.002076 3.0715
0.55863 0.001655 3.1662
0.56996 0.001242 3.2766
0.58129 0.000848 3.4052
0.59261 0.000483 3.5540
0.60392 0.000159 3.7251
0.61524 -0.000113 3.9195
0.62655 -0.000327 4.1376
0.63785 -0.000479 4.3781
0.64915 -0.000574 4.6411
0.66044 -0.000620 4.9280
0.67173 -0.000631 5.2392
0.68301 -0.000626 5.5750
0.69429 -0.000608 5.9353
0.70555 -0.000589 6.3201
0.71681 -0.000571 6.7292
0.72806 -0.000557 7.1626
0.73930 -0.000545 7.6200
0.75053 -0.000535 8.1013
0.76176 -0.000527 8.6064
0.77297 -0.000520 9.1352
0.78417 -0.000514 9.6874
0.79536 -0.000510 10.2631
0.80654 -0.000506 10.8620
0.81771 -0.000503 11.4842
0.82886 -0.000501 12.1293
0.83999 -0.000499 12.7973
0.85104 -0.000497 13.4831
0.86185 -0.000496 14.1961
0.87258 -0.000496 14.9648
0.88325 -0.000496 15.7871
0.89390 -0.000496 16.6636
0.90451 -0.000497 17.5936
0.91508 -0.000498 18.5764
0.92562 -0.000500 19.6111
0.93613 -0.000502 20.6966
0.94659 -0.000504 21.8314
0.95700 -0.000506 23.0136
0.96735 -0.000509 24.2393
0.97751 -0.000512 25.4957
0.98706 -0.000515 26.7338
0.99498 -0.000518 27.8314
1.00000 -0.000285 28.8952
