alpha cl cd cm xtrs xtri npan dcl dcd
-6.00 -0.3701 0.10135 -0.0183 0.9965 0.0343 3 0.0025 0.00003
-5.75 -0.3464 0.09835 -0.0235 0.9921 0.0352 3 0.0149 0.00161
-5.50 -0.3222 0.09518 -0.0297 0.9877 0.0363 2 0.0151 0.00190
-5.25 -0.2993 0.09105 -0.0352 0.9843 0.0369 3 0.0350 0.00316
-5.00 -0.2808 0.08766 -0.0379 0.9801 0.0378 3 0.0455 0.00404
-4.75 -0.2496 0.08470 -0.0449 0.9759 0.0392 3 0.0360 0.00223
-4.50 -0.2153 0.08126 -0.0530 0.9711 0.0411 3 0.0323 0.00177
-4.25 -0.1897 0.07778 -0.0574 0.9679 0.0420 3 0.0317 0.00055
-4.00 -0.1678 0.07433 -0.0606 0.9632 0.0427 2 0.0132 0.00027
-3.75 -0.1374 0.07080 -0.0659 0.9601 0.0452 3 0.0089 0.00054
-3.50 -0.0978 0.06754 -0.0735 0.9574 0.0497 3 0.0030 0.00055
-3.25 -0.0357 0.06445 -0.0876 0.9536 0.0530 3 0.0152 0.00134
-3.00 -0.0216 0.06097 -0.0873 0.9500 0.0554 3 0.0030 0.00059
-2.75 0.0219 0.05786 -0.0945 0.9477 0.0604 3 0.0441 0.00044
-2.50 0.0788 0.05453 -0.1053 0.9454 0.0647 3 0.0239 0.00094
-2.25 0.1081 0.05183 -0.1085 0.9416 0.0690 3 0.0237 0.00045
-2.00 0.1628 0.04884 -0.1176 0.9396 0.0760 3 0.0266 0.00075
-1.75 0.2133 0.04623 -0.1253 0.9378 0.0864 3 0.0180 0.00057
-1.50 0.2547 0.04370 -0.1306 0.9356 0.1003 1 0.0000 0.00000
-1.25 0.2953 0.04143 -0.1352 0.9333 0.1112 1 0.0000 0.00000
-1.00 0.3418 0.03936 -0.1410 0.9316 0.1285 1 0.0000 0.00000
-0.75 0.4049 0.03542 -0.1478 0.9299 0.0530 3 0.0238 0.00127
-0.50 0.4480 0.03328 -0.1518 0.9282 0.0489 3 0.0198 0.00084
-0.25 0.4844 0.03180 -0.1541 0.9250 0.0466 2 0.0141 0.00050
0.00 0.5289 0.03013 -0.1577 0.9236 0.0448 3 0.0191 0.00069
0.25 0.5631 0.02895 -0.1591 0.9199 0.0459 3 0.0163 0.00040
0.50 0.5992 0.02796 -0.1608 0.9172 0.0476 3 0.0155 0.00047
0.75 0.6350 0.02730 -0.1623 0.9146 0.0503 3 0.0204 0.00051
1.00 0.6631 0.02687 -0.1625 0.9092 0.0532 3 0.0186 0.00038
1.25 0.7004 0.02640 -0.1645 0.9065 0.0585 2 0.0055 0.00004
1.50 0.7266 0.02624 -0.1643 0.9014 0.0674 3 0.0237 0.00036
1.75 0.7571 0.02607 -0.1649 0.8969 0.0792 3 0.0172 0.00016
2.00 0.7937 0.02569 -0.1667 0.8942 0.1577 3 0.0188 0.00046
2.25 0.8681 0.01991 -0.1699 0.8391 1.0000 3 0.0113 0.00019
2.50 0.9179 0.02115 -0.1689 0.0652 1.0000 3 0.0060 0.00004
2.75 0.9402 0.02205 -0.1676 0.0519 1.0000 3 0.0059 0.00003
3.00 0.9619 0.02289 -0.1662 0.0461 1.0000 3 0.0051 0.00009
3.25 0.9815 0.02383 -0.1644 0.0416 1.0000 3 0.0053 0.00018
3.50 1.0008 0.02496 -0.1625 0.0391 1.0000 3 0.0064 0.00011
3.75 1.0193 0.02632 -0.1605 0.0367 1.0000 3 0.0059 0.00039
4.00 1.0382 0.02751 -0.1587 0.0348 1.0000 3 0.0050 0.00041
4.25 1.0633 0.02916 -0.1578 0.0333 1.0000 3 0.0016 0.00053
4.50 1.0976 0.03137 -0.1583 0.0325 1.0000 3 0.0038 0.00086
4.75 1.1322 0.03314 -0.1592 0.0316 1.0000 3 0.0059 0.00096
5.00 1.1662 0.03539 -0.1598 0.0300 1.0000 3 0.0027 0.00024
5.25 1.1983 0.03798 -0.1598 0.0293 1.0000 3 0.0032 0.00068
5.50 1.2278 0.04072 -0.1593 0.0298 1.0000 3 0.0034 0.00095
5.75 1.2542 0.04356 -0.1584 0.0304 1.0000 3 0.0021 0.00024
6.00 1.2780 0.04662 -0.1568 0.0317 1.0000 3 0.0028 0.00121
6.25 1.3015 0.05009 -0.1547 0.0330 1.0000 3 0.0039 0.00160
6.50 1.3199 0.05255 -0.1523 0.0346 1.0000 3 0.0044 0.00189
6.75 1.3357 0.05596 -0.1499 0.0364 1.0000 3 0.0009 0.00195
7.00 1.3497 0.06002 -0.1465 0.0380 1.0000 3 0.0006 0.00046
7.25 1.3614 0.06453 -0.1436 0.0429 1.0000 2 0.0013 0.00064
