alpha cl cd cm ld phi
-6.00 -0.4134 0.08494 -0.0209 -4.87 nan
-5.75 -0.3970 0.08190 -0.0261 -4.85 nan
-5.50 -0.3891 0.07905 -0.0249 -4.92 nan
-5.25 -0.3666 0.07594 -0.0311 -4.83 nan
-5.00 -0.3535 0.07274 -0.0322 -4.86 nan
-4.75 -0.3378 0.06925 -0.0336 -4.88 nan
-4.50 -0.3154 0.06645 -0.0373 -4.75 nan
-4.25 -0.2915 0.06277 -0.0415 -4.64 nan
-4.00 -0.2585 0.05984 -0.0477 -4.32 nan
-3.75 -0.2499 0.05641 -0.0453 -4.43 nan
-3.50 -0.2201 0.05329 -0.0499 -4.13 nan
-3.25 -0.1914 0.05034 -0.0533 -3.80 nan
-3.00 -0.1670 0.04741 -0.0553 -3.52 nan
-2.75 -0.1433 0.04459 -0.0564 -3.21 nan
-2.50 -0.1164 0.04210 -0.0587 -2.76 nan
-2.25 -0.0958 0.03972 -0.0588 -2.41 nan
-2.00 -0.0765 0.03762 -0.0585 -2.03 nan
nan nan nan nan nan nan
-1.00 -0.0247 0.02835 -0.0460 -0.87 nan
-0.75 -0.0018 0.02610 -0.0450 -0.07 nan
-0.50 0.1658 0.02363 -0.0750 7.02 8.111
-0.25 0.1960 0.02217 -0.0747 8.84 6.453
0.00 0.2242 0.02093 -0.0744 10.71 5.333
0.25 0.2506 0.02010 -0.0738 12.47 4.586
0.50 0.2761 0.01939 -0.0731 14.24 4.017
0.75 0.3034 0.01880 -0.0727 16.14 3.546
1.00 0.3365 0.01820 -0.0735 18.49 3.096
1.25 0.3644 0.01781 -0.0734 20.46 2.798
1.50 0.3952 0.01587 -0.0738 24.90 2.300
1.75 0.4171 0.01623 -0.0728 25.70 2.228
2.00 0.4385 0.01663 -0.0719 26.37 2.172
2.25 0.6349 0.01925 -0.0976 32.98 1.737
2.50 0.6596 0.02046 -0.0964 32.24 1.777
2.75 0.6873 0.02185 -0.0955 31.46 1.821
3.00 0.7179 0.02355 -0.0951 30.48 1.879
3.25 0.7482 0.02532 -0.0946 29.55 1.938
3.50 0.7801 0.02781 -0.0943 28.05 2.042
3.75 0.8113 0.02946 -0.0930 27.54 2.080
4.00 0.8424 0.03177 -0.0915 26.52 2.160
4.25 0.8756 0.03465 -0.0903 25.27 2.266
4.50 0.9216 0.03683 -0.0882 25.02 2.288
4.75 0.9105 0.04458 -0.1136 20.42 2.803
5.00 0.9132 0.05620 -0.1249 16.25 3.522
5.25 0.8574 0.06109 -0.1220 14.04 4.075
nan nan nan nan nan nan
5.75 1.0141 0.06204 -0.1060 16.35 3.501
nan nan nan nan nan nan
6.25 1.0496 0.06282 -0.0816 16.71 3.425
6.50 1.0535 0.06584 -0.0782 16.00 3.576
6.75 1.0585 0.06961 -0.0758 15.21 3.763
7.00 1.0580 0.07314 -0.0736 14.47 3.955
7.25 1.0631 0.07735 -0.0730 13.74 4.161
7.50 1.0278 0.08074 -0.0676 12.73 4.492
7.75 1.0717 0.08581 -0.0706 12.49 4.578
8.00 1.0008 0.09004 -0.0661 11.12 5.141
8.25 0.9768 0.09467 -0.0663 10.32 5.536
8.50 0.9553 0.09960 -0.0672 9.59 5.952
8.75 0.9579 0.10445 -0.0675 9.17 6.223
9.00 0.9364 0.11046 -0.0703 8.48 6.728
9.25 0.9183 0.11634 -0.0745 7.89 7.220
9.50 0.9263 0.12095 -0.0730 7.66 7.439
9.75 0.9080 0.12648 -0.0774 7.18 7.930
10.00 0.9212 0.13098 -0.0750 7.03 8.092
10.25 0.9036 0.13611 -0.0793 6.64 8.566
10.50 0.8906 0.14080 -0.0826 6.33 8.984
10.75 0.9049 0.14547 -0.0803 6.22 9.133
11.00 0.8890 0.14979 -0.0841 5.93 9.564
11.25 0.8786 0.15381 -0.0868 5.71 9.930
11.50 0.8990 0.15903 -0.0837 5.65 10.032
11.75 0.8834 0.16248 -0.0873 5.44 10.422
12.00 0.8705 0.16559 -0.0903 5.26 10.770
12.25 0.8661 0.16880 -0.0920 5.13 11.029
12.50 0.8920 0.17556 -0.0885 5.08 11.134
12.75 0.8790 0.17762 -0.0918 4.95 11.424
13.00 0.8667 0.17910 -0.0948 4.84 11.676
13.25 0.8598 0.18119 -0.0971 4.75 11.900
13.50 0.8587 0.18397 -0.0986 4.67 12.092
13.75 0.8644 0.18772 -0.0989 4.60 12.253
14.00 0.8787 0.19438 -0.0981 4.52 12.474
14.25 0.8695 0.19552 -0.1011 4.45 12.673
14.50 0.8631 0.19699 -0.1037 4.38 12.857
14.75 0.8619 0.19956 -0.1056 4.32 13.036
15.00 0.8635 0.20263 -0.1070 4.26 13.206
15.25 0.8675 0.20612 -0.1079 4.21 13.366
15.50 0.8897 0.21573 -0.1061 4.12 13.630
15.75 0.8821 0.21632 -0.1088 4.08 13.779
16.00 0.8764 0.21728 -0.1116 4.03 13.924
