alpha cl cd cm xtrs xtri npts dcl dcd biest clalt cdalt
-6.00 -0.3583 0.09888 -0.0287 0.9793 0.1523 8 0.0012 0.00031 0 -0.3583 0.09888
-5.75 -0.3341 0.09466 -0.0349 0.9702 0.1591 9 0.0665 0.00367 0 -0.3341 0.09466
-5.50 -0.3115 0.09036 -0.0460 0.9592 0.1671 9 0.0645 0.00320 0 -0.3115 0.09036
-5.25 -0.2870 0.08707 -0.0461 0.9516 0.1749 9 0.0010 0.00060 0 -0.2870 0.08707
-5.00 -0.2553 0.08262 -0.0569 0.9415 0.1849 7 0.0079 0.00057 0 -0.2553 0.08262
-4.75 -0.2357 0.07945 -0.0571 0.9331 0.1921 9 0.0195 0.00093 0 -0.2357 0.07945
-4.50 -0.2049 0.07559 -0.0634 0.9249 0.2037 9 0.0103 0.00047 0 -0.2049 0.07559
-4.25 -0.1783 0.07231 -0.0685 0.9147 0.2173 9 0.0116 0.00044 0 -0.1783 0.07231
-4.00 -0.1413 0.06897 -0.0765 0.9053 0.2358 3 0.0000 0.00000 0 -0.1413 0.06897
-3.75 -0.1185 0.06596 -0.0773 0.8972 0.2483 3 0.0054 0.00028 0 -0.1185 0.06596
-3.50 -0.0115 0.05098 -0.1069 0.8942 0.1580 6 0.0134 0.00388 0 -0.0115 0.05098
-3.25 0.0424 0.04475 -0.1152 0.8874 0.1459 8 0.0503 0.01059 0 0.0424 0.04475
-3.00 0.0917 0.04208 -0.1203 0.8817 0.1513 8 0.0029 0.00044 0 0.0917 0.04208
-2.75 0.1271 0.04025 -0.1225 0.8728 0.1581 8 0.0085 0.00089 0 0.1271 0.04025
-2.50 0.1699 0.03853 -0.1257 0.8657 0.1677 8 0.0074 0.00018 0 0.1699 0.03853
-2.25 0.2073 0.03761 -0.1276 0.8579 0.1783 8 0.0044 0.00043 0 0.2073 0.03761
-2.00 0.2431 0.03681 -0.1292 0.8491 0.1909 8 0.0088 0.00039 0 0.2431 0.03681
-1.75 0.2821 0.03592 -0.1313 0.8423 0.2079 8 0.0081 0.00034 0 0.2821 0.03592
-1.50 0.3148 0.03545 -0.1323 0.8332 0.2249 8 0.0007 0.00004 0 0.3148 0.03545
-1.25 0.3497 0.03494 -0.1335 0.8255 0.2469 2 0.0000 0.00000 0 0.3497 0.03494
-1.00 0.3876 0.03431 -0.1351 0.8184 0.2715 8 0.0067 0.00033 0 0.3876 0.03431
-0.75 0.4140 0.03422 -0.1351 0.8087 0.2971 9 0.0191 0.00080 0 0.4140 0.03422
-0.50 0.4488 0.03370 -0.1361 0.8015 0.3311 9 0.0116 0.00051 0 0.4488 0.03370
-0.25 0.4938 0.03264 -0.1384 0.7976 0.3830 9 0.0151 0.00070 0 0.4938 0.03264
0.00 0.5163 0.03262 -0.1378 0.7874 0.4346 8 0.0182 0.00098 0 0.5163 0.03262
0.25 0.5471 0.03137 -0.1377 0.7809 0.6393 7 0.0057 0.00094 0 0.5471 0.03137
0.50 0.5650 0.03132 -0.1354 0.7712 0.9998 8 0.0201 0.00094 0 0.5650 0.03132
0.75 0.6080 0.03100 -0.1373 0.7667 0.9998 9 0.0027 0.00011 0 0.6080 0.03100
1.00 0.6260 0.03186 -0.1361 0.7564 0.9998 8 0.0084 0.00046 0 0.6260 0.03186
1.25 0.6649 0.03167 -0.1374 0.7510 0.9998 9 0.0186 0.00096 0 0.6649 0.03167
1.50 0.6854 0.03242 -0.1366 0.7424 0.9998 8 0.0216 0.00119 0 0.6854 0.03242
1.75 0.7139 0.03275 -0.1367 0.7353 0.9998 9 0.0202 0.00111 0 0.7139 0.03275
2.00 0.7509 0.03263 -0.1377 0.7303 0.9998 12 0.0348 0.00205 0 0.7509 0.03263
2.25 0.7624 0.03394 -0.1358 0.7197 0.9998 7 0.0212 0.00124 0 0.7624 0.03394
2.50 0.7976 0.03389 -0.1366 0.7150 0.9998 9 0.0360 0.00221 0 0.7976 0.03389
2.75 0.8055 0.03546 -0.1345 0.7049 0.9998 5 0.0319 0.00199 0 0.8055 0.03546
3.00 0.8502 0.03481 -0.1362 0.7014 0.9998 9 0.0026 0.00015 0 0.8502 0.03481
3.25 0.8593 0.03637 -0.1342 0.6919 0.9998 5 0.0165 0.00112 0 0.8593 0.03637
3.50 0.8898 0.03662 -0.1344 0.6857 0.9998 9 0.0467 0.00314 0 0.8898 0.03662
3.75 0.8987 0.03824 -0.1324 0.6768 0.9998 7 0.0386 0.00271 0 0.8987 0.03824
4.00 0.9202 0.03903 -0.1317 0.6699 0.9998 7 0.0461 0.00324 0 0.9202 0.03903
4.25 0.9433 0.03976 -0.1312 0.6630 0.9998 9 0.0660 0.00488 0 0.9433 0.03976
4.50 0.9569 0.04117 -0.1298 0.6552 0.9998 5 0.0383 0.00291 0 0.9569 0.04117
4.75 0.9341 0.04572 -0.1260 0.6409 0.9998 8 0.0432 0.00368 0 0.9341 0.04572
5.00 0.9773 0.04468 -0.1266 0.6374 0.9998 6 0.0025 0.00021 0 0.9773 0.04468
5.25 1.0197 0.04384 -0.1274 0.6339 0.9998 9 0.0662 0.00560 0 1.0197 0.04384
5.50 0.9949 0.04866 -0.1238 0.6203 0.9998 4 0.0472 0.00428 0 0.9949 0.04866
5.75 0.9821 0.05267 -0.1212 0.6084 0.9998 3 0.0263 0.00240 0 0.9821 0.05267
6.00 0.9940 0.05445 -0.1201 0.6000 0.9998 5 0.0310 0.00288 0 0.9940 0.05445
6.25 1.0189 0.05502 -0.1195 0.5938 0.9998 6 0.0258 0.00242 0 1.0189 0.05502
6.50 1.0388 0.05601 -0.1187 0.5865 0.9998 8 0.0530 0.00511 0 1.0388 0.05601
6.75 1.0202 0.06069 -0.1163 0.5739 0.9998 3 0.0009 0.00007 1 1.0924 0.05364
7.00 1.0205 0.06362 -0.1148 0.5643 0.9998 3 0.0106 0.00104 0 1.0205 0.06362
7.25 1.0676 0.06194 -0.1149 0.5605 0.9998 5 0.0246 0.00241 0 1.0676 0.06194
7.50 1.0798 0.06369 -0.1137 0.5519 0.9998 3 0.0502 0.00515 0 1.0798 0.06369
9.25 1.1220 0.07959 -0.1045 0.4817 0.9998 2 0.0000 0.00000 1 1.3158 0.05683
9.50 1.1712 0.07655 -0.1032 0.4761 0.9998 4 0.0330 0.00399 1 1.3345 0.05676
9.75 1.2296 0.07179 -0.1015 0.4713 0.9998 2 0.0000 0.00000 1 1.3266 0.05953
10.00 1.3720 0.05616 -0.1014 0.4700 0.9998 4 0.0504 0.00564 1 1.5339 0.04178
10.25 1.2875 0.06853 -0.0976 0.4521 0.9998 4 0.0217 0.00305 1 1.5762 0.03964
10.50 1.2708 0.07313 -0.0958 0.4369 0.9998 2 0.0000 0.00000 1 1.5757 0.04014
10.75 1.5845 0.03996 -0.1047 0.4192 0.9998 5 0.0156 0.00104 0 1.5845 0.03996
11.00 1.5901 0.03989 -0.1009 0.4030 0.9998 6 0.0150 0.00109 0 1.5901 0.03989
11.25 1.5888 0.04031 -0.0966 0.3862 0.9998 6 0.0086 0.00070 0 1.5888 0.04031
11.50 1.5786 0.04151 -0.0918 0.3691 0.9998 6 0.0070 0.00062 0 1.5786 0.04151
11.75 1.5713 0.04265 -0.0877 0.3496 0.9998 6 0.0041 0.00038 0 1.5713 0.04265
12.00 1.5602 0.04435 -0.0837 0.3277 0.9998 6 0.0024 0.00024 0 1.5602 0.04435
12.25 1.5455 0.04673 -0.0800 0.3031 0.9998 6 0.0033 0.00038 0 1.5455 0.04673
12.50 1.5280 0.04973 -0.0767 0.2761 0.9998 6 0.0024 0.00027 0 1.5280 0.04973
12.75 1.5088 0.05335 -0.0738 0.2483 0.9998 6 0.0012 0.00007 0 1.5088 0.05335
13.00 1.4900 0.05726 -0.0713 0.2221 0.9998 6 0.0006 0.00004 0 1.4900 0.05726
13.25 1.4736 0.06131 -0.0693 0.1987 0.9998 6 0.0015 0.00009 0 1.4736 0.06131
13.50 1.4613 0.06509 -0.0676 0.1783 0.9998 6 0.0016 0.00015 0 1.4613 0.06509
13.75 1.4556 0.06839 -0.0659 0.1607 0.9998 6 0.0023 0.00031 0 1.4556 0.06839
14.00 1.4530 0.07134 -0.0644 0.1459 0.9998 6 0.0030 0.00030 0 1.4530 0.07134
14.25 1.4560 0.07376 -0.0629 0.1331 0.9998 6 0.0041 0.00045 0 1.4560 0.07376
14.50 1.4634 0.07579 -0.0612 0.1220 0.9998 6 0.0076 0.00087 0 1.4634 0.07579
14.75 1.4819 0.07676 -0.0598 0.1124 0.9998 6 0.0085 0.00092 0 1.4819 0.07676
15.00 1.4899 0.07909 -0.0584 0.1051 0.9998 6 0.0185 0.00191 0 1.4899 0.07909
15.25 1.5081 0.08047 -0.0570 0.0981 0.9998 6 0.0108 0.00104 0 1.5081 0.08047
15.50 1.5111 0.08360 -0.0563 0.0938 0.9998 6 0.0142 0.00142 0 1.5111 0.08360
15.75 1.5399 0.08464 -0.0552 0.0881 0.9998 6 0.0232 0.00189 0 1.5399 0.08464
16.00 1.5285 0.08896 -0.0546 0.0859 0.9998 6 0.0073 0.00087 0 1.5285 0.08896
