alpha cl cd cm ld phi
-6.00 -0.6615 0.07840 0.0239 -8.44 nan
-5.75 -0.6512 0.07516 0.0282 -8.66 nan
-5.50 -0.6385 0.07172 0.0336 -8.90 nan
-5.25 -0.2679 0.05222 0.0154 -5.13 nan
-5.00 -0.2571 0.04974 0.0146 -5.17 nan
-4.75 -0.2464 0.04731 0.0139 -5.21 nan
-4.50 -0.3001 0.04906 0.0288 -6.12 nan
-4.25 -0.3609 0.04981 0.0422 -7.25 nan
-4.00 -0.4149 0.04927 0.0510 -8.42 nan
-3.75 -0.4606 0.04819 0.0569 -9.56 nan
-3.50 -0.4435 0.03496 0.0530 -12.69 nan
-3.25 -0.5011 0.04020 0.0162 -12.47 nan
-3.00 -0.4520 0.03625 0.0124 -12.47 nan
-2.75 -0.4245 0.03351 0.0134 -12.67 nan
-2.50 -0.3962 0.03111 0.0144 -12.74 nan
-2.25 -0.3692 0.02949 0.0160 -12.52 nan
-2.00 -0.3429 0.02744 0.0170 -12.50 nan
-1.75 -0.3149 0.02574 0.0179 -12.23 nan
-1.50 -0.2861 0.02434 0.0186 -11.75 nan
-1.25 -0.2558 0.02307 0.0192 -11.09 nan
-1.00 -0.2144 0.02162 0.0173 -9.92 nan
-0.75 -0.1780 0.02049 0.0165 -8.69 nan
-0.50 -0.1452 0.01443 0.0162 -10.06 nan
-0.25 -0.1171 0.01334 0.0166 -8.78 nan
0.00 0.0000 0.01590 0.0000 0.00 nan
0.25 0.0234 0.01090 0.0014 2.15 nan
0.50 0.1471 0.01951 -0.0166 7.54 7.555
0.75 0.1780 0.02049 -0.0165 8.69 6.567
1.00 0.2144 0.02161 -0.0173 9.92 5.756
1.25 0.2557 0.02307 -0.0192 11.08 5.155
1.50 0.2861 0.02434 -0.0186 11.75 4.863
1.75 0.3149 0.02574 -0.0179 12.23 4.673
2.00 0.3429 0.02744 -0.0170 12.50 4.575
2.25 0.3692 0.02949 -0.0160 12.52 4.567
2.50 0.3962 0.03111 -0.0144 12.74 4.490
2.75 0.4228 0.03334 -0.0131 12.68 4.509
3.00 0.4514 0.03607 -0.0122 12.51 4.569
3.25 0.5011 0.04020 -0.0162 12.47 4.587
3.50 0.5129 0.04678 -0.0639 10.96 5.211
3.75 0.4656 0.04818 -0.0578 9.66 5.908
4.00 0.4150 0.04946 -0.0510 8.39 6.796
4.25 0.3594 0.04983 -0.0419 7.21 7.894
4.50 0.3000 0.04916 -0.0289 6.10 9.306
4.75 0.2476 0.04716 -0.0140 5.25 10.784
5.00 0.2584 0.04958 -0.0149 5.21 10.862
5.25 0.2682 0.05220 -0.0155 5.14 11.014
5.50 0.6386 0.07171 -0.0336 8.91 6.407
5.75 0.6512 0.07515 -0.0282 8.67 6.583
6.00 0.6614 0.07839 -0.0240 8.44 6.759
6.25 0.6526 0.08070 -0.0234 8.09 7.049
6.50 0.6585 0.08380 -0.0219 7.86 7.252
6.75 0.6739 0.08841 -0.0177 7.62 7.474
7.00 0.6654 0.09059 -0.0193 7.35 7.753
7.25 0.6658 0.09379 -0.0188 7.10 8.018
7.50 0.6699 0.09733 -0.0179 6.88 8.267
7.75 0.6771 0.10116 -0.0166 6.69 8.497
8.00 0.5727 0.09905 -0.0136 5.78 9.812
8.25 0.6610 0.10635 -0.0176 6.22 9.140
8.50 0.6741 0.11082 -0.0159 6.08 9.336
8.75 0.6571 0.11228 -0.0184 5.85 9.697
9.00 0.6700 0.11691 -0.0169 5.73 9.898
9.25 0.6593 0.11869 -0.0190 5.55 10.205
9.50 0.6749 0.12388 -0.0173 5.45 10.401
9.75 0.6629 0.12531 -0.0199 5.29 10.704
10.00 0.6887 0.13211 -0.0168 5.21 10.859
10.25 0.6732 0.13286 -0.0201 5.07 11.164
10.50 0.6693 0.13504 -0.0218 4.96 11.407
10.75 0.6945 0.14233 -0.0188 4.88 11.582
11.00 0.6818 0.14299 -0.0220 4.77 11.845
11.25 0.6779 0.14494 -0.0239 4.68 12.069
11.50 0.6857 0.14873 -0.0238 4.61 12.238
11.75 0.6965 0.15405 -0.0234 4.52 12.472
12.00 0.6897 0.15508 -0.0260 4.45 12.672
12.25 0.6922 0.15785 -0.0270 4.39 12.846
12.50 0.7182 0.16666 -0.0242 4.31 13.064
12.75 0.7098 0.16691 -0.0272 4.25 13.233
13.00 0.7060 0.16798 -0.0295 4.20 13.384
13.25 0.7088 0.17057 -0.0309 4.16 13.531
13.50 0.7156 0.17405 -0.0314 4.11 13.670
13.75 0.7396 0.18361 -0.0293 4.03 13.942
14.00 0.7337 0.18353 -0.0321 4.00 14.044
14.25 0.7314 0.18414 -0.0345 3.97 14.131
14.50 0.7342 0.18625 -0.0362 3.94 14.234
14.75 0.7398 0.18919 -0.0373 3.91 14.345
15.00 0.7486 0.19316 -0.0377 3.88 14.468
15.25 0.7673 0.20232 -0.0366 3.79 14.771
15.50 0.7638 0.20161 -0.0393 3.79 14.786
15.75 0.7643 0.20213 -0.0417 3.78 14.814
16.00 0.7689 0.20429 -0.0434 3.76 14.879
