alpha cl cd clalt cdalt
-0.75 -0.0018 0.02610 0.1257 0.02614
1.75 0.4171 0.01623 0.5861 0.01713
2.00 0.4385 0.01663 0.6118 0.01808
7.50 1.0278 0.08074 1.0694 0.08191
8.00 1.0008 0.09004 1.0715 0.09033
8.25 0.9768 0.09467 1.0607 0.09497
8.50 0.9553 0.09960 1.0412 0.09873
8.75 0.9579 0.10445 1.0263 0.10276
9.00 0.9364 0.11046 1.0379 0.10803
9.25 0.9183 0.11634 1.0192 0.11241
9.50 0.9263 0.12095 1.0036 0.11782
9.75 0.9080 0.12648 0.9924 0.12292
10.00 0.9212 0.13098 1.0129 0.12770
10.25 0.9036 0.13611 0.9998 0.13270
10.50 0.8906 0.14080 0.9915 0.13730
10.75 0.9049 0.14547 0.9843 0.14166
11.00 0.8890 0.14979 1.0040 0.14708
11.25 0.8786 0.15381 1.0014 0.15161
11.50 0.8990 0.15903 0.9966 0.15565
11.75 0.8834 0.16248 0.9947 0.15953
12.00 0.8705 0.16559 0.9947 0.16431
12.25 0.8661 0.16880 0.9974 0.16814
12.50 0.8920 0.17556 1.0154 0.17419
12.75 0.8790 0.17762 1.0147 0.17766
13.00 0.8667 0.17910 1.0115 0.18176
13.25 0.8598 0.18119 1.0209 0.18494
13.50 0.8587 0.18397 1.0215 0.18832
13.75 0.8644 0.18772 1.0240 0.19211
14.00 0.8787 0.19438 1.0265 0.19608
14.25 0.8695 0.19552 1.0545 0.20505
14.50 0.8631 0.19699 1.0545 0.20738
14.75 0.8619 0.19956 1.0541 0.21008
15.00 0.8635 0.20263 1.0536 0.21267
15.25 0.8675 0.20612 1.0547 0.21546
15.50 0.8897 0.21573 1.0674 0.21850
15.75 0.8821 0.21632 1.0726 0.22366
16.00 0.8764 0.21728 1.0771 0.22594
