alpha cl cd cm xtrs xtri npts dcl dcd biest clalt cdalt
-6.00 -0.4062 0.08506 -0.0237 1.0000 0.0502 3 0.0085 0.00177 0 -0.4062 0.08506
-5.75 -0.3746 0.08364 -0.0346 1.0000 0.0511 3 0.0264 0.00316 0 -0.3746 0.08364
-5.50 -0.3577 0.07955 -0.0379 1.0000 0.0516 3 0.0048 0.00102 0 -0.3577 0.07955
-5.25 -0.3630 0.07447 -0.0320 1.0000 0.0527 2 0.0000 0.00000 0 -0.3630 0.07447
-5.00 -0.3562 0.07101 -0.0302 1.0000 0.0545 3 0.0009 0.00040 0 -0.3562 0.07101
-4.75 -0.3414 0.06787 -0.0315 1.0000 0.0569 3 0.0038 0.00040 0 -0.3414 0.06787
-4.50 -0.3202 0.06471 -0.0347 1.0000 0.0602 2 0.0000 0.00000 0 -0.3202 0.06471
-4.25 -0.2697 0.06159 -0.0467 1.0000 0.0650 2 0.0361 0.00215 0 -0.2697 0.06159
-4.00 -0.2546 0.05760 -0.0475 1.0000 0.0668 2 0.0000 0.00000 0 -0.2546 0.05760
-3.75 -0.2430 0.05450 -0.0463 1.0000 0.0700 3 0.0063 0.00056 0 -0.2430 0.05450
-3.50 -0.1851 0.05200 -0.0577 1.0000 0.0797 3 0.0139 0.00137 0 -0.1851 0.05200
-3.25 -0.1837 0.04810 -0.0540 1.0000 0.0831 3 0.0197 0.00035 0 -0.1837 0.04810
-3.00 -0.1457 0.04519 -0.0594 1.0000 0.0949 3 0.0056 0.00046 0 -0.1457 0.04519
-2.75 -0.1270 0.04257 -0.0593 1.0000 0.1034 3 0.0071 0.00064 0 -0.1270 0.04257
-2.50 -0.0876 0.03975 -0.0644 1.0000 0.1200 3 0.0151 0.00135 0 -0.0876 0.03975
-2.25 -0.0697 0.03729 -0.0638 1.0000 0.1293 1 0.0000 0.00000 0 -0.0697 0.03729
-2.00 -0.0379 0.03504 -0.0664 1.0000 0.1517 1 0.0000 0.00000 0 -0.0379 0.03504
-1.75 -0.0150 0.03298 -0.0667 1.0000 0.1723 1 0.0000 0.00000 0 -0.0150 0.03298
-0.50 0.1680 0.02237 -0.0748 1.0000 0.1090 1 0.0000 0.00000 0 0.1680 0.02237
-0.25 0.1936 0.02060 -0.0736 1.0000 0.0922 4 0.0202 0.01242 0 0.1936 0.02060
0.00 0.2173 0.01952 -0.0724 1.0000 0.0835 3 0.0212 0.01215 0 0.2173 0.01952
0.25 0.2480 0.01863 -0.0724 1.0000 0.0803 4 0.0229 0.01203 0 0.2480 0.01863
0.50 0.2737 0.01788 -0.0718 1.0000 0.0811 4 0.0242 0.01218 0 0.2737 0.01788
0.75 0.2985 0.01734 -0.0711 1.0000 0.0849 4 0.0261 0.01181 0 0.2985 0.01734
1.00 0.3228 0.01688 -0.0704 1.0000 0.0905 4 0.0285 0.01171 0 0.3228 0.01688
1.25 0.3559 0.01655 -0.0714 1.0000 0.1012 3 0.0308 0.01145 0 0.3559 0.01655
1.50 0.3837 0.01446 -0.0714 1.0000 0.1401 3 0.0425 0.01138 0 0.3837 0.01446
1.75 0.4233 0.01483 -0.0738 1.0000 1.0000 3 0.0709 0.01069 0 0.4233 0.01483
2.00 0.6067 0.00831 -0.0971 0.0715 1.0000 1 0.0000 0.00000 0 0.6067 0.00831
2.25 0.6420 0.01810 -0.0991 0.0666 1.0000 3 0.0139 0.00882 0 0.6420 0.01810
2.50 0.6657 0.01937 -0.0979 0.0638 1.0000 3 0.0142 0.00879 0 0.6657 0.01937
2.75 0.6936 0.02082 -0.0973 0.0646 1.0000 4 0.0147 0.00876 0 0.6936 0.02082
3.00 0.7235 0.02243 -0.0967 0.0667 1.0000 4 0.0144 0.00884 0 0.7235 0.02243
3.25 0.7544 0.02449 -0.0964 0.0703 1.0000 4 0.0149 0.00886 0 0.7544 0.02449
3.50 0.7856 0.02626 -0.0952 0.0801 1.0000 4 0.0170 0.00954 0 0.7856 0.02626
3.75 0.8175 0.02837 -0.0937 0.0955 1.0000 3 0.0202 0.01002 0 0.8175 0.02837
4.50 0.9553 0.03624 -0.0921 0.3364 1.0000 1 0.0000 0.00000 0 0.9553 0.03624
4.75 0.9691 0.04011 -0.0894 0.2978 1.0000 1 0.0000 0.00000 0 0.9691 0.04011
5.50 0.9969 0.04823 -0.0815 0.1792 1.0000 1 0.0000 0.00000 0 0.9969 0.04823
5.75 0.9669 0.04266 -0.0744 0.1550 1.0000 1 0.0000 0.00000 0 0.9669 0.04266
6.50 1.0348 0.06169 -0.0745 0.1054 1.0000 1 0.0000 0.00000 0 1.0348 0.06169
6.75 1.0407 0.06573 -0.0730 0.0962 1.0000 1 0.0000 0.00000 0 1.0407 0.06573
7.25 1.0502 0.07351 -0.0703 0.0821 1.0000 1 0.0000 0.00000 0 1.0502 0.07351
7.75 1.0751 0.08800 -0.0705 0.0726 1.0000 1 0.0000 0.00000 0 1.0751 0.08800
8.00 1.0630 0.08869 -0.0679 0.0719 1.0000 1 0.0000 0.00000 0 1.0630 0.08869
8.25 1.0482 0.09078 -0.0670 0.0701 1.0000 1 0.0000 0.00000 0 1.0482 0.09078
8.50 1.0372 0.09471 -0.0670 0.0685 1.0000 1 0.0000 0.00000 0 1.0372 0.09471
8.75 1.0238 0.09869 -0.0668 0.0676 1.0000 1 0.0000 0.00000 0 1.0238 0.09869
9.00 1.0107 0.10317 -0.0680 0.0670 1.0000 1 0.0000 0.00000 0 1.0107 0.10317
9.25 0.9992 0.10842 -0.0713 0.0665 1.0000 1 0.0000 0.00000 0 0.9992 0.10842
9.50 0.9914 0.11401 -0.0753 0.0656 1.0000 1 0.0000 0.00000 0 0.9914 0.11401
9.75 0.9874 0.11912 -0.0782 0.0642 1.0000 1 0.0000 0.00000 0 0.9874 0.11912
10.00 0.9873 0.12380 -0.0797 0.0623 1.0000 1 0.0000 0.00000 0 0.9873 0.12380
10.25 1.0143 0.12949 -0.0695 0.0584 1.0000 1 0.0000 0.00000 0 1.0143 0.12949
10.50 1.0050 0.13480 -0.0746 0.0583 1.0000 1 0.0000 0.00000 0 1.0050 0.13480
10.75 0.9981 0.13999 -0.0798 0.0582 1.0000 1 0.0000 0.00000 0 0.9981 0.13999
11.00 0.9923 0.14466 -0.0848 0.0579 1.0000 1 0.0000 0.00000 0 0.9923 0.14466
11.25 0.9873 0.14900 -0.0895 0.0573 1.0000 1 0.0000 0.00000 0 0.9873 0.14900
11.50 0.9845 0.15323 -0.0937 0.0562 1.0000 1 0.0000 0.00000 0 0.9845 0.15323
11.75 0.9847 0.15753 -0.0968 0.0547 1.0000 1 0.0000 0.00000 0 0.9847 0.15753
12.00 0.9867 0.16181 -0.0992 0.0530 1.0000 1 0.0000 0.00000 0 0.9867 0.16181
12.25 0.9898 0.16603 -0.1012 0.0514 1.0000 1 0.0000 0.00000 0 0.9898 0.16603
12.50 0.9940 0.17018 -0.1030 0.0498 1.0000 1 0.0000 0.00000 0 0.9940 0.17018
12.75 0.9993 0.17432 -0.1044 0.0483 1.0000 1 0.0000 0.00000 0 0.9993 0.17432
13.00 1.0076 0.17874 -0.1046 0.0467 1.0000 1 0.0000 0.00000 0 1.0076 0.17874
13.25 1.0270 0.18861 -0.1000 0.0447 1.0000 1 0.0000 0.00000 0 1.0270 0.18861
13.50 1.0286 0.19222 -0.1034 0.0446 1.0000 1 0.0000 0.00000 0 1.0286 0.19222
13.75 1.0301 0.19552 -0.1069 0.0444 1.0000 1 0.0000 0.00000 0 1.0301 0.19552
14.00 1.0315 0.19847 -0.1105 0.0442 1.0000 1 0.0000 0.00000 0 1.0315 0.19847
14.25 1.0326 0.20106 -0.1144 0.0438 1.0000 1 0.0000 0.00000 0 1.0326 0.20106
14.50 1.0345 0.20359 -0.1180 0.0431 1.0000 1 0.0000 0.00000 0 1.0345 0.20359
14.75 1.0384 0.20655 -0.1209 0.0420 1.0000 1 0.0000 0.00000 0 1.0384 0.20655
15.00 1.0439 0.20995 -0.1234 0.0407 1.0000 1 0.0000 0.00000 0 1.0439 0.20995
15.25 1.0499 0.21350 -0.1256 0.0395 1.0000 1 0.0000 0.00000 0 1.0499 0.21350
15.50 1.0563 0.21706 -0.1276 0.0382 1.0000 1 0.0000 0.00000 0 1.0563 0.21706
15.75 1.0630 0.22062 -0.1296 0.0368 1.0000 1 0.0000 0.00000 0 1.0630 0.22062
16.00 1.0699 0.22419 -0.1313 0.0354 1.0000 1 0.0000 0.00000 0 1.0699 0.22419
