alpha cl cd cm fuente
-180.0 -0.1521 0.0198 -0.0761 3
-179.5 -0.1176 0.0224 -0.0585 3
-179.0 -0.0670 0.0266 -0.0331 3
-178.5 -0.0164 0.0309 -0.0077 3
-178.0 0.0272 0.0351 0.0141 3
-177.5 0.0640 0.0398 0.0324 3
-177.0 0.1020 0.0452 0.0512 3
-176.5 0.1426 0.0511 0.0713 3
-176.0 0.1826 0.0576 0.0910 3
-175.5 0.2144 0.0647 0.1067 3
-175.0 0.2491 0.0710 0.1236 3
-174.5 0.2537 0.0785 0.1260 3
-174.0 0.2897 0.0839 0.1435 3
-173.5 0.2958 0.0858 0.1463 3
-173.0 0.3001 0.0873 0.1483 3
-172.5 0.3028 0.0883 0.1494 3
-172.0 0.3038 0.0890 0.1496 3
-171.5 0.3032 0.0893 0.1491 3
-171.0 0.3012 0.0893 0.1480 3
-170.5 0.2980 0.0891 0.1461 3
-170.0 0.2936 0.0886 0.1438 3
-169.5 0.2883 0.0881 0.1410 3
-169.0 0.2823 0.0874 0.1379 3
-168.5 0.2758 0.0868 0.1346 3
-168.0 0.2691 0.0862 0.1312 3
-167.5 0.2623 0.0858 0.1278 3
-167.0 0.2556 0.0857 0.1245 3
-166.5 0.2494 0.0858 0.1214 3
-166.0 0.2437 0.0864 0.1187 3
-165.5 0.2389 0.0874 0.1164 3
-165.0 0.2351 0.0889 0.1146 3
-164.5 0.2325 0.0911 0.1135 3
-164.0 0.2311 0.0938 0.1130 3
-163.5 0.2313 0.0973 0.1133 3
-163.0 0.2329 0.1014 0.1143 3
-162.5 0.2362 0.1063 0.1161 3
-162.0 0.2412 0.1120 0.1188 3
-161.5 0.2469 0.1180 0.1219 3
-161.0 0.2526 0.1243 0.1249 3
-160.5 0.2582 0.1306 0.1280 3
-160.0 0.2638 0.1371 0.1310 3
-159.5 0.2692 0.1438 0.1340 3
-159.0 0.2746 0.1506 0.1370 3
-158.5 0.2799 0.1575 0.1401 3
-158.0 0.2850 0.1645 0.1430 3
-157.5 0.2902 0.1717 0.1460 3
-157.0 0.2952 0.1790 0.1490 3
-156.5 0.3001 0.1864 0.1520 3
-156.0 0.3049 0.1940 0.1549 3
-155.5 0.3097 0.2016 0.1578 3
-155.0 0.3143 0.2094 0.1608 3
-154.5 0.3189 0.2173 0.1637 3
-154.0 0.3234 0.2253 0.1666 3
-153.5 0.3277 0.2334 0.1695 3
-153.0 0.3320 0.2416 0.1723 3
-152.5 0.3361 0.2500 0.1752 3
-152.0 0.3402 0.2584 0.1780 3
-151.5 0.3441 0.2669 0.1809 3
-151.0 0.3480 0.2756 0.1837 3
-150.5 0.3517 0.2843 0.1865 3
-150.0 0.3554 0.2931 0.1893 3
-149.5 0.3589 0.3020 0.1921 3
-149.0 0.3623 0.3110 0.1948 3
-148.5 0.3656 0.3201 0.1976 3
-148.0 0.3688 0.3292 0.2003 3
-147.5 0.3719 0.3385 0.2030 3
-147.0 0.3749 0.3478 0.2057 3
-146.5 0.3777 0.3572 0.2084 3
-146.0 0.3805 0.3666 0.2111 3
-145.5 0.3831 0.3761 0.2137 3
-145.0 0.3856 0.3857 0.2163 3
-144.5 0.3880 0.3954 0.2189 3
-144.0 0.3903 0.4051 0.2215 3
-143.5 0.3924 0.4148 0.2241 3
-143.0 0.3944 0.4246 0.2266 3
-142.5 0.3964 0.4345 0.2292 3
-142.0 0.3982 0.4444 0.2317 3
-141.5 0.3998 0.4543 0.2342 3
-141.0 0.4014 0.4643 0.2366 3
-140.5 0.4028 0.4743 0.2391 3
-140.0 0.4041 0.4844 0.2415 3
-139.5 0.4053 0.4945 0.2439 3
-139.0 0.4063 0.5046 0.2462 3
-138.5 0.4073 0.5148 0.2486 3
-138.0 0.4081 0.5249 0.2509 3
-137.5 0.4088 0.5351 0.2532 3
-137.0 0.4093 0.5453 0.2555 3
-136.5 0.4098 0.5555 0.2577 3
-136.0 0.4101 0.5657 0.2599 3
-135.5 0.4103 0.5760 0.2621 3
-135.0 0.4103 0.5862 0.2642 3
-134.5 0.4103 0.5964 0.2664 3
-134.0 0.4101 0.6067 0.2685 3
-133.5 0.4098 0.6169 0.2705 3
-133.0 0.4093 0.6271 0.2726 3
-132.5 0.4088 0.6373 0.2746 3
-132.0 0.4081 0.6475 0.2766 3
-131.5 0.4073 0.6576 0.2785 3
-131.0 0.4063 0.6678 0.2804 3
-130.5 0.4053 0.6779 0.2823 3
-130.0 0.4041 0.6880 0.2841 3
-129.5 0.4028 0.6981 0.2859 3
-129.0 0.4014 0.7081 0.2877 3
-128.5 0.3998 0.7181 0.2894 3
-128.0 0.3982 0.7280 0.2911 3
-127.5 0.3964 0.7379 0.2928 3
-127.0 0.3944 0.7478 0.2944 3
-126.5 0.3924 0.7576 0.2960 3
-126.0 0.3903 0.7673 0.2976 3
-125.5 0.3880 0.7770 0.2991 3
-125.0 0.3856 0.7867 0.3006 3
-124.5 0.3831 0.7963 0.3020 3
-124.0 0.3805 0.8058 0.3034 3
-123.5 0.3777 0.8152 0.3047 3
-123.0 0.3749 0.8246 0.3061 3
-122.5 0.3719 0.8339 0.3073 3
-122.0 0.3688 0.8432 0.3086 3
-121.5 0.3656 0.8523 0.3097 3
-121.0 0.3623 0.8614 0.3109 3
-120.5 0.3589 0.8704 0.3120 3
-120.0 0.3554 0.8793 0.3131 3
-119.5 0.3517 0.8881 0.3141 3
-119.0 0.3480 0.8968 0.3151 3
-118.5 0.3441 0.9055 0.3160 3
-118.0 0.3402 0.9140 0.3169 3
-117.5 0.3361 0.9224 0.3177 3
-117.0 0.3320 0.9308 0.3185 3
-116.5 0.3277 0.9390 0.3193 3
-116.0 0.3234 0.9471 0.3200 3
-115.5 0.3189 0.9551 0.3206 3
-115.0 0.3143 0.9630 0.3212 3
-114.5 0.3097 0.9708 0.3218 3
-114.0 0.3049 0.9784 0.3223 3
-113.5 0.3001 0.9860 0.3228 3
-113.0 0.2952 0.9934 0.3232 3
-112.5 0.2902 1.0007 0.3236 3
-112.0 0.2850 1.0079 0.3239 3
-111.5 0.2799 1.0149 0.3242 3
-111.0 0.2746 1.0218 0.3245 3
-110.5 0.2692 1.0286 0.3247 3
-110.0 0.2638 1.0353 0.3248 3
-109.5 0.2582 1.0418 0.3249 3
-109.0 0.2526 1.0481 0.3250 3
-108.5 0.2469 1.0544 0.3250 3
-108.0 0.2412 1.0604 0.3249 3
-107.5 0.2354 1.0664 0.3248 3
-107.0 0.2295 1.0722 0.3247 3
-106.5 0.2235 1.0778 0.3245 3
-106.0 0.2174 1.0833 0.3243 3
-105.5 0.2113 1.0887 0.3240 3
-105.0 0.2052 1.0939 0.3237 3
-104.5 0.1989 1.0989 0.3233 3
-104.0 0.1926 1.1038 0.3229 3
-103.5 0.1863 1.1085 0.3224 3
-103.0 0.1799 1.1131 0.3219 3
-102.5 0.1734 1.1175 0.3213 3
-102.0 0.1669 1.1217 0.3207 3
-101.5 0.1603 1.1258 0.3201 3
-101.0 0.1537 1.1297 0.3194 3
-100.5 0.1471 1.1335 0.3186 3
-100.0 0.1403 1.1370 0.3178 3
-99.5 0.1336 1.1405 0.3170 3
-99.0 0.1268 1.1437 0.3161 3
-98.5 0.1200 1.1468 0.3152 3
-98.0 0.1131 1.1497 0.3142 3
-97.5 0.1062 1.1524 0.3132 3
-97.0 0.0993 1.1550 0.3121 3
-96.5 0.0923 1.1574 0.3110 3
-96.0 0.0853 1.1596 0.3099 3
-95.5 0.0783 1.1616 0.3087 3
-95.0 0.0713 1.1635 0.3075 3
-94.5 0.0642 1.1652 0.3062 3
-94.0 0.0571 1.1667 0.3049 3
-93.5 0.0500 1.1680 0.3036 3
-93.0 0.0429 1.1692 0.3022 3
-92.5 0.0358 1.1702 0.3008 3
-92.0 0.0286 1.1710 0.2993 3
-91.5 0.0215 1.1716 0.2978 3
-91.0 0.0143 1.1720 0.2963 3
-90.5 0.0072 1.1723 0.2947 3
-90.0 0.0000 1.1724 0.2931 3
-89.5 -0.0102 1.1723 0.2910 2
-89.0 -0.0205 1.1720 0.2889 2
-88.5 -0.0307 1.1716 0.2868 2
-88.0 -0.0409 1.1710 0.2846 2
-87.5 -0.0511 1.1702 0.2824 2
-87.0 -0.0613 1.1692 0.2802 2
-86.5 -0.0714 1.1680 0.2780 2
-86.0 -0.0816 1.1667 0.2758 2
-85.5 -0.0917 1.1652 0.2735 2
-85.0 -0.1018 1.1635 0.2713 2
-84.5 -0.1119 1.1616 0.2690 2
-84.0 -0.1219 1.1596 0.2667 2
-83.5 -0.1319 1.1574 0.2643 2
-83.0 -0.1418 1.1550 0.2620 2
-82.5 -0.1517 1.1524 0.2597 2
-82.0 -0.1616 1.1497 0.2573 2
-81.5 -0.1714 1.1468 0.2549 2
-81.0 -0.1811 1.1437 0.2525 2
-80.5 -0.1908 1.1405 0.2501 2
-80.0 -0.2005 1.1370 0.2477 2
-79.5 -0.2101 1.1335 0.2452 2
-79.0 -0.2196 1.1297 0.2428 2
-78.5 -0.2290 1.1258 0.2403 2
-78.0 -0.2384 1.1217 0.2379 2
-77.5 -0.2477 1.1175 0.2354 2
-77.0 -0.2570 1.1131 0.2329 2
-76.5 -0.2661 1.1085 0.2304 2
-76.0 -0.2752 1.1038 0.2279 2
-75.5 -0.2842 1.0989 0.2254 2
-75.0 -0.2931 1.0939 0.2228 2
-74.5 -0.3019 1.0887 0.2203 2
-74.0 -0.3106 1.0833 0.2178 2
-73.5 -0.3193 1.0778 0.2152 2
-73.0 -0.3278 1.0722 0.2127 2
-72.5 -0.3362 1.0664 0.2101 2
-72.0 -0.3446 1.0604 0.2075 2
-71.5 -0.3528 1.0544 0.2050 2
-71.0 -0.3609 1.0481 0.2024 2
-70.5 -0.3689 1.0418 0.1998 2
-70.0 -0.3768 1.0353 0.1972 2
-69.5 -0.3846 1.0286 0.1947 2
-69.0 -0.3922 1.0218 0.1921 2
-68.5 -0.3998 1.0149 0.1895 2
-68.0 -0.4072 1.0079 0.1869 2
-67.5 -0.4145 1.0007 0.1843 2
-67.0 -0.4217 0.9934 0.1817 2
-66.5 -0.4287 0.9860 0.1791 2
-66.0 -0.4356 0.9784 0.1766 2
-65.5 -0.4424 0.9708 0.1740 2
-65.0 -0.4491 0.9630 0.1714 2
-64.5 -0.4556 0.9551 0.1688 2
-64.0 -0.4619 0.9471 0.1662 2
-63.5 -0.4682 0.9390 0.1636 2
-63.0 -0.4742 0.9308 0.1611 2
-62.5 -0.4802 0.9224 0.1585 2
-62.0 -0.4860 0.9140 0.1559 2
-61.5 -0.4916 0.9055 0.1534 2
-61.0 -0.4971 0.8968 0.1508 2
-60.5 -0.5025 0.8881 0.1483 2
-60.0 -0.5077 0.8793 0.1457 2
-59.5 -0.5127 0.8704 0.1432 2
-59.0 -0.5176 0.8614 0.1407 2
-58.5 -0.5223 0.8523 0.1382 2
-58.0 -0.5269 0.8432 0.1357 2
-57.5 -0.5313 0.8339 0.1332 2
-57.0 -0.5355 0.8246 0.1307 2
-56.5 -0.5396 0.8152 0.1282 2
-56.0 -0.5435 0.8058 0.1257 2
-55.5 -0.5473 0.7963 0.1233 2
-55.0 -0.5508 0.7867 0.1208 2
-54.5 -0.5543 0.7770 0.1184 2
-54.0 -0.5575 0.7673 0.1160 2
-53.5 -0.5606 0.7576 0.1136 2
-53.0 -0.5635 0.7478 0.1112 2
-52.5 -0.5662 0.7379 0.1088 2
-52.0 -0.5688 0.7280 0.1064 2
-51.5 -0.5712 0.7181 0.1040 2
-51.0 -0.5734 0.7081 0.1017 2
-50.5 -0.5754 0.6981 0.0994 2
-50.0 -0.5773 0.6880 0.0971 2
-49.5 -0.5790 0.6779 0.0948 2
-49.0 -0.5805 0.6678 0.0925 2
-48.5 -0.5818 0.6576 0.0902 2
-48.0 -0.5830 0.6475 0.0880 2
-47.5 -0.5840 0.6373 0.0857 2
-47.0 -0.5848 0.6271 0.0835 2
-46.5 -0.5854 0.6169 0.0813 2
-46.0 -0.5858 0.6067 0.0792 2
-45.5 -0.5861 0.5964 0.0770 2
-45.0 -0.5862 0.5862 0.0749 2
-44.5 -0.5861 0.5760 0.0728 2
-44.0 -0.5858 0.5657 0.0707 2
-43.5 -0.5854 0.5555 0.0686 2
-43.0 -0.5848 0.5453 0.0665 2
-42.5 -0.5840 0.5351 0.0645 2
-42.0 -0.5830 0.5249 0.0625 2
-41.5 -0.5818 0.5148 0.0605 2
-41.0 -0.5805 0.5046 0.0586 2
-40.5 -0.5790 0.4945 0.0566 2
-40.0 -0.5773 0.4844 0.0547 2
-39.5 -0.5754 0.4743 0.0528 2
-39.0 -0.5734 0.4643 0.0509 2
-38.5 -0.5712 0.4543 0.0491 2
-38.0 -0.5688 0.4444 0.0473 2
-37.5 -0.5662 0.4345 0.0455 2
-37.0 -0.5635 0.4246 0.0437 2
-36.5 -0.5606 0.4148 0.0420 2
-36.0 -0.5575 0.4051 0.0402 2
-35.5 -0.5543 0.3954 0.0385 2
-35.0 -0.5508 0.3857 0.0369 2
-34.5 -0.5473 0.3761 0.0352 2
-34.0 -0.5435 0.3666 0.0336 2
-33.5 -0.5396 0.3572 0.0320 2
-33.0 -0.5355 0.3478 0.0305 2
-32.5 -0.5313 0.3385 0.0290 2
-32.0 -0.5269 0.3292 0.0275 2
-31.5 -0.5223 0.3201 0.0260 2
-31.0 -0.5176 0.3110 0.0245 2
-30.5 -0.5127 0.3020 0.0231 2
-30.0 -0.5077 0.2931 0.0217 2
-29.5 -0.5025 0.2843 0.0204 2
-29.0 -0.4971 0.2756 0.0191 2
-28.5 -0.4916 0.2669 0.0178 2
-28.0 -0.4860 0.2584 0.0165 2
-27.5 -0.4802 0.2500 0.0153 2
-27.0 -0.4742 0.2416 0.0141 2
-26.5 -0.4682 0.2334 0.0129 2
-26.0 -0.4619 0.2253 0.0118 2
-25.5 -0.4556 0.2173 0.0107 2
-25.0 -0.4491 0.2094 0.0096 2
-24.5 -0.4424 0.2016 0.0085 2
-24.0 -0.4356 0.1940 0.0075 2
-23.5 -0.4287 0.1864 0.0066 2
-23.0 -0.4217 0.1790 0.0056 2
-22.5 -0.4145 0.1717 0.0047 2
-22.0 -0.4072 0.1645 0.0038 2
-21.5 -0.3998 0.1575 0.0030 2
-21.0 -0.3922 0.1506 0.0022 2
-20.5 -0.3846 0.1438 0.0014 2
-20.0 -0.3768 0.1371 0.0006 2
-19.5 -0.3689 0.1306 -0.0001 2
-19.0 -0.3609 0.1243 -0.0007 2
-18.5 -0.3528 0.1180 -0.0014 2
-18.0 -0.3446 0.1120 -0.0020 2
-17.5 -0.3375 0.1063 -0.0026 2
-17.0 -0.3328 0.1014 -0.0031 2
-16.5 -0.3304 0.0973 -0.0037 2
-16.0 -0.3302 0.0938 -0.0043 2
-15.5 -0.3321 0.0911 -0.0049 2
-15.0 -0.3359 0.0889 -0.0056 2
-14.5 -0.3413 0.0874 -0.0063 2
-14.0 -0.3482 0.0864 -0.0071 2
-13.5 -0.3562 0.0858 -0.0079 2
-13.0 -0.3652 0.0857 -0.0087 2
-12.5 -0.3746 0.0858 -0.0096 2
-12.0 -0.3844 0.0862 -0.0105 2
-11.5 -0.3941 0.0868 -0.0115 2
-11.0 -0.4033 0.0874 -0.0125 2
-10.5 -0.4119 0.0881 -0.0135 2
-10.0 -0.4194 0.0886 -0.0145 2
-9.5 -0.4257 0.0891 -0.0155 2
-9.0 -0.4303 0.0893 -0.0164 2
-8.5 -0.4331 0.0893 -0.0173 2
-8.0 -0.4339 0.0890 -0.0181 2
-7.5 -0.4325 0.0883 -0.0188 2
-7.0 -0.4288 0.0873 -0.0194 2
-6.5 -0.4225 0.0858 -0.0199 2
-6.0 -0.4138 0.0839 -0.0202 0
-5.5 -0.3624 0.0785 -0.0364 0
-5.0 -0.3558 0.0710 -0.0303 0
-4.5 -0.3063 0.0647 -0.0399 0
-4.0 -0.2609 0.0576 -0.0455 0
-3.5 -0.2037 0.0511 -0.0532 0
-3.0 -0.1457 0.0452 -0.0594 0
-2.5 -0.0915 0.0398 -0.0634 0
-2.0 -0.0389 0.0351 -0.0662 0
-1.5 0.0234 0.0309 -0.0686 0
-1.0 0.0957 0.0266 -0.0717 0
-0.5 0.1680 0.0224 -0.0748 0
0.0 0.2173 0.0198 -0.0724 0
0.5 0.2682 0.0179 -0.0706 0
1.0 0.3170 0.0171 -0.0693 0
1.5 0.3837 0.0164 -0.0714 0
2.0 0.6200 0.0170 -0.1007 0
2.5 0.6660 0.0194 -0.0979 0
3.0 0.7236 0.0224 -0.0967 0
3.5 0.7858 0.0263 -0.0950 0
4.0 0.8634 0.0311 -0.0921 0
4.5 0.9553 0.0362 -0.0921 0
5.0 0.9776 0.0423 -0.0862 0
5.5 0.9969 0.0482 -0.0815 0
6.0 1.0174 0.0547 -0.0779 0
6.5 1.0348 0.0617 -0.0745 0
7.0 1.0518 0.0699 -0.0722 0
7.5 1.0554 0.0778 -0.0692 0
8.0 1.0630 0.0887 -0.0679 0
8.5 1.0459 0.0951 -0.0670 0
9.0 1.0113 0.1004 -0.0661 1
9.5 0.9754 0.1036 -0.0649 1
10.0 0.9440 0.1069 -0.0640 1
10.5 0.9163 0.1104 -0.0632 1
11.0 0.8919 0.1140 -0.0626 1
11.5 0.8702 0.1178 -0.0621 1
12.0 0.8510 0.1217 -0.0618 1
12.5 0.8340 0.1258 -0.0616 1
13.0 0.8188 0.1301 -0.0614 1
13.5 0.8053 0.1345 -0.0614 1
14.0 0.7933 0.1391 -0.0615 1
14.5 0.7825 0.1438 -0.0617 1
15.0 0.7730 0.1487 -0.0619 1
15.5 0.7645 0.1537 -0.0622 1
16.0 0.7569 0.1589 -0.0626 1
16.5 0.7502 0.1642 -0.0630 1
17.0 0.7442 0.1697 -0.0635 1
17.5 0.7389 0.1753 -0.0640 1
18.0 0.7342 0.1810 -0.0646 1
18.5 0.7301 0.1869 -0.0653 1
19.0 0.7264 0.1930 -0.0660 1
19.5 0.7233 0.1991 -0.0667 1
20.0 0.7205 0.2054 -0.0675 1
20.5 0.7181 0.2118 -0.0683 1
21.0 0.7160 0.2184 -0.0691 1
21.5 0.7142 0.2251 -0.0700 1
22.0 0.7127 0.2319 -0.0709 1
22.5 0.7114 0.2388 -0.0718 1
23.0 0.7104 0.2459 -0.0728 1
23.5 0.7095 0.2530 -0.0738 1
24.0 0.7088 0.2603 -0.0749 1
24.5 0.7082 0.2677 -0.0760 1
25.0 0.7078 0.2752 -0.0770 1
25.5 0.7075 0.2829 -0.0782 1
26.0 0.7072 0.2906 -0.0793 1
26.5 0.7071 0.2984 -0.0805 1
27.0 0.7070 0.3064 -0.0817 1
27.5 0.7070 0.3144 -0.0829 1
28.0 0.7070 0.3225 -0.0842 1
28.5 0.7071 0.3308 -0.0855 1
29.0 0.7072 0.3391 -0.0867 1
29.5 0.7073 0.3475 -0.0881 1
30.0 0.7073 0.3560 -0.0894 1
30.5 0.7074 0.3646 -0.0908 1
31.0 0.7075 0.3733 -0.0921 1
31.5 0.7075 0.3820 -0.0935 1
32.0 0.7075 0.3908 -0.0950 1
32.5 0.7075 0.3997 -0.0964 1
33.0 0.7074 0.4087 -0.0979 1
33.5 0.7073 0.4177 -0.0993 1
34.0 0.7071 0.4268 -0.1008 1
34.5 0.7069 0.4360 -0.1023 1
35.0 0.7066 0.4452 -0.1038 1
35.5 0.7062 0.4545 -0.1054 1
36.0 0.7057 0.4638 -0.1069 1
36.5 0.7052 0.4732 -0.1085 1
37.0 0.7046 0.4826 -0.1101 1
37.5 0.7039 0.4921 -0.1117 1
38.0 0.7031 0.5016 -0.1133 1
38.5 0.7021 0.5112 -0.1150 1
39.0 0.7011 0.5208 -0.1166 1
39.5 0.7000 0.5304 -0.1183 1
40.0 0.6988 0.5401 -0.1199 1
40.5 0.6975 0.5497 -0.1216 1
41.0 0.6961 0.5594 -0.1233 1
41.5 0.6945 0.5692 -0.1250 1
42.0 0.6929 0.5789 -0.1267 1
42.5 0.6911 0.5887 -0.1285 1
43.0 0.6892 0.5984 -0.1302 1
43.5 0.6872 0.6082 -0.1320 1
44.0 0.6850 0.6180 -0.1337 1
44.5 0.6827 0.6278 -0.1355 1
45.0 0.6803 0.6376 -0.1373 1
45.5 0.6778 0.6473 -0.1391 1
46.0 0.6751 0.6571 -0.1409 1
46.5 0.6724 0.6669 -0.1427 1
47.0 0.6694 0.6766 -0.1445 1
47.5 0.6664 0.6864 -0.1463 1
48.0 0.6632 0.6961 -0.1482 1
48.5 0.6599 0.7058 -0.1500 1
49.0 0.6564 0.7154 -0.1518 1
49.5 0.6528 0.7251 -0.1537 1
50.0 0.6491 0.7347 -0.1556 1
50.5 0.6452 0.7443 -0.1574 1
51.0 0.6412 0.7538 -0.1593 1
51.5 0.6371 0.7633 -0.1612 1
52.0 0.6328 0.7727 -0.1630 1
52.5 0.6284 0.7821 -0.1649 1
53.0 0.6239 0.7915 -0.1668 1
53.5 0.6192 0.8008 -0.1687 1
54.0 0.6144 0.8100 -0.1706 1
54.5 0.6094 0.8192 -0.1725 1
55.0 0.6043 0.8284 -0.1744 1
55.5 0.5991 0.8374 -0.1763 1
56.0 0.5937 0.8464 -0.1782 1
56.5 0.5882 0.8553 -0.1801 1
57.0 0.5826 0.8642 -0.1820 1
57.5 0.5768 0.8730 -0.1840 1
58.0 0.5710 0.8817 -0.1859 1
58.5 0.5649 0.8903 -0.1878 1
59.0 0.5588 0.8988 -0.1897 1
59.5 0.5525 0.9073 -0.1916 1
60.0 0.5461 0.9156 -0.1935 1
60.5 0.5396 0.9239 -0.1954 1
61.0 0.5329 0.9321 -0.1973 1
61.5 0.5261 0.9401 -0.1993 1
62.0 0.5192 0.9481 -0.2012 1
62.5 0.5122 0.9560 -0.2031 1
63.0 0.5050 0.9637 -0.2050 1
63.5 0.4978 0.9714 -0.2069 1
64.0 0.4904 0.9789 -0.2088 1
64.5 0.4829 0.9864 -0.2106 1
65.0 0.4753 0.9937 -0.2125 1
65.5 0.4676 1.0009 -0.2144 1
66.0 0.4597 1.0080 -0.2163 1
66.5 0.4518 1.0150 -0.2182 1
67.0 0.4438 1.0218 -0.2200 1
67.5 0.4356 1.0285 -0.2219 1
68.0 0.4274 1.0351 -0.2237 1
68.5 0.4190 1.0415 -0.2256 1
69.0 0.4106 1.0479 -0.2274 1
69.5 0.4020 1.0541 -0.2293 1
70.0 0.3934 1.0601 -0.2311 1
70.5 0.3846 1.0660 -0.2329 1
71.0 0.3758 1.0718 -0.2347 1
71.5 0.3669 1.0774 -0.2365 1
72.0 0.3579 1.0829 -0.2383 1
72.5 0.3489 1.0882 -0.2401 1
73.0 0.3397 1.0934 -0.2418 1
73.5 0.3305 1.0985 -0.2436 1
74.0 0.3212 1.1033 -0.2453 1
74.5 0.3118 1.1081 -0.2471 1
75.0 0.3023 1.1127 -0.2488 1
75.5 0.2928 1.1171 -0.2505 1
76.0 0.2832 1.1214 -0.2522 1
76.5 0.2736 1.1255 -0.2539 1
77.0 0.2639 1.1294 -0.2556 1
77.5 0.2541 1.1332 -0.2572 1
78.0 0.2443 1.1368 -0.2589 1
78.5 0.2344 1.1403 -0.2605 1
79.0 0.2245 1.1436 -0.2621 1
79.5 0.2146 1.1467 -0.2637 1
80.0 0.2046 1.1497 -0.2653 1
80.5 0.1945 1.1525 -0.2669 1
81.0 0.1844 1.1551 -0.2684 1
81.5 0.1743 1.1575 -0.2699 1
82.0 0.1642 1.1598 -0.2715 1
82.5 0.1540 1.1619 -0.2730 1
83.0 0.1438 1.1638 -0.2744 1
83.5 0.1336 1.1656 -0.2759 1
84.0 0.1233 1.1672 -0.2774 1
84.5 0.1131 1.1686 -0.2788 1
85.0 0.1028 1.1698 -0.2802 1
85.5 0.0925 1.1709 -0.2816 1
86.0 0.0822 1.1718 -0.2829 1
86.5 0.0719 1.1725 -0.2843 1
87.0 0.0616 1.1730 -0.2856 1
87.5 0.0513 1.1733 -0.2869 1
88.0 0.0411 1.1735 -0.2882 1
88.5 0.0308 1.1735 -0.2895 1
89.0 0.0205 1.1733 -0.2907 1
89.5 0.0102 1.1729 -0.2919 1
90.0 0.0000 1.1724 -0.2931 1
90.5 -0.0072 1.1729 -0.2949 3
91.0 -0.0143 1.1733 -0.2966 3
91.5 -0.0215 1.1735 -0.2983 3
92.0 -0.0287 1.1735 -0.3000 3
92.5 -0.0359 1.1733 -0.3016 3
93.0 -0.0431 1.1730 -0.3032 3
93.5 -0.0504 1.1725 -0.3047 3
94.0 -0.0576 1.1718 -0.3063 3
94.5 -0.0648 1.1709 -0.3077 3
95.0 -0.0720 1.1698 -0.3092 3
95.5 -0.0792 1.1686 -0.3106 3
96.0 -0.0863 1.1672 -0.3120 3
96.5 -0.0935 1.1656 -0.3133 3
97.0 -0.1007 1.1638 -0.3146 3
97.5 -0.1078 1.1619 -0.3158 3
98.0 -0.1149 1.1598 -0.3170 3
98.5 -0.1220 1.1575 -0.3182 3
99.0 -0.1291 1.1551 -0.3193 3
99.5 -0.1362 1.1525 -0.3204 3
100.0 -0.1432 1.1497 -0.3214 3
100.5 -0.1502 1.1467 -0.3224 3
101.0 -0.1572 1.1436 -0.3234 3
101.5 -0.1641 1.1403 -0.3243 3
102.0 -0.1710 1.1368 -0.3251 3
102.5 -0.1779 1.1332 -0.3260 3
103.0 -0.1847 1.1294 -0.3267 3
103.5 -0.1915 1.1255 -0.3275 3
104.0 -0.1983 1.1214 -0.3282 3
104.5 -0.2050 1.1171 -0.3288 3
105.0 -0.2116 1.1127 -0.3294 3
105.5 -0.2182 1.1081 -0.3300 3
106.0 -0.2248 1.1033 -0.3305 3
106.5 -0.2313 1.0985 -0.3310 3
107.0 -0.2378 1.0934 -0.3315 3
107.5 -0.2442 1.0882 -0.3318 3
108.0 -0.2505 1.0829 -0.3322 3
108.5 -0.2568 1.0774 -0.3325 3
109.0 -0.2631 1.0718 -0.3328 3
109.5 -0.2693 1.0660 -0.3330 3
110.0 -0.2754 1.0601 -0.3332 3
110.5 -0.2814 1.0541 -0.3333 3
111.0 -0.2874 1.0479 -0.3334 3
111.5 -0.2933 1.0415 -0.3334 3
112.0 -0.2991 1.0351 -0.3334 3
112.5 -0.3049 1.0285 -0.3334 3
113.0 -0.3106 1.0218 -0.3333 3
113.5 -0.3163 1.0150 -0.3332 3
114.0 -0.3218 1.0080 -0.3331 3
114.5 -0.3273 1.0009 -0.3328 3
115.0 -0.3327 0.9937 -0.3326 3
115.5 -0.3380 0.9864 -0.3323 3
116.0 -0.3433 0.9789 -0.3320 3
116.5 -0.3484 0.9714 -0.3316 3
117.0 -0.3535 0.9637 -0.3312 3
117.5 -0.3585 0.9560 -0.3308 3
118.0 -0.3634 0.9481 -0.3303 3
118.5 -0.3683 0.9401 -0.3298 3
119.0 -0.3730 0.9321 -0.3292 3
119.5 -0.3777 0.9239 -0.3287 3
120.0 -0.3823 0.9156 -0.3280 3
120.5 -0.3867 0.9073 -0.3274 3
121.0 -0.3911 0.8988 -0.3267 3
121.5 -0.3955 0.8903 -0.3259 3
122.0 -0.3997 0.8817 -0.3252 3
122.5 -0.4038 0.8730 -0.3244 3
123.0 -0.4078 0.8642 -0.3235 3
123.5 -0.4118 0.8553 -0.3227 3
124.0 -0.4156 0.8464 -0.3218 3
124.5 -0.4194 0.8374 -0.3208 3
125.0 -0.4230 0.8284 -0.3199 3
125.5 -0.4266 0.8192 -0.3189 3
126.0 -0.4301 0.8100 -0.3178 3
126.5 -0.4334 0.8008 -0.3168 3
127.0 -0.4367 0.7915 -0.3157 3
127.5 -0.4399 0.7821 -0.3146 3
128.0 -0.4430 0.7727 -0.3135 3
128.5 -0.4460 0.7633 -0.3123 3
129.0 -0.4489 0.7538 -0.3111 3
129.5 -0.4517 0.7443 -0.3099 3
130.0 -0.4544 0.7347 -0.3087 3
130.5 -0.4570 0.7251 -0.3074 3
131.0 -0.4595 0.7154 -0.3062 3
131.5 -0.4619 0.7058 -0.3049 3
132.0 -0.4642 0.6961 -0.3036 3
132.5 -0.4665 0.6864 -0.3022 3
133.0 -0.4686 0.6766 -0.3009 3
133.5 -0.4706 0.6669 -0.2995 3
134.0 -0.4726 0.6571 -0.2981 3
134.5 -0.4745 0.6473 -0.2967 3
135.0 -0.4762 0.6376 -0.2953 3
135.5 -0.4779 0.6278 -0.2939 3
136.0 -0.4795 0.6180 -0.2925 3
136.5 -0.4810 0.6082 -0.2910 3
137.0 -0.4824 0.5984 -0.2896 3
137.5 -0.4838 0.5887 -0.2881 3
138.0 -0.4850 0.5789 -0.2867 3
138.5 -0.4862 0.5692 -0.2852 3
139.0 -0.4872 0.5594 -0.2837 3
139.5 -0.4883 0.5497 -0.2822 3
140.0 -0.4892 0.5401 -0.2807 3
140.5 -0.4900 0.5304 -0.2792 3
141.0 -0.4908 0.5208 -0.2778 3
141.5 -0.4915 0.5112 -0.2763 3
142.0 -0.4921 0.5016 -0.2748 3
142.5 -0.4927 0.4921 -0.2733 3
143.0 -0.4932 0.4826 -0.2718 3
143.5 -0.4936 0.4732 -0.2704 3
144.0 -0.4940 0.4638 -0.2689 3
144.5 -0.4943 0.4545 -0.2675 3
145.0 -0.4946 0.4452 -0.2660 3
145.5 -0.4948 0.4360 -0.2646 3
146.0 -0.4950 0.4268 -0.2632 3
146.5 -0.4951 0.4177 -0.2618 3
147.0 -0.4952 0.4087 -0.2605 3
147.5 -0.4953 0.3997 -0.2591 3
148.0 -0.4953 0.3908 -0.2578 3
148.5 -0.4953 0.3820 -0.2565 3
149.0 -0.4952 0.3733 -0.2553 3
149.5 -0.4952 0.3646 -0.2540 3
150.0 -0.4951 0.3560 -0.2528 3
150.5 -0.4951 0.3475 -0.2517 3
151.0 -0.4950 0.3391 -0.2506 3
151.5 -0.4950 0.3308 -0.2495 3
152.0 -0.4949 0.3225 -0.2484 3
152.5 -0.4949 0.3144 -0.2475 3
153.0 -0.4949 0.3064 -0.2465 3
153.5 -0.4950 0.2984 -0.2457 3
154.0 -0.4951 0.2906 -0.2448 3
154.5 -0.4952 0.2829 -0.2441 3
155.0 -0.4954 0.2752 -0.2434 3
155.5 -0.4958 0.2677 -0.2428 3
156.0 -0.4961 0.2603 -0.2423 3
156.5 -0.4966 0.2530 -0.2419 3
157.0 -0.4972 0.2459 -0.2415 3
157.5 -0.4980 0.2388 -0.2413 3
158.0 -0.4989 0.2319 -0.2411 3
158.5 -0.5000 0.2251 -0.2411 3
159.0 -0.5012 0.2184 -0.2412 3
159.5 -0.5027 0.2118 -0.2415 3
160.0 -0.5043 0.2054 -0.2419 3
160.5 -0.5063 0.1991 -0.2424 3
161.0 -0.5085 0.1930 -0.2431 3
161.5 -0.5111 0.1869 -0.2440 3
162.0 -0.5139 0.1810 -0.2451 3
162.5 -0.5172 0.1753 -0.2465 3
163.0 -0.5209 0.1697 -0.2480 3
163.5 -0.5251 0.1642 -0.2499 3
164.0 -0.5298 0.1589 -0.2520 3
164.5 -0.5351 0.1537 -0.2544 3
165.0 -0.5411 0.1487 -0.2572 3
165.5 -0.5478 0.1438 -0.2604 3
166.0 -0.5553 0.1391 -0.2640 3
166.5 -0.5637 0.1345 -0.2680 3
167.0 -0.5732 0.1301 -0.2726 3
167.5 -0.5838 0.1258 -0.2779 3
168.0 -0.5957 0.1217 -0.2837 3
168.5 -0.6092 0.1178 -0.2904 3
169.0 -0.6243 0.1140 -0.2979 3
169.5 -0.6414 0.1104 -0.3064 3
170.0 -0.6608 0.1069 -0.3161 3
170.5 -0.6828 0.1036 -0.3270 3
171.0 -0.7079 0.1004 -0.3396 3
171.5 -0.7321 0.0951 -0.3516 3
172.0 -0.7441 0.0887 -0.3580 3
172.5 -0.7388 0.0778 -0.3558 3
173.0 -0.7363 0.0699 -0.3553 3
173.5 -0.7244 0.0617 -0.3502 3
174.0 -0.7122 0.0547 -0.3451 3
174.5 -0.6978 0.0482 -0.3389 3
175.0 -0.6843 0.0423 -0.3332 3
175.5 -0.6687 0.0362 -0.3264 3
176.0 -0.6044 0.0311 -0.2958 3
176.5 -0.5501 0.0263 -0.2700 3
177.0 -0.5065 0.0224 -0.2493 3
177.5 -0.4662 0.0194 -0.2301 3
178.0 -0.4340 0.0170 -0.2148 3
178.5 -0.2686 0.0164 -0.1333 3
179.0 -0.2219 0.0171 -0.1105 3
179.5 -0.1877 0.0179 -0.0937 3
180.0 -0.1521 0.0198 -0.0761 3
