alpha cl cd cm xtrs xtri npts dcl dcd biest clalt cdalt
-5.75 -0.6301 0.06783 0.0061 1.0000 0.1581 5 0.0002 0.00011 0 -0.6301 0.06783
-5.50 -0.6225 0.06455 0.0056 1.0000 0.1699 3 0.0000 0.00000 0 -0.6225 0.06455
-5.25 -0.6125 0.06129 0.0062 1.0000 0.1844 5 0.0016 0.00060 0 -0.6125 0.06129
-5.00 -0.6013 0.05818 0.0078 1.0000 0.2008 1 0.0000 0.00000 0 -0.6013 0.05818
-4.75 -0.5921 0.05570 0.0088 1.0000 0.2170 3 0.0000 0.00000 0 -0.5921 0.05570
-4.50 -0.5808 0.05275 0.0110 1.0000 0.2359 3 0.0000 0.00000 0 -0.5808 0.05275
-4.25 -0.5713 0.05024 0.0132 1.0000 0.2657 3 0.0003 0.00021 0 -0.5713 0.05024
-4.00 -0.5619 0.04765 0.0164 1.0000 0.3033 4 0.0337 0.00962 0 -0.5619 0.04765
-3.50 -0.5499 0.04304 0.0264 1.0000 0.3957 1 0.0000 0.00000 0 -0.5499 0.04304
-3.25 -0.5462 0.04123 0.0320 1.0000 0.4546 1 0.0000 0.00000 0 -0.5462 0.04123
-3.00 -0.5416 0.03852 0.0386 1.0000 0.5036 4 0.0012 0.00025 0 -0.5416 0.03852
-2.75 -0.5344 0.03595 0.0446 1.0000 0.5470 4 0.0006 0.00032 0 -0.5344 0.03595
-2.50 -0.4030 0.02976 0.0166 1.0000 0.1487 4 0.0041 0.00050 0 -0.4030 0.02976
-2.25 -0.3730 0.02727 0.0182 1.0000 0.1253 5 0.0057 0.00058 0 -0.3730 0.02727
-2.00 -0.3483 0.02563 0.0200 1.0000 0.1171 6 0.0055 0.00078 0 -0.3483 0.02563
-1.75 -0.3225 0.02386 0.0212 1.0000 0.1134 6 0.0067 0.00045 0 -0.3225 0.02386
-1.50 -0.2959 0.02235 0.0224 1.0000 0.1104 6 0.0071 0.00004 0 -0.2959 0.02235
-1.25 -0.2684 0.02102 0.0233 1.0000 0.1101 6 0.0068 0.00014 0 -0.2684 0.02102
-1.00 -0.2412 0.01994 0.0243 1.0000 0.1132 6 0.0077 0.00029 0 -0.2412 0.01994
-0.75 -0.2130 0.01884 0.0248 1.0000 0.1167 6 0.0078 0.00031 0 -0.2130 0.01884
-0.50 -0.1867 0.01794 0.0259 1.0000 0.1199 4 0.0042 0.00018 0 -0.1867 0.01794
-0.25 -0.1535 0.01696 0.0253 1.0000 0.1323 2 0.0051 0.00014 1 0.0896 0.01532
0.00 -0.1208 0.01622 0.0249 1.0000 0.1479 2 0.0042 0.00009 1 0.1208 0.01622
0.25 -0.0896 0.01532 0.0246 1.0000 0.2005 2 0.0044 0.00021 1 0.1535 0.01696
0.50 0.1867 0.01794 -0.0259 0.1199 1.0000 5 0.0074 0.00028 0 0.1867 0.01794
0.75 0.2130 0.01884 -0.0248 0.1167 1.0000 6 0.0078 0.00031 0 0.2130 0.01884
1.00 0.2412 0.01994 -0.0243 0.1132 1.0000 6 0.0077 0.00029 0 0.2412 0.01994
1.25 0.2684 0.02102 -0.0233 0.1101 1.0000 6 0.0068 0.00014 0 0.2684 0.02102
1.50 0.2959 0.02235 -0.0224 0.1104 1.0000 6 0.0072 0.00004 0 0.2959 0.02235
1.75 0.3225 0.02386 -0.0212 0.1134 1.0000 6 0.0067 0.00045 0 0.3225 0.02386
2.00 0.3465 0.02535 -0.0197 0.1169 1.0000 9 0.0055 0.00078 0 0.3465 0.02535
2.25 0.3749 0.02727 -0.0183 0.1255 1.0000 6 0.0057 0.00058 0 0.3749 0.02727
2.50 0.4018 0.02962 -0.0163 0.1499 1.0000 4 0.0418 0.00207 1 0.5060 0.02650
2.75 0.5344 0.03595 -0.0446 0.5470 1.0000 3 0.0357 0.01338 0 0.5344 0.03595
3.00 0.5041 0.02514 -0.0390 0.5233 1.0000 3 0.0374 0.01338 0 0.5041 0.02514
3.25 0.5455 0.04077 -0.0324 0.4565 1.0000 2 0.0000 0.00038 0 0.5455 0.04077
3.50 0.5507 0.04287 -0.0268 0.4095 1.0000 1 0.0000 0.00000 0 0.5507 0.04287
4.25 0.5713 0.05024 -0.0132 0.2657 1.0000 1 0.0000 0.00000 0 0.5713 0.05024
4.50 0.5808 0.05275 -0.0110 0.2359 1.0000 3 0.0000 0.00000 0 0.5808 0.05275
4.75 0.5921 0.05570 -0.0088 0.2170 1.0000 1 0.0000 0.00000 0 0.5921 0.05570
5.00 0.6029 0.05883 -0.0069 0.2002 1.0000 3 0.0000 0.00000 0 0.6029 0.05883
5.25 0.6133 0.06174 -0.0058 0.1844 1.0000 3 0.0000 0.00000 0 0.6133 0.06174
5.50 0.6226 0.06455 -0.0056 0.1699 1.0000 3 0.0000 0.00000 0 0.6226 0.06455
5.75 0.6301 0.06783 -0.0061 0.1581 1.0000 4 0.0001 0.00011 0 0.6301 0.06783
6.00 0.6424 0.07178 -0.0024 0.1517 1.0000 2 0.0000 0.00048 0 0.6424 0.07178
6.25 0.6453 0.07440 -0.0057 0.1402 1.0000 5 0.0020 0.00025 0 0.6453 0.07440
6.50 0.6522 0.07786 -0.0057 0.1350 1.0000 5 0.0085 0.00235 0 0.6522 0.07786
6.75 0.6544 0.08145 -0.0069 0.1274 1.0000 4 0.0107 0.00044 0 0.6544 0.08145
7.00 0.6657 0.08542 -0.0040 0.1253 1.0000 4 0.0048 0.00079 0 0.6657 0.08542
7.25 0.6776 0.08927 -0.0018 0.1196 1.0000 7 0.0170 0.00296 0 0.6776 0.08927
7.50 0.6638 0.09232 -0.0078 0.1158 1.0000 4 0.0007 0.00050 0 0.6638 0.09232
7.75 0.6590 0.09527 -0.0049 0.1129 1.0000 5 0.0680 0.00447 0 0.6590 0.09527
8.00 0.6625 0.09874 -0.0098 0.1102 1.0000 6 0.0230 0.00145 0 0.6625 0.09874
8.25 0.6765 0.10420 -0.0060 0.1053 1.0000 4 0.0427 0.00530 0 0.6765 0.10420
8.50 0.6714 0.10673 -0.0084 0.1033 1.0000 4 0.0286 0.00389 0 0.6714 0.10673
8.75 0.6768 0.11078 -0.0075 0.1012 1.0000 4 0.0157 0.00081 0 0.6768 0.11078
9.00 0.6625 0.11268 -0.0114 0.1002 1.0000 4 0.0126 0.00096 0 0.6625 0.11268
9.25 0.6551 0.11503 -0.0143 0.0978 1.0000 4 0.0054 0.00033 0 0.6551 0.11503
9.50 0.6547 0.11804 -0.0156 0.0948 1.0000 4 0.0024 0.00008 0 0.6547 0.11804
9.75 0.6588 0.12138 -0.0158 0.0917 1.0000 4 0.0018 0.00002 0 0.6588 0.12138
10.00 0.6924 0.13037 -0.0090 0.0876 1.0000 4 0.0102 0.00295 0 0.6924 0.13037
10.25 0.6822 0.13207 -0.0128 0.0873 1.0000 4 0.0116 0.00309 0 0.6822 0.13207
10.50 0.6734 0.13360 -0.0163 0.0864 1.0000 4 0.0105 0.00280 0 0.6734 0.13360
10.75 0.6685 0.13554 -0.0191 0.0847 1.0000 4 0.0036 0.00142 0 0.6685 0.13554
11.00 0.6685 0.13821 -0.0207 0.0823 1.0000 4 0.0018 0.00042 0 0.6685 0.13821
11.25 0.6720 0.14141 -0.0215 0.0798 1.0000 4 0.0049 0.00002 0 0.6720 0.14141
11.50 0.6734 0.14464 -0.0224 0.0776 1.0000 3 0.0124 0.00140 0 0.6734 0.14464
11.75 0.6908 0.15069 -0.0204 0.0755 1.0000 4 0.0215 0.00481 0 0.6908 0.15069
12.00 0.6950 0.15435 -0.0216 0.0754 1.0000 2 0.0000 0.00000 0 0.6950 0.15435
12.25 0.7007 0.15906 -0.0217 0.0731 1.0000 4 0.0206 0.00662 0 0.7007 0.15906
12.50 0.6987 0.16087 -0.0240 0.0721 1.0000 4 0.0154 0.00552 0 0.6987 0.16087
12.75 0.6980 0.16284 -0.0261 0.0709 1.0000 4 0.0072 0.00347 0 0.6980 0.16284
13.00 0.6991 0.16503 -0.0279 0.0693 1.0000 4 0.0002 0.00151 0 0.6991 0.16503
13.25 0.7032 0.16792 -0.0290 0.0675 1.0000 4 0.0052 0.00028 0 0.7032 0.16792
13.50 0.7197 0.17493 -0.0275 0.0655 1.0000 4 0.0306 0.00800 0 0.7197 0.17493
13.75 0.7198 0.17683 -0.0295 0.0645 1.0000 4 0.0213 0.00567 0 0.7198 0.17683
14.00 0.7204 0.17869 -0.0316 0.0635 1.0000 4 0.0120 0.00304 0 0.7204 0.17869
14.25 0.7231 0.18091 -0.0332 0.0624 1.0000 4 0.0053 0.00084 0 0.7231 0.18091
14.50 0.7284 0.18389 -0.0343 0.0609 1.0000 4 0.0013 0.00059 0 0.7284 0.18389
14.75 0.7378 0.18849 -0.0345 0.0594 1.0000 4 0.0075 0.00417 0 0.7378 0.18849
15.00 0.7497 0.19506 -0.0345 0.0582 1.0000 4 0.0200 0.01131 0 0.7497 0.19506
15.25 0.7513 0.19659 -0.0365 0.0573 1.0000 4 0.0106 0.00812 0 0.7513 0.19659
15.50 0.7534 0.19805 -0.0383 0.0565 1.0000 4 0.0008 0.00428 0 0.7534 0.19805
15.75 0.7584 0.20048 -0.0397 0.0555 1.0000 4 0.0080 0.00011 0 0.7584 0.20048
16.00 0.7701 0.20648 -0.0400 0.0543 1.0000 4 0.0225 0.00787 0 0.7701 0.20648
