alpha cl cd cm ld phi
-6.00 -0.2296 0.08516 -0.0627 -2.70 nan
-5.75 -0.2122 0.08061 -0.0695 -2.63 nan
-5.50 -0.1853 0.07742 -0.0713 -2.39 nan
-5.25 -0.1609 0.07276 -0.0798 -2.21 nan
-5.00 -0.1321 0.06933 -0.0840 -1.91 nan
-4.75 -0.1046 0.06536 -0.0910 -1.60 nan
-4.50 -0.0723 0.06196 -0.0942 -1.17 nan
-4.25 -0.0127 0.04947 -0.1134 -0.26 nan
-4.00 0.0237 0.04331 -0.1153 0.55 nan
-3.75 0.0642 0.04197 -0.1212 1.53 33.174
-3.50 0.1256 0.03366 -0.1304 3.73 15.002
-3.25 0.1622 0.03239 -0.1323 5.01 11.293
-3.00 0.2098 0.03087 -0.1359 6.80 8.370
-2.75 0.2421 0.02977 -0.1367 8.13 7.010
-2.50 0.2801 0.02890 -0.1384 9.69 5.891
-2.25 0.3261 0.02775 -0.1413 11.75 4.864
-2.00 0.3543 0.02726 -0.1413 13.00 4.400
-1.75 0.4000 0.02622 -0.1440 15.26 3.750
-1.50 0.4287 0.02576 -0.1439 16.64 3.439
-1.25 0.4712 0.02480 -0.1459 19.00 3.013
-1.00 0.4980 0.02448 -0.1455 20.34 2.814
-0.75 0.5322 0.02379 -0.1463 22.37 2.559
-0.50 0.5653 0.02310 -0.1468 24.47 2.340
-0.25 0.5965 0.02241 -0.1470 26.62 2.152
0.00 0.6261 0.02105 -0.1467 29.74 1.926
0.25 0.6540 0.02044 -0.1455 32.00 1.790
0.50 0.6929 0.02008 -0.1468 34.51 1.660
0.75 0.7178 0.02032 -0.1462 35.32 1.622
1.00 0.7483 0.02034 -0.1463 36.79 1.557
1.25 0.7803 0.02030 -0.1467 38.44 1.490
1.50 0.8121 0.02028 -0.1471 40.04 1.431
1.75 0.8376 0.02056 -0.1466 40.74 1.406
2.00 0.8652 0.02077 -0.1464 41.66 1.375
2.25 0.8910 0.02108 -0.1460 42.27 1.355
2.50 0.9239 0.02107 -0.1466 43.85 1.306
2.75 0.9458 0.02158 -0.1457 43.83 1.307
3.00 0.9770 0.02169 -0.1460 45.04 1.272
3.25 1.0007 0.02212 -0.1454 45.24 1.266
3.50 1.0279 0.02245 -0.1452 45.79 1.251
3.75 1.0536 0.02280 -0.1448 46.21 1.240
4.00 1.0775 0.02329 -0.1442 46.26 1.238
4.25 1.1069 0.02354 -0.1444 47.02 1.218
4.50 1.1279 0.02413 -0.1434 46.74 1.226
4.75 1.1615 0.02417 -0.1441 48.06 1.192
5.00 1.1782 0.02500 -0.1425 47.13 1.216
5.25 1.2071 0.02529 -0.1426 47.73 1.200
5.50 1.2282 0.02589 -0.1416 47.44 1.208
5.75 1.2541 0.02627 -0.1413 47.74 1.200
6.00 1.2785 0.02675 -0.1407 47.79 1.199
6.25 1.2994 0.02740 -0.1397 47.42 1.208
6.50 1.3280 0.02768 -0.1397 47.98 1.194
6.75 1.3456 0.02840 -0.1381 47.38 1.209
7.00 1.3814 0.02830 -0.1391 48.81 1.174
7.25 1.3960 0.02911 -0.1371 47.96 1.195
7.50 1.4203 0.02944 -0.1363 48.24 1.187
7.75 1.4424 0.02983 -0.1353 48.35 1.185
8.00 1.4667 0.03000 -0.1344 48.89 1.172
8.25 1.4908 0.02998 -0.1333 49.73 1.152
8.50 1.5134 0.02990 -0.1320 50.62 1.132
8.75 1.5357 0.02976 -0.1305 51.60 1.110
9.00 1.5562 0.02971 -0.1289 52.38 1.094
9.25 1.5782 0.02964 -0.1275 53.25 1.076
9.50 1.5918 0.02976 -0.1248 53.49 1.071
9.75 1.6055 0.02989 -0.1222 53.71 1.067
10.00 1.6173 0.03003 -0.1193 53.86 1.064
10.25 1.6218 0.03039 -0.1153 53.37 1.074
10.50 1.6217 0.03081 -0.1106 52.64 1.088
10.75 1.6184 0.03148 -0.1058 51.41 1.114
11.00 1.6135 0.03236 -0.1011 49.86 1.149
11.25 1.6082 0.03346 -0.0967 48.06 1.192
11.50 1.6002 0.03492 -0.0924 45.82 1.250
11.75 1.5890 0.03690 -0.0883 43.06 1.330
12.00 1.5746 0.03945 -0.0845 39.91 1.435
12.25 1.5565 0.04265 -0.0810 36.49 1.570
12.50 1.5358 0.04646 -0.0778 33.06 1.733
12.75 1.5145 0.05069 -0.0752 29.88 1.917
13.00 1.4949 0.05511 -0.0732 27.13 2.111
13.25 1.4785 0.05944 -0.0715 24.87 2.302
13.50 1.4658 0.06348 -0.0701 23.09 2.480
13.75 1.4577 0.06703 -0.0688 21.75 2.633
14.00 1.4541 0.07018 -0.0675 20.72 2.763
14.25 1.4536 0.07290 -0.0663 19.94 2.871
14.50 1.4564 0.07523 -0.0650 19.36 2.957
14.75 1.4624 0.07737 -0.0637 18.90 3.028
15.00 1.4755 0.07854 -0.0620 18.79 3.047
15.25 1.4790 0.08112 -0.0612 18.23 3.139
15.50 1.4944 0.08232 -0.0599 18.15 3.153
15.75 1.5002 0.08470 -0.0585 17.71 3.231
16.00 1.5171 0.08595 -0.0579 17.65 3.243
