x cf H
0.00051 0.007029 2.2295
0.00099 0.063375 2.3009
0.00195 0.061151 2.3180
0.00314 0.058060 2.3349
0.00457 0.054560 2.3511
0.00625 0.050948 2.3665
0.00820 0.047401 2.3809
0.01047 0.044010 2.3944
0.01309 0.040825 2.4068
0.01610 0.037855 2.4183
0.01960 0.035101 2.4287
0.02364 0.032550 2.4383
0.02834 0.030188 2.4470
0.03381 0.027999 2.4550
0.04017 0.025968 2.4624
0.04752 0.024086 2.4695
0.05593 0.022342 2.4765
0.06541 0.020727 2.4838
0.07588 0.019229 2.4919
0.08722 0.017832 2.5015
0.09929 0.016518 2.5129
0.11194 0.015263 2.5270
0.12505 0.014045 2.5445
0.13854 0.012841 2.5667
0.15233 0.011627 2.5949
0.16636 0.010381 2.6314
0.18060 0.009079 2.6795
0.19502 0.007703 2.7439
0.20960 0.006242 2.8316
0.22430 0.004706 2.9533
0.23912 0.003139 3.1238
0.25405 0.001638 3.3629
0.26906 0.000357 3.6932
0.28416 -0.000536 4.1315
0.29932 -0.000960 4.6777
0.31455 -0.001033 5.3369
0.32984 -0.000977 6.1126
0.34518 -0.000912 7.0052
0.36058 -0.000868 8.0141
0.37606 -0.000838 9.1402
0.39164 -0.000818 10.3851
0.40741 -0.000805 11.7611
0.42343 -0.000796 13.2177
0.43957 -0.000791 14.7383
0.45579 -0.000787 16.3192
0.47205 -0.000786 17.9557
0.48834 -0.000785 19.6439
0.50464 -0.000786 21.3803
0.52096 -0.000787 23.1611
0.53728 -0.000789 24.9826
0.55361 -0.000791 26.8406
0.56993 -0.000793 28.7304
0.58626 -0.000795 30.6466
0.60258 -0.000798 32.5830
0.61890 -0.000801 34.5324
0.63521 -0.000803 36.4865
0.65151 -0.000805 38.4347
0.66780 -0.000807 40.3640
0.68407 -0.000809 42.2568
0.70033 -0.000810 44.0861
0.71657 -0.000350 40.0567
0.73280 -0.000338 23.2351
0.74900 -0.000291 18.2875
0.76518 -0.000239 15.6801
0.78133 -0.000205 14.0356
0.79746 -0.000181 12.9129
0.81356 -0.000163 12.0837
0.82963 -0.000149 11.4477
0.84567 -0.000137 10.9468
0.86166 -0.000127 10.5445
0.87761 -0.000119 10.2165
0.89349 -0.000112 9.9461
0.90927 -0.000106 9.7215
0.92487 -0.000100 9.5338
0.94018 -0.000095 9.3768
0.95495 -0.000091 9.2459
0.96881 -0.000088 9.1378
0.98134 -0.000085 9.0499
0.99221 -0.000082 8.9777
1.00025 -0.000081 8.9274
