alpha cl cd cm xtrs xtri npan dcl dcd
1.50 0.4622 0.03556 -0.1255 1.0000 0.1285 1 0.0000 0.00000
1.75 0.4864 0.03513 -0.1251 1.0000 0.1162 2 0.0161 0.00045
2.00 0.5151 0.03484 -0.1258 1.0000 0.1130 2 0.0165 0.00023
2.25 0.5442 0.03481 -0.1264 1.0000 0.1098 2 0.0162 0.00015
2.50 0.5787 0.03503 -0.1280 0.9975 0.1116 2 0.0135 0.00009
2.75 0.6252 0.03542 -0.1319 0.9894 0.1300 2 0.0137 0.00012
3.00 0.6701 0.03584 -0.1354 0.9829 0.1685 2 0.0105 0.00024
3.25 0.9837 0.02362 -0.1632 0.0814 1.0000 2 0.0036 0.00003
3.50 1.0013 0.02493 -0.1608 0.0771 1.0000 2 0.0047 0.00020
3.75 1.0213 0.02641 -0.1588 0.0744 1.0000 2 0.0025 0.00006
4.00 1.0525 0.02816 -0.1586 0.0739 1.0000 2 0.0012 0.00004
4.25 1.0985 0.03068 -0.1609 0.0748 1.0000 2 0.0021 0.00005
4.50 1.1389 0.03291 -0.1622 0.0752 1.0000 2 0.0053 0.00017
4.75 1.1782 0.03540 -0.1628 0.0784 1.0000 2 0.0045 0.00128
5.00 1.2164 0.03798 -0.1628 0.0883 1.0000 2 0.0006 0.00046
5.25 1.2548 0.04031 -0.1617 0.1076 1.0000 2 0.0022 0.00046
5.50 1.3021 0.04277 -0.1602 0.1537 1.0000 2 0.0015 0.00036
5.75 1.3782 0.04430 -0.1606 0.3085 1.0000 1 0.0000 0.00000
