alpha cl cd cm fuente
-180.0 0.0958 0.0386 0.0479 3
-179.5 0.1124 0.0445 0.0562 3
-179.0 0.1113 0.0501 0.0558 3
-178.5 0.1076 0.0567 0.0541 3
-178.0 0.1154 0.0630 0.0581 3
-177.5 0.1382 0.0682 0.0696 3
-177.0 0.1653 0.0744 0.0831 3
-176.5 0.1915 0.0798 0.0961 3
-176.0 0.2113 0.0855 0.1059 3
-175.5 0.2314 0.0912 0.1159 3
-175.0 0.2467 0.0962 0.1235 3
-174.5 0.2566 0.1014 0.1285 3
-174.0 0.2634 0.1085 0.1321 3
-173.5 0.2696 0.1103 0.1351 3
-173.0 0.2743 0.1115 0.1374 3
-172.5 0.2775 0.1120 0.1388 3
-172.0 0.2793 0.1120 0.1396 3
-171.5 0.2797 0.1114 0.1396 3
-171.0 0.2788 0.1104 0.1390 3
-170.5 0.2769 0.1089 0.1378 3
-170.0 0.2739 0.1071 0.1362 3
-169.5 0.2702 0.1051 0.1341 3
-169.0 0.2658 0.1029 0.1317 3
-168.5 0.2610 0.1007 0.1291 3
-168.0 0.2559 0.0985 0.1264 3
-167.5 0.2508 0.0965 0.1237 3
-167.0 0.2459 0.0948 0.1210 3
-166.5 0.2413 0.0934 0.1186 3
-166.0 0.2372 0.0925 0.1164 3
-165.5 0.2338 0.0922 0.1147 3
-165.0 0.2313 0.0925 0.1134 3
-164.5 0.2297 0.0936 0.1126 3
-164.0 0.2294 0.0955 0.1124 3
-163.5 0.2303 0.0982 0.1129 3
-163.0 0.2325 0.1018 0.1142 3
-162.5 0.2361 0.1064 0.1161 3
-162.0 0.2412 0.1120 0.1188 3
-161.5 0.2469 0.1180 0.1219 3
-161.0 0.2526 0.1243 0.1249 3
-160.5 0.2582 0.1306 0.1280 3
-160.0 0.2638 0.1371 0.1310 3
-159.5 0.2692 0.1438 0.1340 3
-159.0 0.2746 0.1506 0.1370 3
-158.5 0.2799 0.1575 0.1401 3
-158.0 0.2850 0.1645 0.1430 3
-157.5 0.2902 0.1717 0.1460 3
-157.0 0.2952 0.1790 0.1490 3
-156.5 0.3001 0.1864 0.1520 3
-156.0 0.3049 0.1940 0.1549 3
-155.5 0.3097 0.2016 0.1578 3
-155.0 0.3143 0.2094 0.1608 3
-154.5 0.3189 0.2173 0.1637 3
-154.0 0.3234 0.2253 0.1666 3
-153.5 0.3277 0.2334 0.1695 3
-153.0 0.3320 0.2416 0.1723 3
-152.5 0.3361 0.2500 0.1752 3
-152.0 0.3402 0.2584 0.1780 3
-151.5 0.3441 0.2669 0.1809 3
-151.0 0.3480 0.2756 0.1837 3
-150.5 0.3517 0.2843 0.1865 3
-150.0 0.3554 0.2931 0.1893 3
-149.5 0.3589 0.3020 0.1921 3
-149.0 0.3623 0.3110 0.1948 3
-148.5 0.3656 0.3201 0.1976 3
-148.0 0.3688 0.3292 0.2003 3
-147.5 0.3719 0.3385 0.2030 3
-147.0 0.3749 0.3478 0.2057 3
-146.5 0.3777 0.3572 0.2084 3
-146.0 0.3805 0.3666 0.2111 3
-145.5 0.3831 0.3761 0.2137 3
-145.0 0.3856 0.3857 0.2163 3
-144.5 0.3880 0.3954 0.2189 3
-144.0 0.3903 0.4051 0.2215 3
-143.5 0.3924 0.4148 0.2241 3
-143.0 0.3944 0.4246 0.2266 3
-142.5 0.3964 0.4345 0.2292 3
-142.0 0.3982 0.4444 0.2317 3
-141.5 0.3998 0.4543 0.2342 3
-141.0 0.4014 0.4643 0.2366 3
-140.5 0.4028 0.4743 0.2391 3
-140.0 0.4041 0.4844 0.2415 3
-139.5 0.4053 0.4945 0.2439 3
-139.0 0.4063 0.5046 0.2462 3
-138.5 0.4073 0.5148 0.2486 3
-138.0 0.4081 0.5249 0.2509 3
-137.5 0.4088 0.5351 0.2532 3
-137.0 0.4093 0.5453 0.2555 3
-136.5 0.4098 0.5555 0.2577 3
-136.0 0.4101 0.5657 0.2599 3
-135.5 0.4103 0.5760 0.2621 3
-135.0 0.4103 0.5862 0.2642 3
-134.5 0.4103 0.5964 0.2664 3
-134.0 0.4101 0.6067 0.2685 3
-133.5 0.4098 0.6169 0.2705 3
-133.0 0.4093 0.6271 0.2726 3
-132.5 0.4088 0.6373 0.2746 3
-132.0 0.4081 0.6475 0.2766 3
-131.5 0.4073 0.6576 0.2785 3
-131.0 0.4063 0.6678 0.2804 3
-130.5 0.4053 0.6779 0.2823 3
-130.0 0.4041 0.6880 0.2841 3
-129.5 0.4028 0.6981 0.2859 3
-129.0 0.4014 0.7081 0.2877 3
-128.5 0.3998 0.7181 0.2894 3
-128.0 0.3982 0.7280 0.2911 3
-127.5 0.3964 0.7379 0.2928 3
-127.0 0.3944 0.7478 0.2944 3
-126.5 0.3924 0.7576 0.2960 3
-126.0 0.3903 0.7673 0.2976 3
-125.5 0.3880 0.7770 0.2991 3
-125.0 0.3856 0.7867 0.3006 3
-124.5 0.3831 0.7963 0.3020 3
-124.0 0.3805 0.8058 0.3034 3
-123.5 0.3777 0.8152 0.3047 3
-123.0 0.3749 0.8246 0.3061 3
-122.5 0.3719 0.8339 0.3073 3
-122.0 0.3688 0.8432 0.3086 3
-121.5 0.3656 0.8523 0.3097 3
-121.0 0.3623 0.8614 0.3109 3
-120.5 0.3589 0.8704 0.3120 3
-120.0 0.3554 0.8793 0.3131 3
-119.5 0.3517 0.8881 0.3141 3
-119.0 0.3480 0.8968 0.3151 3
-118.5 0.3441 0.9055 0.3160 3
-118.0 0.3402 0.9140 0.3169 3
-117.5 0.3361 0.9224 0.3177 3
-117.0 0.3320 0.9308 0.3185 3
-116.5 0.3277 0.9390 0.3193 3
-116.0 0.3234 0.9471 0.3200 3
-115.5 0.3189 0.9551 0.3206 3
-115.0 0.3143 0.9630 0.3212 3
-114.5 0.3097 0.9708 0.3218 3
-114.0 0.3049 0.9784 0.3223 3
-113.5 0.3001 0.9860 0.3228 3
-113.0 0.2952 0.9934 0.3232 3
-112.5 0.2902 1.0007 0.3236 3
-112.0 0.2850 1.0079 0.3239 3
-111.5 0.2799 1.0149 0.3242 3
-111.0 0.2746 1.0218 0.3245 3
-110.5 0.2692 1.0286 0.3247 3
-110.0 0.2638 1.0353 0.3248 3
-109.5 0.2582 1.0418 0.3249 3
-109.0 0.2526 1.0481 0.3250 3
-108.5 0.2469 1.0544 0.3250 3
-108.0 0.2412 1.0604 0.3249 3
-107.5 0.2354 1.0664 0.3248 3
-107.0 0.2295 1.0722 0.3247 3
-106.5 0.2235 1.0778 0.3245 3
-106.0 0.2174 1.0833 0.3243 3
-105.5 0.2113 1.0887 0.3240 3
-105.0 0.2052 1.0939 0.3237 3
-104.5 0.1989 1.0989 0.3233 3
-104.0 0.1926 1.1038 0.3229 3
-103.5 0.1863 1.1085 0.3224 3
-103.0 0.1799 1.1131 0.3219 3
-102.5 0.1734 1.1175 0.3213 3
-102.0 0.1669 1.1217 0.3207 3
-101.5 0.1603 1.1258 0.3201 3
-101.0 0.1537 1.1297 0.3194 3
-100.5 0.1471 1.1335 0.3186 3
-100.0 0.1403 1.1370 0.3178 3
-99.5 0.1336 1.1405 0.3170 3
-99.0 0.1268 1.1437 0.3161 3
-98.5 0.1200 1.1468 0.3152 3
-98.0 0.1131 1.1497 0.3142 3
-97.5 0.1062 1.1524 0.3132 3
-97.0 0.0993 1.1550 0.3121 3
-96.5 0.0923 1.1574 0.3110 3
-96.0 0.0853 1.1596 0.3099 3
-95.5 0.0783 1.1616 0.3087 3
-95.0 0.0713 1.1635 0.3075 3
-94.5 0.0642 1.1652 0.3062 3
-94.0 0.0571 1.1667 0.3049 3
-93.5 0.0500 1.1680 0.3036 3
-93.0 0.0429 1.1692 0.3022 3
-92.5 0.0358 1.1702 0.3008 3
-92.0 0.0286 1.1710 0.2993 3
-91.5 0.0215 1.1716 0.2978 3
-91.0 0.0143 1.1720 0.2963 3
-90.5 0.0072 1.1723 0.2947 3
-90.0 0.0000 1.1724 0.2931 3
-89.5 -0.0102 1.1723 0.2910 2
-89.0 -0.0205 1.1720 0.2888 2
-88.5 -0.0307 1.1716 0.2866 2
-88.0 -0.0409 1.1710 0.2845 2
-87.5 -0.0511 1.1702 0.2822 2
-87.0 -0.0613 1.1692 0.2800 2
-86.5 -0.0714 1.1680 0.2778 2
-86.0 -0.0816 1.1667 0.2755 2
-85.5 -0.0917 1.1652 0.2732 2
-85.0 -0.1018 1.1635 0.2709 2
-84.5 -0.1119 1.1616 0.2686 2
-84.0 -0.1219 1.1596 0.2662 2
-83.5 -0.1319 1.1574 0.2639 2
-83.0 -0.1418 1.1550 0.2615 2
-82.5 -0.1517 1.1524 0.2591 2
-82.0 -0.1616 1.1497 0.2567 2
-81.5 -0.1714 1.1468 0.2543 2
-81.0 -0.1811 1.1437 0.2518 2
-80.5 -0.1908 1.1405 0.2494 2
-80.0 -0.2005 1.1370 0.2469 2
-79.5 -0.2101 1.1335 0.2445 2
-79.0 -0.2196 1.1297 0.2420 2
-78.5 -0.2290 1.1258 0.2395 2
-78.0 -0.2384 1.1217 0.2370 2
-77.5 -0.2477 1.1175 0.2345 2
-77.0 -0.2570 1.1131 0.2319 2
-76.5 -0.2661 1.1085 0.2294 2
-76.0 -0.2752 1.1038 0.2269 2
-75.5 -0.2842 1.0989 0.2243 2
-75.0 -0.2931 1.0939 0.2218 2
-74.5 -0.3019 1.0887 0.2192 2
-74.0 -0.3106 1.0833 0.2166 2
-73.5 -0.3193 1.0778 0.2140 2
-73.0 -0.3278 1.0722 0.2114 2
-72.5 -0.3362 1.0664 0.2089 2
-72.0 -0.3446 1.0604 0.2063 2
-71.5 -0.3528 1.0544 0.2037 2
-71.0 -0.3609 1.0481 0.2011 2
-70.5 -0.3689 1.0418 0.1984 2
-70.0 -0.3768 1.0353 0.1958 2
-69.5 -0.3846 1.0286 0.1932 2
-69.0 -0.3922 1.0218 0.1906 2
-68.5 -0.3998 1.0149 0.1880 2
-68.0 -0.4072 1.0079 0.1854 2
-67.5 -0.4145 1.0007 0.1828 2
-67.0 -0.4217 0.9934 0.1801 2
-66.5 -0.4287 0.9860 0.1775 2
-66.0 -0.4356 0.9784 0.1749 2
-65.5 -0.4424 0.9708 0.1723 2
-65.0 -0.4491 0.9630 0.1697 2
-64.5 -0.4556 0.9551 0.1671 2
-64.0 -0.4619 0.9471 0.1645 2
-63.5 -0.4682 0.9390 0.1619 2
-63.0 -0.4742 0.9308 0.1593 2
-62.5 -0.4802 0.9224 0.1567 2
-62.0 -0.4860 0.9140 0.1541 2
-61.5 -0.4916 0.9055 0.1515 2
-61.0 -0.4971 0.8968 0.1489 2
-60.5 -0.5025 0.8881 0.1464 2
-60.0 -0.5077 0.8793 0.1438 2
-59.5 -0.5127 0.8704 0.1413 2
-59.0 -0.5176 0.8614 0.1387 2
-58.5 -0.5223 0.8523 0.1362 2
-58.0 -0.5269 0.8432 0.1336 2
-57.5 -0.5313 0.8339 0.1311 2
-57.0 -0.5355 0.8246 0.1286 2
-56.5 -0.5396 0.8152 0.1261 2
-56.0 -0.5435 0.8058 0.1236 2
-55.5 -0.5473 0.7963 0.1211 2
-55.0 -0.5508 0.7867 0.1187 2
-54.5 -0.5543 0.7770 0.1162 2
-54.0 -0.5575 0.7673 0.1138 2
-53.5 -0.5606 0.7576 0.1114 2
-53.0 -0.5635 0.7478 0.1089 2
-52.5 -0.5662 0.7379 0.1065 2
-52.0 -0.5688 0.7280 0.1042 2
-51.5 -0.5712 0.7181 0.1018 2
-51.0 -0.5734 0.7081 0.0994 2
-50.5 -0.5754 0.6981 0.0971 2
-50.0 -0.5773 0.6880 0.0948 2
-49.5 -0.5790 0.6779 0.0925 2
-49.0 -0.5805 0.6678 0.0902 2
-48.5 -0.5818 0.6576 0.0879 2
-48.0 -0.5830 0.6475 0.0856 2
-47.5 -0.5840 0.6373 0.0834 2
-47.0 -0.5848 0.6271 0.0812 2
-46.5 -0.5854 0.6169 0.0790 2
-46.0 -0.5858 0.6067 0.0768 2
-45.5 -0.5861 0.5964 0.0746 2
-45.0 -0.5862 0.5862 0.0725 2
-44.5 -0.5861 0.5760 0.0704 2
-44.0 -0.5858 0.5657 0.0683 2
-43.5 -0.5854 0.5555 0.0662 2
-43.0 -0.5848 0.5453 0.0641 2
-42.5 -0.5840 0.5351 0.0621 2
-42.0 -0.5830 0.5249 0.0601 2
-41.5 -0.5818 0.5148 0.0581 2
-41.0 -0.5805 0.5046 0.0562 2
-40.5 -0.5790 0.4945 0.0542 2
-40.0 -0.5773 0.4844 0.0523 2
-39.5 -0.5754 0.4743 0.0504 2
-39.0 -0.5734 0.4643 0.0485 2
-38.5 -0.5712 0.4543 0.0467 2
-38.0 -0.5688 0.4444 0.0449 2
-37.5 -0.5662 0.4345 0.0431 2
-37.0 -0.5635 0.4246 0.0413 2
-36.5 -0.5606 0.4148 0.0396 2
-36.0 -0.5575 0.4051 0.0379 2
-35.5 -0.5543 0.3954 0.0362 2
-35.0 -0.5508 0.3857 0.0345 2
-34.5 -0.5473 0.3761 0.0329 2
-34.0 -0.5435 0.3666 0.0313 2
-33.5 -0.5396 0.3572 0.0297 2
-33.0 -0.5355 0.3478 0.0282 2
-32.5 -0.5313 0.3385 0.0266 2
-32.0 -0.5269 0.3292 0.0252 2
-31.5 -0.5223 0.3201 0.0237 2
-31.0 -0.5176 0.3110 0.0223 2
-30.5 -0.5127 0.3020 0.0209 2
-30.0 -0.5077 0.2931 0.0195 2
-29.5 -0.5025 0.2843 0.0182 2
-29.0 -0.4971 0.2756 0.0169 2
-28.5 -0.4916 0.2669 0.0156 2
-28.0 -0.4860 0.2584 0.0143 2
-27.5 -0.4802 0.2500 0.0131 2
-27.0 -0.4742 0.2416 0.0119 2
-26.5 -0.4682 0.2334 0.0108 2
-26.0 -0.4619 0.2253 0.0097 2
-25.5 -0.4556 0.2173 0.0086 2
-25.0 -0.4491 0.2094 0.0075 2
-24.5 -0.4424 0.2016 0.0065 2
-24.0 -0.4356 0.1940 0.0055 2
-23.5 -0.4287 0.1864 0.0046 2
-23.0 -0.4217 0.1790 0.0037 2
-22.5 -0.4145 0.1717 0.0028 2
-22.0 -0.4072 0.1645 0.0019 2
-21.5 -0.3998 0.1575 0.0011 2
-21.0 -0.3922 0.1506 0.0003 2
-20.5 -0.3846 0.1438 -0.0004 2
-20.0 -0.3768 0.1371 -0.0011 2
-19.5 -0.3689 0.1306 -0.0018 2
-19.0 -0.3609 0.1243 -0.0025 2
-18.5 -0.3528 0.1180 -0.0031 2
-18.0 -0.3446 0.1120 -0.0037 2
-17.5 -0.3373 0.1064 -0.0042 2
-17.0 -0.3321 0.1018 -0.0048 2
-16.5 -0.3290 0.0982 -0.0053 2
-16.0 -0.3277 0.0955 -0.0059 2
-15.5 -0.3282 0.0936 -0.0065 2
-15.0 -0.3304 0.0925 -0.0072 2
-14.5 -0.3340 0.0922 -0.0079 2
-14.0 -0.3388 0.0925 -0.0086 2
-13.5 -0.3447 0.0934 -0.0094 2
-13.0 -0.3513 0.0948 -0.0102 2
-12.5 -0.3583 0.0965 -0.0111 2
-12.0 -0.3656 0.0985 -0.0120 2
-11.5 -0.3729 0.1007 -0.0129 2
-11.0 -0.3797 0.1029 -0.0139 2
-10.5 -0.3860 0.1051 -0.0148 2
-10.0 -0.3913 0.1071 -0.0157 2
-9.5 -0.3955 0.1089 -0.0166 2
-9.0 -0.3983 0.1104 -0.0175 2
-8.5 -0.3995 0.1114 -0.0183 2
-8.0 -0.3990 0.1120 -0.0190 2
-7.5 -0.3965 0.1120 -0.0196 2
-7.0 -0.3919 0.1115 -0.0201 2
-6.5 -0.3852 0.1103 -0.0204 2
-6.0 -0.3763 0.1085 -0.0206 0
-5.5 -0.3666 0.1014 -0.0194 0
-5.0 -0.3524 0.0962 -0.0210 0
-4.5 -0.3305 0.0912 -0.0249 0
-4.0 -0.3018 0.0855 -0.0294 0
-3.5 -0.2735 0.0798 -0.0324 0
-3.0 -0.2361 0.0744 -0.0380 0
-2.5 -0.1975 0.0682 -0.0410 0
-2.0 -0.1648 0.0630 -0.0423 0
-1.5 -0.1537 0.0567 -0.0351 0
-1.0 -0.1590 0.0501 -0.0224 0
-0.5 -0.1606 0.0445 -0.0127 0
0.0 -0.1369 0.0386 -0.0087 0
0.5 -0.0436 0.0334 -0.0206 0
1.0 0.4096 0.0402 -0.1249 0
1.5 0.4817 0.0391 -0.1290 0
2.0 0.5414 0.0387 -0.1303 0
2.5 0.5967 0.0387 -0.1309 0
3.0 0.6528 0.0378 -0.1311 0
3.5 0.6896 0.0399 -0.1297 0
4.0 0.7244 0.0422 -0.1284 0
4.5 0.7581 0.0448 -0.1271 0
5.0 1.0401 0.0386 -0.1360 0
5.5 1.2205 0.0450 -0.1504 0
6.0 1.3042 0.0508 -0.1509 0
6.5 1.3633 0.0582 -0.1484 0
7.0 1.4016 0.0652 -0.1432 0
7.5 1.4213 0.0741 -0.1387 0
8.0 1.4007 0.0846 -0.1351 0
8.5 1.3483 0.0966 -0.1328 0
9.0 1.2902 0.0996 -0.1283 1
9.5 1.2390 0.1027 -0.1244 1
10.0 1.1938 0.1060 -0.1210 1
10.5 1.1536 0.1095 -0.1180 1
11.0 1.1177 0.1131 -0.1154 1
11.5 1.0856 0.1169 -0.1132 1
12.0 1.0568 0.1209 -0.1112 1
12.5 1.0309 0.1250 -0.1095 1
13.0 1.0076 0.1292 -0.1081 1
13.5 0.9864 0.1337 -0.1068 1
14.0 0.9673 0.1382 -0.1057 1
14.5 0.9500 0.1430 -0.1048 1
15.0 0.9342 0.1478 -0.1040 1
15.5 0.9199 0.1529 -0.1034 1
16.0 0.9068 0.1580 -0.1029 1
16.5 0.8949 0.1634 -0.1026 1
17.0 0.8841 0.1688 -0.1023 1
17.5 0.8742 0.1744 -0.1021 1
18.0 0.8651 0.1802 -0.1021 1
18.5 0.8568 0.1861 -0.1021 1
19.0 0.8493 0.1921 -0.1022 1
19.5 0.8423 0.1983 -0.1023 1
20.0 0.8360 0.2046 -0.1026 1
20.5 0.8301 0.2110 -0.1029 1
21.0 0.8248 0.2175 -0.1033 1
21.5 0.8199 0.2242 -0.1037 1
22.0 0.8153 0.2310 -0.1042 1
22.5 0.8112 0.2380 -0.1047 1
23.0 0.8073 0.2450 -0.1053 1
23.5 0.8038 0.2522 -0.1059 1
24.0 0.8005 0.2595 -0.1066 1
24.5 0.7975 0.2669 -0.1073 1
25.0 0.7947 0.2744 -0.1080 1
25.5 0.7921 0.2820 -0.1088 1
26.0 0.7897 0.2898 -0.1097 1
26.5 0.7874 0.2976 -0.1105 1
27.0 0.7852 0.3056 -0.1114 1
27.5 0.7832 0.3136 -0.1124 1
28.0 0.7813 0.3217 -0.1133 1
28.5 0.7795 0.3300 -0.1143 1
29.0 0.7777 0.3383 -0.1154 1
29.5 0.7761 0.3467 -0.1164 1
30.0 0.7744 0.3552 -0.1175 1
30.5 0.7728 0.3638 -0.1186 1
31.0 0.7713 0.3725 -0.1197 1
31.5 0.7698 0.3812 -0.1209 1
32.0 0.7682 0.3901 -0.1220 1
32.5 0.7667 0.3990 -0.1232 1
33.0 0.7652 0.4079 -0.1245 1
33.5 0.7637 0.4170 -0.1257 1
34.0 0.7621 0.4261 -0.1270 1
34.5 0.7605 0.4353 -0.1282 1
35.0 0.7589 0.4445 -0.1295 1
35.5 0.7572 0.4538 -0.1309 1
36.0 0.7555 0.4631 -0.1322 1
36.5 0.7538 0.4725 -0.1336 1
37.0 0.7520 0.4819 -0.1349 1
37.5 0.7501 0.4914 -0.1363 1
38.0 0.7482 0.5009 -0.1377 1
38.5 0.7462 0.5105 -0.1391 1
39.0 0.7441 0.5201 -0.1406 1
39.5 0.7419 0.5297 -0.1420 1
40.0 0.7397 0.5394 -0.1435 1
40.5 0.7373 0.5491 -0.1449 1
41.0 0.7349 0.5588 -0.1464 1
41.5 0.7324 0.5685 -0.1479 1
42.0 0.7298 0.5782 -0.1494 1
42.5 0.7271 0.5880 -0.1509 1
43.0 0.7243 0.5978 -0.1525 1
43.5 0.7213 0.6076 -0.1540 1
44.0 0.7183 0.6174 -0.1556 1
44.5 0.7152 0.6271 -0.1571 1
45.0 0.7120 0.6369 -0.1587 1
45.5 0.7086 0.6467 -0.1603 1
46.0 0.7051 0.6565 -0.1618 1
46.5 0.7016 0.6663 -0.1634 1
47.0 0.6979 0.6760 -0.1650 1
47.5 0.6941 0.6858 -0.1667 1
48.0 0.6901 0.6955 -0.1683 1
48.5 0.6861 0.7052 -0.1699 1
49.0 0.6819 0.7149 -0.1715 1
49.5 0.6776 0.7245 -0.1732 1
50.0 0.6732 0.7341 -0.1748 1
50.5 0.6687 0.7437 -0.1764 1
51.0 0.6640 0.7532 -0.1781 1
51.5 0.6592 0.7627 -0.1798 1
52.0 0.6543 0.7722 -0.1814 1
52.5 0.6493 0.7816 -0.1831 1
53.0 0.6441 0.7910 -0.1847 1
53.5 0.6389 0.8003 -0.1864 1
54.0 0.6335 0.8095 -0.1881 1
54.5 0.6279 0.8187 -0.1898 1
55.0 0.6223 0.8278 -0.1914 1
55.5 0.6165 0.8369 -0.1931 1
56.0 0.6106 0.8459 -0.1948 1
56.5 0.6046 0.8548 -0.1965 1
57.0 0.5984 0.8637 -0.1982 1
57.5 0.5922 0.8725 -0.1998 1
58.0 0.5858 0.8812 -0.2015 1
58.5 0.5793 0.8898 -0.2032 1
59.0 0.5726 0.8984 -0.2049 1
59.5 0.5659 0.9068 -0.2066 1
60.0 0.5590 0.9152 -0.2082 1
60.5 0.5520 0.9234 -0.2099 1
61.0 0.5449 0.9316 -0.2116 1
61.5 0.5377 0.9397 -0.2133 1
62.0 0.5304 0.9477 -0.2149 1
62.5 0.5229 0.9556 -0.2166 1
63.0 0.5154 0.9633 -0.2183 1
63.5 0.5077 0.9710 -0.2199 1
64.0 0.5000 0.9786 -0.2216 1
64.5 0.4921 0.9860 -0.2232 1
65.0 0.4841 0.9933 -0.2249 1
65.5 0.4760 1.0005 -0.2265 1
66.0 0.4678 1.0076 -0.2282 1
66.5 0.4596 1.0146 -0.2298 1
67.0 0.4512 1.0214 -0.2314 1
67.5 0.4427 1.0282 -0.2330 1
68.0 0.4341 1.0348 -0.2346 1
68.5 0.4255 1.0412 -0.2362 1
69.0 0.4167 1.0475 -0.2378 1
69.5 0.4079 1.0537 -0.2394 1
70.0 0.3989 1.0598 -0.2410 1
70.5 0.3899 1.0657 -0.2426 1
71.0 0.3808 1.0715 -0.2441 1
71.5 0.3717 1.0771 -0.2457 1
72.0 0.3624 1.0826 -0.2472 1
72.5 0.3531 1.0880 -0.2487 1
73.0 0.3437 1.0932 -0.2503 1
73.5 0.3342 1.0982 -0.2518 1
74.0 0.3247 1.1031 -0.2533 1
74.5 0.3151 1.1078 -0.2548 1
75.0 0.3054 1.1124 -0.2562 1
75.5 0.2957 1.1169 -0.2577 1
76.0 0.2859 1.1211 -0.2591 1
76.5 0.2761 1.1253 -0.2606 1
77.0 0.2662 1.1292 -0.2620 1
77.5 0.2563 1.1330 -0.2634 1
78.0 0.2463 1.1366 -0.2648 1
78.5 0.2363 1.1401 -0.2662 1
79.0 0.2262 1.1434 -0.2676 1
79.5 0.2161 1.1465 -0.2689 1
80.0 0.2059 1.1495 -0.2702 1
80.5 0.1958 1.1523 -0.2716 1
81.0 0.1856 1.1549 -0.2729 1
81.5 0.1753 1.1574 -0.2742 1
82.0 0.1651 1.1597 -0.2754 1
82.5 0.1548 1.1618 -0.2767 1
83.0 0.1445 1.1637 -0.2779 1
83.5 0.1342 1.1655 -0.2791 1
84.0 0.1238 1.1671 -0.2803 1
84.5 0.1135 1.1685 -0.2815 1
85.0 0.1031 1.1697 -0.2827 1
85.5 0.0928 1.1708 -0.2838 1
86.0 0.0825 1.1717 -0.2849 1
86.5 0.0721 1.1724 -0.2860 1
87.0 0.0618 1.1729 -0.2871 1
87.5 0.0514 1.1733 -0.2881 1
88.0 0.0411 1.1735 -0.2892 1
88.5 0.0308 1.1735 -0.2902 1
89.0 0.0205 1.1733 -0.2912 1
89.5 0.0102 1.1729 -0.2922 1
90.0 0.0000 1.1724 -0.2931 1
90.5 -0.0072 1.1729 -0.2949 3
91.0 -0.0144 1.1733 -0.2966 3
91.5 -0.0216 1.1735 -0.2983 3
92.0 -0.0288 1.1735 -0.3000 3
92.5 -0.0360 1.1733 -0.3016 3
93.0 -0.0432 1.1729 -0.3032 3
93.5 -0.0505 1.1724 -0.3047 3
94.0 -0.0577 1.1717 -0.3062 3
94.5 -0.0650 1.1708 -0.3077 3
95.0 -0.0722 1.1697 -0.3092 3
95.5 -0.0794 1.1685 -0.3106 3
96.0 -0.0867 1.1671 -0.3119 3
96.5 -0.0939 1.1655 -0.3133 3
97.0 -0.1011 1.1637 -0.3145 3
97.5 -0.1083 1.1618 -0.3158 3
98.0 -0.1155 1.1597 -0.3170 3
98.5 -0.1227 1.1574 -0.3182 3
99.0 -0.1299 1.1549 -0.3193 3
99.5 -0.1370 1.1523 -0.3204 3
100.0 -0.1442 1.1495 -0.3214 3
100.5 -0.1513 1.1465 -0.3224 3
101.0 -0.1583 1.1434 -0.3234 3
101.5 -0.1654 1.1401 -0.3243 3
102.0 -0.1724 1.1366 -0.3252 3
102.5 -0.1794 1.1330 -0.3260 3
103.0 -0.1863 1.1292 -0.3268 3
103.5 -0.1933 1.1253 -0.3275 3
104.0 -0.2002 1.1211 -0.3283 3
104.5 -0.2070 1.1169 -0.3289 3
105.0 -0.2138 1.1124 -0.3295 3
105.5 -0.2206 1.1078 -0.3301 3
106.0 -0.2273 1.1031 -0.3307 3
106.5 -0.2340 1.0982 -0.3312 3
107.0 -0.2406 1.0932 -0.3316 3
107.5 -0.2472 1.0880 -0.3320 3
108.0 -0.2537 1.0826 -0.3324 3
108.5 -0.2602 1.0771 -0.3327 3
109.0 -0.2666 1.0715 -0.3330 3
109.5 -0.2730 1.0657 -0.3333 3
110.0 -0.2793 1.0598 -0.3335 3
110.5 -0.2855 1.0537 -0.3336 3
111.0 -0.2917 1.0475 -0.3338 3
111.5 -0.2978 1.0412 -0.3339 3
112.0 -0.3039 1.0348 -0.3339 3
112.5 -0.3099 1.0282 -0.3339 3
113.0 -0.3158 1.0214 -0.3339 3
113.5 -0.3217 1.0146 -0.3338 3
114.0 -0.3275 1.0076 -0.3337 3
114.5 -0.3332 1.0005 -0.3335 3
115.0 -0.3389 0.9933 -0.3333 3
115.5 -0.3445 0.9860 -0.3331 3
116.0 -0.3500 0.9786 -0.3328 3
116.5 -0.3554 0.9710 -0.3325 3
117.0 -0.3608 0.9633 -0.3322 3
117.5 -0.3661 0.9556 -0.3318 3
118.0 -0.3713 0.9477 -0.3314 3
118.5 -0.3764 0.9397 -0.3310 3
119.0 -0.3814 0.9316 -0.3305 3
119.5 -0.3864 0.9234 -0.3300 3
120.0 -0.3913 0.9152 -0.3294 3
120.5 -0.3961 0.9068 -0.3288 3
121.0 -0.4008 0.8984 -0.3282 3
121.5 -0.4055 0.8898 -0.3276 3
122.0 -0.4100 0.8812 -0.3269 3
122.5 -0.4145 0.8725 -0.3262 3
123.0 -0.4189 0.8637 -0.3254 3
123.5 -0.4232 0.8548 -0.3247 3
124.0 -0.4274 0.8459 -0.3239 3
124.5 -0.4315 0.8369 -0.3231 3
125.0 -0.4356 0.8278 -0.3222 3
125.5 -0.4395 0.8187 -0.3213 3
126.0 -0.4434 0.8095 -0.3204 3
126.5 -0.4472 0.8003 -0.3195 3
127.0 -0.4509 0.7910 -0.3186 3
127.5 -0.4545 0.7816 -0.3176 3
128.0 -0.4580 0.7722 -0.3166 3
128.5 -0.4615 0.7627 -0.3156 3
129.0 -0.4648 0.7532 -0.3146 3
129.5 -0.4681 0.7437 -0.3135 3
130.0 -0.4713 0.7341 -0.3125 3
130.5 -0.4743 0.7245 -0.3114 3
131.0 -0.4773 0.7149 -0.3103 3
131.5 -0.4803 0.7052 -0.3092 3
132.0 -0.4831 0.6955 -0.3080 3
132.5 -0.4858 0.6858 -0.3069 3
133.0 -0.4885 0.6760 -0.3057 3
133.5 -0.4911 0.6663 -0.3046 3
134.0 -0.4936 0.6565 -0.3034 3
134.5 -0.4960 0.6467 -0.3022 3
135.0 -0.4984 0.6369 -0.3010 3
135.5 -0.5006 0.6271 -0.2998 3
136.0 -0.5028 0.6174 -0.2987 3
136.5 -0.5049 0.6076 -0.2975 3
137.0 -0.5070 0.5978 -0.2962 3
137.5 -0.5089 0.5880 -0.2950 3
138.0 -0.5108 0.5782 -0.2938 3
138.5 -0.5127 0.5685 -0.2926 3
139.0 -0.5144 0.5588 -0.2914 3
139.5 -0.5161 0.5491 -0.2903 3
140.0 -0.5178 0.5394 -0.2891 3
140.5 -0.5193 0.5297 -0.2879 3
141.0 -0.5208 0.5201 -0.2867 3
141.5 -0.5223 0.5105 -0.2856 3
142.0 -0.5237 0.5009 -0.2844 3
142.5 -0.5251 0.4914 -0.2833 3
143.0 -0.5264 0.4819 -0.2822 3
143.5 -0.5277 0.4725 -0.2811 3
144.0 -0.5289 0.4631 -0.2800 3
144.5 -0.5301 0.4538 -0.2790 3
145.0 -0.5312 0.4445 -0.2780 3
145.5 -0.5324 0.4353 -0.2770 3
146.0 -0.5335 0.4261 -0.2760 3
146.5 -0.5346 0.4170 -0.2751 3
147.0 -0.5356 0.4079 -0.2742 3
147.5 -0.5367 0.3990 -0.2733 3
148.0 -0.5378 0.3901 -0.2725 3
148.5 -0.5388 0.3812 -0.2717 3
149.0 -0.5399 0.3725 -0.2709 3
149.5 -0.5410 0.3638 -0.2703 3
150.0 -0.5421 0.3552 -0.2696 3
150.5 -0.5432 0.3467 -0.2690 3
151.0 -0.5444 0.3383 -0.2685 3
151.5 -0.5456 0.3300 -0.2681 3
152.0 -0.5469 0.3217 -0.2677 3
152.5 -0.5483 0.3136 -0.2673 3
153.0 -0.5497 0.3056 -0.2671 3
153.5 -0.5512 0.2976 -0.2669 3
154.0 -0.5528 0.2898 -0.2669 3
154.5 -0.5545 0.2820 -0.2669 3
155.0 -0.5563 0.2744 -0.2670 3
155.5 -0.5583 0.2669 -0.2672 3
156.0 -0.5604 0.2595 -0.2676 3
156.5 -0.5627 0.2522 -0.2680 3
157.0 -0.5651 0.2450 -0.2686 3
157.5 -0.5678 0.2380 -0.2694 3
158.0 -0.5707 0.2310 -0.2702 3
158.5 -0.5739 0.2242 -0.2713 3
159.0 -0.5773 0.2175 -0.2725 3
159.5 -0.5811 0.2110 -0.2739 3
160.0 -0.5852 0.2046 -0.2755 3
160.5 -0.5896 0.1983 -0.2773 3
161.0 -0.5945 0.1921 -0.2794 3
161.5 -0.5998 0.1861 -0.2817 3
162.0 -0.6056 0.1802 -0.2842 3
162.5 -0.6119 0.1744 -0.2871 3
163.0 -0.6189 0.1688 -0.2903 3
163.5 -0.6265 0.1634 -0.2939 3
164.0 -0.6348 0.1580 -0.2978 3
164.5 -0.6439 0.1529 -0.3022 3
165.0 -0.6539 0.1478 -0.3070 3
165.5 -0.6650 0.1430 -0.3124 3
166.0 -0.6771 0.1382 -0.3184 3
166.5 -0.6905 0.1337 -0.3250 3
167.0 -0.7053 0.1292 -0.3323 3
167.5 -0.7216 0.1250 -0.3404 3
168.0 -0.7398 0.1209 -0.3494 3
168.5 -0.7599 0.1169 -0.3595 3
169.0 -0.7824 0.1131 -0.3707 3
169.5 -0.8075 0.1095 -0.3832 3
170.0 -0.8356 0.1060 -0.3973 3
170.5 -0.8673 0.1027 -0.4132 3
171.0 -0.9031 0.0996 -0.4311 3
171.5 -0.9438 0.0966 -0.4515 3
172.0 -0.9805 0.0846 -0.4695 3
172.5 -0.9949 0.0741 -0.4773 3
173.0 -0.9811 0.0652 -0.4718 3
173.5 -0.9543 0.0582 -0.4601 3
174.0 -0.9129 0.0508 -0.4414 3
174.5 -0.8543 0.0450 -0.4143 3
175.0 -0.7281 0.0386 -0.3542 3
175.5 -0.5307 0.0448 -0.2596 3
176.0 -0.5071 0.0422 -0.2487 3
176.5 -0.4827 0.0399 -0.2374 3
177.0 -0.4570 0.0378 -0.2253 3
177.5 -0.4177 0.0387 -0.2066 3
178.0 -0.3790 0.0387 -0.1879 3
178.5 -0.3372 0.0391 -0.1676 3
179.0 -0.2867 0.0402 -0.1429 3
179.5 0.0305 0.0334 0.0151 3
180.0 0.0958 0.0386 0.0479 3
