x cf H
0.00069 0.195496 2.3112
0.00193 0.124373 2.4870
0.00375 0.054701 2.7852
0.00624 0.017349 3.1914
0.00977 0.002511 3.6517
0.01514 -0.001454 4.0138
0.02376 -0.000898 3.9791
0.03583 0.002165 3.5045
0.04928 0.006106 3.0468
0.06301 0.009004 2.7770
0.07679 0.010592 2.6352
0.09061 0.011272 2.5623
0.10446 0.011443 2.5247
0.11832 0.011356 2.5050
0.13221 0.011148 2.4948
0.14612 0.010887 2.4898
0.16006 0.010603 2.4878
0.17401 0.010312 2.4879
0.18799 0.010020 2.4894
0.20198 0.009727 2.4921
0.21599 0.009435 2.4959
0.23002 0.009142 2.5008
0.24406 0.008846 2.5069
0.25812 0.008548 2.5141
0.27219 0.008245 2.5226
0.28628 0.007935 2.5325
0.30038 0.007618 2.5440
0.31449 0.007291 2.5573
0.32862 0.006954 2.5727
0.34275 0.006603 2.5906
0.35689 0.006238 2.6113
0.37105 0.005855 2.6355
0.38521 0.005455 2.6638
0.39937 0.005033 2.6972
0.41354 0.004589 2.7367
0.42772 0.004123 2.7838
0.44190 0.003633 2.8403
0.45609 0.003123 2.9084
0.47028 0.002596 2.9908
0.48447 0.002061 3.0908
0.49866 0.001529 3.2122
0.51285 0.001015 3.3593
0.52704 0.000541 3.5364
0.54123 0.000128 3.7474
0.55542 -0.000204 3.9947
0.56960 -0.000440 4.2780
0.58378 -0.000582 4.5957
0.59795 -0.000643 4.9502
0.61212 -0.000652 5.3425
0.62628 -0.000638 5.7729
0.64043 -0.000613 6.2414
0.65458 -0.000590 6.7478
0.66872 -0.000572 7.2918
0.68284 -0.000558 7.8732
0.69696 -0.000547 8.4918
0.71106 -0.000538 9.1472
0.72515 -0.000531 9.8392
0.73922 -0.000525 10.5675
0.75329 -0.000521 11.3320
0.76733 -0.000518 12.1321
0.78136 -0.000515 12.9678
0.79538 -0.000514 13.8385
0.80937 -0.000513 14.7439
0.82335 -0.000512 15.6836
0.83729 -0.000512 16.6574
0.85114 -0.000513 17.6567
0.86467 -0.000513 18.6984
0.87807 -0.000515 19.8295
0.89141 -0.000517 21.0454
0.90470 -0.000519 22.3461
0.91794 -0.000522 23.7296
0.93111 -0.000525 25.1938
0.94423 -0.000528 26.7362
0.95728 -0.000532 28.3539
0.97020 -0.000536 30.0417
0.98270 -0.000541 31.7682
0.99344 -0.000545 33.3789
1.00000 -0.000298 35.0143
