alpha cl cd cm fuente
-180.0 -0.1596 0.0232 -0.0798 3
-179.5 -0.1187 0.0255 -0.0591 3
-179.0 0.1319 0.0286 0.0658 3
-178.5 0.1645 0.0342 0.0820 3
-178.0 0.1669 0.0396 0.0832 3
-177.5 0.1662 0.0454 0.0828 3
-177.0 0.1699 0.0509 0.0847 3
-176.5 0.1869 0.0570 0.0932 3
-176.0 0.2139 0.0629 0.1065 3
-175.5 0.2388 0.0690 0.1187 3
-175.0 0.2605 0.0752 0.1293 3
-174.5 0.2773 0.0815 0.1376 3
-174.0 0.2929 0.0874 0.1452 3
-173.5 0.2991 0.0893 0.1481 3
-173.0 0.3034 0.0907 0.1500 3
-172.5 0.3059 0.0917 0.1511 3
-172.0 0.3068 0.0923 0.1513 3
-171.5 0.3062 0.0925 0.1508 3
-171.0 0.3040 0.0923 0.1495 3
-170.5 0.3006 0.0919 0.1476 3
-170.0 0.2961 0.0913 0.1452 3
-169.5 0.2906 0.0905 0.1423 3
-169.0 0.2844 0.0896 0.1391 3
-168.5 0.2777 0.0887 0.1357 3
-168.0 0.2707 0.0880 0.1321 3
-167.5 0.2637 0.0873 0.1286 3
-167.0 0.2568 0.0870 0.1252 3
-166.5 0.2504 0.0869 0.1220 3
-166.0 0.2446 0.0873 0.1191 3
-165.5 0.2396 0.0881 0.1168 3
-165.0 0.2356 0.0895 0.1149 3
-164.5 0.2328 0.0914 0.1137 3
-164.0 0.2314 0.0941 0.1131 3
-163.5 0.2314 0.0974 0.1133 3
-163.0 0.2330 0.1015 0.1143 3
-162.5 0.2362 0.1063 0.1161 3
-162.0 0.2412 0.1120 0.1188 3
-161.5 0.2469 0.1180 0.1219 3
-161.0 0.2526 0.1243 0.1249 3
-160.5 0.2582 0.1306 0.1280 3
-160.0 0.2638 0.1371 0.1310 3
-159.5 0.2692 0.1438 0.1340 3
-159.0 0.2746 0.1506 0.1370 3
-158.5 0.2799 0.1575 0.1401 3
-158.0 0.2850 0.1645 0.1430 3
-157.5 0.2902 0.1717 0.1460 3
-157.0 0.2952 0.1790 0.1490 3
-156.5 0.3001 0.1864 0.1520 3
-156.0 0.3049 0.1940 0.1549 3
-155.5 0.3097 0.2016 0.1578 3
-155.0 0.3143 0.2094 0.1608 3
-154.5 0.3189 0.2173 0.1637 3
-154.0 0.3234 0.2253 0.1666 3
-153.5 0.3277 0.2334 0.1695 3
-153.0 0.3320 0.2416 0.1723 3
-152.5 0.3361 0.2500 0.1752 3
-152.0 0.3402 0.2584 0.1780 3
-151.5 0.3441 0.2669 0.1809 3
-151.0 0.3480 0.2756 0.1837 3
-150.5 0.3517 0.2843 0.1865 3
-150.0 0.3554 0.2931 0.1893 3
-149.5 0.3589 0.3020 0.1921 3
-149.0 0.3623 0.3110 0.1948 3
-148.5 0.3656 0.3201 0.1976 3
-148.0 0.3688 0.3292 0.2003 3
-147.5 0.3719 0.3385 0.2030 3
-147.0 0.3749 0.3478 0.2057 3
-146.5 0.3777 0.3572 0.2084 3
-146.0 0.3805 0.3666 0.2111 3
-145.5 0.3831 0.3761 0.2137 3
-145.0 0.3856 0.3857 0.2163 3
-144.5 0.3880 0.3954 0.2189 3
-144.0 0.3903 0.4051 0.2215 3
-143.5 0.3924 0.4148 0.2241 3
-143.0 0.3944 0.4246 0.2266 3
-142.5 0.3964 0.4345 0.2292 3
-142.0 0.3982 0.4444 0.2317 3
-141.5 0.3998 0.4543 0.2342 3
-141.0 0.4014 0.4643 0.2366 3
-140.5 0.4028 0.4743 0.2391 3
-140.0 0.4041 0.4844 0.2415 3
-139.5 0.4053 0.4945 0.2439 3
-139.0 0.4063 0.5046 0.2462 3
-138.5 0.4073 0.5148 0.2486 3
-138.0 0.4081 0.5249 0.2509 3
-137.5 0.4088 0.5351 0.2532 3
-137.0 0.4093 0.5453 0.2555 3
-136.5 0.4098 0.5555 0.2577 3
-136.0 0.4101 0.5657 0.2599 3
-135.5 0.4103 0.5760 0.2621 3
-135.0 0.4103 0.5862 0.2642 3
-134.5 0.4103 0.5964 0.2664 3
-134.0 0.4101 0.6067 0.2685 3
-133.5 0.4098 0.6169 0.2705 3
-133.0 0.4093 0.6271 0.2726 3
-132.5 0.4088 0.6373 0.2746 3
-132.0 0.4081 0.6475 0.2766 3
-131.5 0.4073 0.6576 0.2785 3
-131.0 0.4063 0.6678 0.2804 3
-130.5 0.4053 0.6779 0.2823 3
-130.0 0.4041 0.6880 0.2841 3
-129.5 0.4028 0.6981 0.2859 3
-129.0 0.4014 0.7081 0.2877 3
-128.5 0.3998 0.7181 0.2894 3
-128.0 0.3982 0.7280 0.2911 3
-127.5 0.3964 0.7379 0.2928 3
-127.0 0.3944 0.7478 0.2944 3
-126.5 0.3924 0.7576 0.2960 3
-126.0 0.3903 0.7673 0.2976 3
-125.5 0.3880 0.7770 0.2991 3
-125.0 0.3856 0.7867 0.3006 3
-124.5 0.3831 0.7963 0.3020 3
-124.0 0.3805 0.8058 0.3034 3
-123.5 0.3777 0.8152 0.3047 3
-123.0 0.3749 0.8246 0.3061 3
-122.5 0.3719 0.8339 0.3073 3
-122.0 0.3688 0.8432 0.3086 3
-121.5 0.3656 0.8523 0.3097 3
-121.0 0.3623 0.8614 0.3109 3
-120.5 0.3589 0.8704 0.3120 3
-120.0 0.3554 0.8793 0.3131 3
-119.5 0.3517 0.8881 0.3141 3
-119.0 0.3480 0.8968 0.3151 3
-118.5 0.3441 0.9055 0.3160 3
-118.0 0.3402 0.9140 0.3169 3
-117.5 0.3361 0.9224 0.3177 3
-117.0 0.3320 0.9308 0.3185 3
-116.5 0.3277 0.9390 0.3193 3
-116.0 0.3234 0.9471 0.3200 3
-115.5 0.3189 0.9551 0.3206 3
-115.0 0.3143 0.9630 0.3212 3
-114.5 0.3097 0.9708 0.3218 3
-114.0 0.3049 0.9784 0.3223 3
-113.5 0.3001 0.9860 0.3228 3
-113.0 0.2952 0.9934 0.3232 3
-112.5 0.2902 1.0007 0.3236 3
-112.0 0.2850 1.0079 0.3239 3
-111.5 0.2799 1.0149 0.3242 3
-111.0 0.2746 1.0218 0.3245 3
-110.5 0.2692 1.0286 0.3247 3
-110.0 0.2638 1.0353 0.3248 3
-109.5 0.2582 1.0418 0.3249 3
-109.0 0.2526 1.0481 0.3250 3
-108.5 0.2469 1.0544 0.3250 3
-108.0 0.2412 1.0604 0.3249 3
-107.5 0.2354 1.0664 0.3248 3
-107.0 0.2295 1.0722 0.3247 3
-106.5 0.2235 1.0778 0.3245 3
-106.0 0.2174 1.0833 0.3243 3
-105.5 0.2113 1.0887 0.3240 3
-105.0 0.2052 1.0939 0.3237 3
-104.5 0.1989 1.0989 0.3233 3
-104.0 0.1926 1.1038 0.3229 3
-103.5 0.1863 1.1085 0.3224 3
-103.0 0.1799 1.1131 0.3219 3
-102.5 0.1734 1.1175 0.3213 3
-102.0 0.1669 1.1217 0.3207 3
-101.5 0.1603 1.1258 0.3201 3
-101.0 0.1537 1.1297 0.3194 3
-100.5 0.1471 1.1335 0.3186 3
-100.0 0.1403 1.1370 0.3178 3
-99.5 0.1336 1.1405 0.3170 3
-99.0 0.1268 1.1437 0.3161 3
-98.5 0.1200 1.1468 0.3152 3
-98.0 0.1131 1.1497 0.3142 3
-97.5 0.1062 1.1524 0.3132 3
-97.0 0.0993 1.1550 0.3121 3
-96.5 0.0923 1.1574 0.3110 3
-96.0 0.0853 1.1596 0.3099 3
-95.5 0.0783 1.1616 0.3087 3
-95.0 0.0713 1.1635 0.3075 3
-94.5 0.0642 1.1652 0.3062 3
-94.0 0.0571 1.1667 0.3049 3
-93.5 0.0500 1.1680 0.3036 3
-93.0 0.0429 1.1692 0.3022 3
-92.5 0.0358 1.1702 0.3008 3
-92.0 0.0286 1.1710 0.2993 3
-91.5 0.0215 1.1716 0.2978 3
-91.0 0.0143 1.1720 0.2963 3
-90.5 0.0072 1.1723 0.2947 3
-90.0 0.0000 1.1724 0.2931 3
-89.5 -0.0102 1.1723 0.2910 2
-89.0 -0.0205 1.1720 0.2889 2
-88.5 -0.0307 1.1716 0.2868 2
-88.0 -0.0409 1.1710 0.2846 2
-87.5 -0.0511 1.1702 0.2824 2
-87.0 -0.0613 1.1692 0.2802 2
-86.5 -0.0714 1.1680 0.2780 2
-86.0 -0.0816 1.1667 0.2758 2
-85.5 -0.0917 1.1652 0.2736 2
-85.0 -0.1018 1.1635 0.2713 2
-84.5 -0.1119 1.1616 0.2690 2
-84.0 -0.1219 1.1596 0.2667 2
-83.5 -0.1319 1.1574 0.2644 2
-83.0 -0.1418 1.1550 0.2620 2
-82.5 -0.1517 1.1524 0.2597 2
-82.0 -0.1616 1.1497 0.2573 2
-81.5 -0.1714 1.1468 0.2549 2
-81.0 -0.1811 1.1437 0.2526 2
-80.5 -0.1908 1.1405 0.2501 2
-80.0 -0.2005 1.1370 0.2477 2
-79.5 -0.2101 1.1335 0.2453 2
-79.0 -0.2196 1.1297 0.2428 2
-78.5 -0.2290 1.1258 0.2404 2
-78.0 -0.2384 1.1217 0.2379 2
-77.5 -0.2477 1.1175 0.2354 2
-77.0 -0.2570 1.1131 0.2330 2
-76.5 -0.2661 1.1085 0.2305 2
-76.0 -0.2752 1.1038 0.2279 2
-75.5 -0.2842 1.0989 0.2254 2
-75.0 -0.2931 1.0939 0.2229 2
-74.5 -0.3019 1.0887 0.2204 2
-74.0 -0.3106 1.0833 0.2178 2
-73.5 -0.3193 1.0778 0.2153 2
-73.0 -0.3278 1.0722 0.2127 2
-72.5 -0.3362 1.0664 0.2102 2
-72.0 -0.3446 1.0604 0.2076 2
-71.5 -0.3528 1.0544 0.2051 2
-71.0 -0.3609 1.0481 0.2025 2
-70.5 -0.3689 1.0418 0.1999 2
-70.0 -0.3768 1.0353 0.1973 2
-69.5 -0.3846 1.0286 0.1947 2
-69.0 -0.3922 1.0218 0.1922 2
-68.5 -0.3998 1.0149 0.1896 2
-68.0 -0.4072 1.0079 0.1870 2
-67.5 -0.4145 1.0007 0.1844 2
-67.0 -0.4217 0.9934 0.1818 2
-66.5 -0.4287 0.9860 0.1792 2
-66.0 -0.4356 0.9784 0.1767 2
-65.5 -0.4424 0.9708 0.1741 2
-65.0 -0.4491 0.9630 0.1715 2
-64.5 -0.4556 0.9551 0.1689 2
-64.0 -0.4619 0.9471 0.1663 2
-63.5 -0.4682 0.9390 0.1638 2
-63.0 -0.4742 0.9308 0.1612 2
-62.5 -0.4802 0.9224 0.1586 2
-62.0 -0.4860 0.9140 0.1561 2
-61.5 -0.4916 0.9055 0.1535 2
-61.0 -0.4971 0.8968 0.1510 2
-60.5 -0.5025 0.8881 0.1484 2
-60.0 -0.5077 0.8793 0.1459 2
-59.5 -0.5127 0.8704 0.1433 2
-59.0 -0.5176 0.8614 0.1408 2
-58.5 -0.5223 0.8523 0.1383 2
-58.0 -0.5269 0.8432 0.1358 2
-57.5 -0.5313 0.8339 0.1333 2
-57.0 -0.5355 0.8246 0.1308 2
-56.5 -0.5396 0.8152 0.1283 2
-56.0 -0.5435 0.8058 0.1259 2
-55.5 -0.5473 0.7963 0.1234 2
-55.0 -0.5508 0.7867 0.1210 2
-54.5 -0.5543 0.7770 0.1185 2
-54.0 -0.5575 0.7673 0.1161 2
-53.5 -0.5606 0.7576 0.1137 2
-53.0 -0.5635 0.7478 0.1113 2
-52.5 -0.5662 0.7379 0.1089 2
-52.0 -0.5688 0.7280 0.1065 2
-51.5 -0.5712 0.7181 0.1042 2
-51.0 -0.5734 0.7081 0.1018 2
-50.5 -0.5754 0.6981 0.0995 2
-50.0 -0.5773 0.6880 0.0972 2
-49.5 -0.5790 0.6779 0.0949 2
-49.0 -0.5805 0.6678 0.0926 2
-48.5 -0.5818 0.6576 0.0904 2
-48.0 -0.5830 0.6475 0.0881 2
-47.5 -0.5840 0.6373 0.0859 2
-47.0 -0.5848 0.6271 0.0837 2
-46.5 -0.5854 0.6169 0.0815 2
-46.0 -0.5858 0.6067 0.0793 2
-45.5 -0.5861 0.5964 0.0772 2
-45.0 -0.5862 0.5862 0.0750 2
-44.5 -0.5861 0.5760 0.0729 2
-44.0 -0.5858 0.5657 0.0708 2
-43.5 -0.5854 0.5555 0.0687 2
-43.0 -0.5848 0.5453 0.0667 2
-42.5 -0.5840 0.5351 0.0647 2
-42.0 -0.5830 0.5249 0.0627 2
-41.5 -0.5818 0.5148 0.0607 2
-41.0 -0.5805 0.5046 0.0587 2
-40.5 -0.5790 0.4945 0.0568 2
-40.0 -0.5773 0.4844 0.0548 2
-39.5 -0.5754 0.4743 0.0530 2
-39.0 -0.5734 0.4643 0.0511 2
-38.5 -0.5712 0.4543 0.0492 2
-38.0 -0.5688 0.4444 0.0474 2
-37.5 -0.5662 0.4345 0.0456 2
-37.0 -0.5635 0.4246 0.0439 2
-36.5 -0.5606 0.4148 0.0421 2
-36.0 -0.5575 0.4051 0.0404 2
-35.5 -0.5543 0.3954 0.0387 2
-35.0 -0.5508 0.3857 0.0370 2
-34.5 -0.5473 0.3761 0.0354 2
-34.0 -0.5435 0.3666 0.0338 2
-33.5 -0.5396 0.3572 0.0322 2
-33.0 -0.5355 0.3478 0.0306 2
-32.5 -0.5313 0.3385 0.0291 2
-32.0 -0.5269 0.3292 0.0276 2
-31.5 -0.5223 0.3201 0.0261 2
-31.0 -0.5176 0.3110 0.0247 2
-30.5 -0.5127 0.3020 0.0233 2
-30.0 -0.5077 0.2931 0.0219 2
-29.5 -0.5025 0.2843 0.0205 2
-29.0 -0.4971 0.2756 0.0192 2
-28.5 -0.4916 0.2669 0.0179 2
-28.0 -0.4860 0.2584 0.0166 2
-27.5 -0.4802 0.2500 0.0154 2
-27.0 -0.4742 0.2416 0.0142 2
-26.5 -0.4682 0.2334 0.0130 2
-26.0 -0.4619 0.2253 0.0119 2
-25.5 -0.4556 0.2173 0.0108 2
-25.0 -0.4491 0.2094 0.0097 2
-24.5 -0.4424 0.2016 0.0087 2
-24.0 -0.4356 0.1940 0.0077 2
-23.5 -0.4287 0.1864 0.0067 2
-23.0 -0.4217 0.1790 0.0057 2
-22.5 -0.4145 0.1717 0.0048 2
-22.0 -0.4072 0.1645 0.0039 2
-21.5 -0.3998 0.1575 0.0031 2
-21.0 -0.3922 0.1506 0.0023 2
-20.5 -0.3846 0.1438 0.0015 2
-20.0 -0.3768 0.1371 0.0008 2
-19.5 -0.3689 0.1306 0.0000 2
-19.0 -0.3609 0.1243 -0.0006 2
-18.5 -0.3528 0.1180 -0.0013 2
-18.0 -0.3446 0.1120 -0.0019 2
-17.5 -0.3375 0.1063 -0.0025 2
-17.0 -0.3329 0.1015 -0.0030 2
-16.5 -0.3306 0.0974 -0.0036 2
-16.0 -0.3305 0.0941 -0.0042 2
-15.5 -0.3326 0.0914 -0.0048 2
-15.0 -0.3365 0.0895 -0.0055 2
-14.5 -0.3422 0.0881 -0.0062 2
-14.0 -0.3494 0.0873 -0.0070 2
-13.5 -0.3577 0.0869 -0.0078 2
-13.0 -0.3669 0.0870 -0.0086 2
-12.5 -0.3767 0.0873 -0.0095 2
-12.0 -0.3867 0.0880 -0.0105 2
-11.5 -0.3967 0.0887 -0.0115 2
-11.0 -0.4063 0.0896 -0.0125 2
-10.5 -0.4151 0.0905 -0.0135 2
-10.0 -0.4230 0.0913 -0.0145 2
-9.5 -0.4294 0.0919 -0.0155 2
-9.0 -0.4343 0.0923 -0.0164 2
-8.5 -0.4374 0.0925 -0.0173 2
-8.0 -0.4383 0.0923 -0.0182 2
-7.5 -0.4371 0.0917 -0.0189 2
-7.0 -0.4334 0.0907 -0.0195 2
-6.5 -0.4272 0.0893 -0.0200 2
-6.0 -0.4185 0.0874 -0.0203 0
-5.5 -0.3962 0.0815 -0.0241 0
-5.0 -0.3721 0.0752 -0.0262 0
-4.5 -0.3411 0.0690 -0.0301 0
-4.0 -0.3056 0.0629 -0.0337 0
-3.5 -0.2670 0.0570 -0.0372 0
-3.0 -0.2427 0.0509 -0.0335 0
-2.5 -0.2374 0.0454 -0.0227 0
-2.0 -0.2385 0.0396 -0.0093 0
-1.5 -0.2350 0.0342 0.0028 0
-1.0 -0.1885 0.0286 0.0019 0
-0.5 0.1696 0.0255 -0.0769 0
0.0 0.2280 0.0232 -0.0767 0
0.5 0.2874 0.0215 -0.0763 0
1.0 0.3445 0.0201 -0.0760 0
1.5 0.3946 0.0182 -0.0741 0
2.0 0.4343 0.0190 -0.0715 0
2.5 0.4727 0.0199 -0.0686 0
3.0 0.6878 0.0248 -0.0895 0
3.5 0.7672 0.0286 -0.0909 0
4.0 0.8334 0.0333 -0.0902 0
4.5 0.8942 0.0379 -0.0875 0
5.0 0.9567 0.0439 -0.0845 0
5.5 1.0282 0.0543 -0.0946 0
6.0 0.9139 0.0684 -0.1045 0
6.5 0.8452 0.0815 -0.1196 0
7.0 0.8329 0.0893 -0.1202 0
7.5 0.8486 0.0979 -0.1218 0
8.0 0.9190 0.1072 -0.1194 0
8.5 0.9576 0.1136 -0.1095 0
9.0 0.9763 0.1203 -0.1027 0
9.5 0.9916 0.1281 -0.0983 0
10.0 0.9912 0.1360 -0.0981 0
10.5 1.0042 0.1448 -0.0960 0
11.0 0.9951 0.1521 -0.0988 0
11.5 0.9960 0.1601 -0.1019 0
12.0 1.0081 0.1692 -0.1024 0
12.5 1.0121 0.1769 -0.1062 0
13.0 1.0201 0.1843 -0.1101 0
13.5 1.0261 0.1921 -0.1130 0
14.0 1.0448 0.2017 -0.1145 0
14.5 1.0457 0.2067 -0.1198 0
15.0 1.0631 0.2157 -0.1227 0
15.5 1.0722 0.2221 -0.1261 0
16.0 1.0905 0.2286 -0.1308 0
16.5 1.0723 0.2338 -0.1298 1
17.0 1.0555 0.2391 -0.1290 1
17.5 1.0399 0.2445 -0.1282 1
18.0 1.0255 0.2500 -0.1277 1
18.5 1.0121 0.2557 -0.1272 1
19.0 0.9997 0.2616 -0.1268 1
19.5 0.9882 0.2675 -0.1265 1
20.0 0.9774 0.2736 -0.1264 1
20.5 0.9674 0.2798 -0.1263 1
21.0 0.9580 0.2861 -0.1263 1
21.5 0.9493 0.2926 -0.1263 1
22.0 0.9411 0.2992 -0.1265 1
22.5 0.9334 0.3058 -0.1267 1
23.0 0.9262 0.3126 -0.1269 1
23.5 0.9194 0.3196 -0.1272 1
24.0 0.9130 0.3266 -0.1276 1
24.5 0.9069 0.3337 -0.1281 1
25.0 0.9012 0.3410 -0.1286 1
25.5 0.8958 0.3483 -0.1291 1
26.0 0.8906 0.3558 -0.1297 1
26.5 0.8857 0.3634 -0.1303 1
27.0 0.8811 0.3710 -0.1310 1
27.5 0.8766 0.3788 -0.1317 1
28.0 0.8723 0.3866 -0.1324 1
28.5 0.8682 0.3945 -0.1332 1
29.0 0.8642 0.4026 -0.1340 1
29.5 0.8603 0.4107 -0.1349 1
30.0 0.8566 0.4188 -0.1358 1
30.5 0.8530 0.4271 -0.1367 1
31.0 0.8495 0.4355 -0.1376 1
31.5 0.8460 0.4439 -0.1386 1
32.0 0.8426 0.4524 -0.1396 1
32.5 0.8393 0.4609 -0.1406 1
33.0 0.8360 0.4695 -0.1417 1
33.5 0.8327 0.4782 -0.1428 1
34.0 0.8294 0.4870 -0.1439 1
34.5 0.8262 0.4958 -0.1450 1
35.0 0.8230 0.5046 -0.1462 1
35.5 0.8198 0.5136 -0.1473 1
36.0 0.8166 0.5225 -0.1485 1
36.5 0.8133 0.5315 -0.1497 1
37.0 0.8100 0.5406 -0.1509 1
37.5 0.8067 0.5497 -0.1522 1
38.0 0.8034 0.5588 -0.1534 1
38.5 0.8001 0.5680 -0.1547 1
39.0 0.7966 0.5772 -0.1560 1
39.5 0.7932 0.5864 -0.1573 1
40.0 0.7897 0.5956 -0.1586 1
40.5 0.7861 0.6049 -0.1600 1
41.0 0.7825 0.6142 -0.1613 1
41.5 0.7788 0.6235 -0.1627 1
42.0 0.7750 0.6328 -0.1641 1
42.5 0.7711 0.6422 -0.1655 1
43.0 0.7672 0.6515 -0.1669 1
43.5 0.7632 0.6608 -0.1683 1
44.0 0.7591 0.6702 -0.1697 1
44.5 0.7550 0.6795 -0.1711 1
45.0 0.7507 0.6889 -0.1726 1
45.5 0.7463 0.6982 -0.1740 1
46.0 0.7419 0.7075 -0.1755 1
46.5 0.7374 0.7168 -0.1770 1
47.0 0.7327 0.7261 -0.1785 1
47.5 0.7280 0.7354 -0.1799 1
48.0 0.7231 0.7446 -0.1814 1
48.5 0.7182 0.7539 -0.1829 1
49.0 0.7132 0.7630 -0.1844 1
49.5 0.7080 0.7722 -0.1859 1
50.0 0.7028 0.7813 -0.1875 1
50.5 0.6974 0.7904 -0.1890 1
51.0 0.6919 0.7995 -0.1905 1
51.5 0.6864 0.8085 -0.1920 1
52.0 0.6807 0.8174 -0.1936 1
52.5 0.6749 0.8263 -0.1951 1
53.0 0.6690 0.8352 -0.1966 1
53.5 0.6630 0.8440 -0.1982 1
54.0 0.6569 0.8527 -0.1997 1
54.5 0.6506 0.8614 -0.2013 1
55.0 0.6443 0.8700 -0.2028 1
55.5 0.6378 0.8785 -0.2044 1
56.0 0.6313 0.8870 -0.2059 1
56.5 0.6246 0.8954 -0.2075 1
57.0 0.6178 0.9037 -0.2090 1
57.5 0.6109 0.9120 -0.2106 1
58.0 0.6039 0.9201 -0.2121 1
58.5 0.5968 0.9282 -0.2137 1
59.0 0.5896 0.9362 -0.2152 1
59.5 0.5823 0.9441 -0.2168 1
60.0 0.5748 0.9519 -0.2183 1
60.5 0.5673 0.9596 -0.2199 1
61.0 0.5596 0.9672 -0.2214 1
61.5 0.5519 0.9748 -0.2229 1
62.0 0.5441 0.9822 -0.2245 1
62.5 0.5361 0.9895 -0.2260 1
63.0 0.5281 0.9967 -0.2275 1
63.5 0.5199 1.0038 -0.2290 1
64.0 0.5117 1.0108 -0.2305 1
64.5 0.5033 1.0176 -0.2320 1
65.0 0.4949 1.0244 -0.2335 1
65.5 0.4864 1.0310 -0.2350 1
66.0 0.4778 1.0375 -0.2365 1
66.5 0.4691 1.0439 -0.2380 1
67.0 0.4603 1.0501 -0.2395 1
67.5 0.4514 1.0563 -0.2409 1
68.0 0.4424 1.0623 -0.2424 1
68.5 0.4334 1.0681 -0.2439 1
69.0 0.4242 1.0739 -0.2453 1
69.5 0.4150 1.0795 -0.2467 1
70.0 0.4058 1.0849 -0.2482 1
70.5 0.3964 1.0902 -0.2496 1
71.0 0.3870 1.0954 -0.2510 1
71.5 0.3775 1.1004 -0.2524 1
72.0 0.3679 1.1053 -0.2537 1
72.5 0.3583 1.1100 -0.2551 1
73.0 0.3486 1.1146 -0.2565 1
73.5 0.3388 1.1191 -0.2578 1
74.0 0.3290 1.1233 -0.2591 1
74.5 0.3192 1.1275 -0.2605 1
75.0 0.3092 1.1314 -0.2618 1
75.5 0.2993 1.1353 -0.2631 1
76.0 0.2892 1.1389 -0.2644 1
76.5 0.2792 1.1424 -0.2656 1
77.0 0.2691 1.1457 -0.2669 1
77.5 0.2589 1.1489 -0.2681 1
78.0 0.2487 1.1519 -0.2693 1
78.5 0.2385 1.1547 -0.2705 1
79.0 0.2282 1.1574 -0.2717 1
79.5 0.2179 1.1599 -0.2729 1
80.0 0.2076 1.1623 -0.2741 1
80.5 0.1973 1.1644 -0.2752 1
81.0 0.1869 1.1664 -0.2763 1
81.5 0.1765 1.1682 -0.2774 1
82.0 0.1661 1.1699 -0.2785 1
82.5 0.1557 1.1714 -0.2796 1
83.0 0.1453 1.1727 -0.2806 1
83.5 0.1349 1.1738 -0.2817 1
84.0 0.1244 1.1748 -0.2827 1
84.5 0.1140 1.1755 -0.2837 1
85.0 0.1036 1.1761 -0.2846 1
85.5 0.0931 1.1766 -0.2856 1
86.0 0.0827 1.1768 -0.2865 1
86.5 0.0723 1.1769 -0.2874 1
87.0 0.0619 1.1768 -0.2883 1
87.5 0.0515 1.1765 -0.2891 1
88.0 0.0412 1.1760 -0.2900 1
88.5 0.0308 1.1754 -0.2908 1
89.0 0.0205 1.1746 -0.2916 1
89.5 0.0102 1.1736 -0.2924 1
90.0 0.0000 1.1724 -0.2931 1
90.5 -0.0072 1.1736 -0.2950 3
91.0 -0.0144 1.1746 -0.2969 3
91.5 -0.0216 1.1754 -0.2988 3
92.0 -0.0288 1.1760 -0.3006 3
92.5 -0.0361 1.1765 -0.3024 3
93.0 -0.0433 1.1768 -0.3042 3
93.5 -0.0506 1.1769 -0.3059 3
94.0 -0.0579 1.1768 -0.3076 3
94.5 -0.0652 1.1766 -0.3092 3
95.0 -0.0725 1.1761 -0.3109 3
95.5 -0.0798 1.1755 -0.3124 3
96.0 -0.0871 1.1748 -0.3140 3
96.5 -0.0944 1.1738 -0.3155 3
97.0 -0.1017 1.1727 -0.3170 3
97.5 -0.1090 1.1714 -0.3184 3
98.0 -0.1163 1.1699 -0.3198 3
98.5 -0.1236 1.1682 -0.3211 3
99.0 -0.1308 1.1664 -0.3224 3
99.5 -0.1381 1.1644 -0.3237 3
100.0 -0.1453 1.1623 -0.3250 3
100.5 -0.1526 1.1599 -0.3262 3
101.0 -0.1598 1.1574 -0.3273 3
101.5 -0.1669 1.1547 -0.3284 3
102.0 -0.1741 1.1519 -0.3295 3
102.5 -0.1812 1.1489 -0.3305 3
103.0 -0.1883 1.1457 -0.3315 3
103.5 -0.1954 1.1424 -0.3325 3
104.0 -0.2025 1.1389 -0.3334 3
104.5 -0.2095 1.1353 -0.3343 3
105.0 -0.2165 1.1314 -0.3351 3
105.5 -0.2234 1.1275 -0.3359 3
106.0 -0.2303 1.1233 -0.3366 3
106.5 -0.2372 1.1191 -0.3374 3
107.0 -0.2440 1.1146 -0.3380 3
107.5 -0.2508 1.1100 -0.3387 3
108.0 -0.2575 1.1053 -0.3392 3
108.5 -0.2642 1.1004 -0.3398 3
109.0 -0.2709 1.0954 -0.3403 3
109.5 -0.2775 1.0902 -0.3408 3
110.0 -0.2840 1.0849 -0.3412 3
110.5 -0.2905 1.0795 -0.3416 3
111.0 -0.2970 1.0739 -0.3419 3
111.5 -0.3034 1.0681 -0.3422 3
112.0 -0.3097 1.0623 -0.3425 3
112.5 -0.3160 1.0563 -0.3427 3
113.0 -0.3222 1.0501 -0.3429 3
113.5 -0.3283 1.0439 -0.3431 3
114.0 -0.3344 1.0375 -0.3432 3
114.5 -0.3405 1.0310 -0.3433 3
115.0 -0.3464 1.0244 -0.3433 3
115.5 -0.3523 1.0176 -0.3433 3
116.0 -0.3582 1.0108 -0.3433 3
116.5 -0.3639 1.0038 -0.3433 3
117.0 -0.3696 0.9967 -0.3432 3
117.5 -0.3753 0.9895 -0.3430 3
118.0 -0.3808 0.9822 -0.3429 3
118.5 -0.3863 0.9748 -0.3427 3
119.0 -0.3917 0.9672 -0.3424 3
119.5 -0.3971 0.9596 -0.3422 3
120.0 -0.4024 0.9519 -0.3419 3
120.5 -0.4076 0.9441 -0.3415 3
121.0 -0.4127 0.9362 -0.3412 3
121.5 -0.4178 0.9282 -0.3408 3
122.0 -0.4227 0.9201 -0.3404 3
122.5 -0.4276 0.9120 -0.3399 3
123.0 -0.4325 0.9037 -0.3394 3
123.5 -0.4372 0.8954 -0.3389 3
124.0 -0.4419 0.8870 -0.3384 3
124.5 -0.4465 0.8785 -0.3378 3
125.0 -0.4510 0.8700 -0.3373 3
125.5 -0.4554 0.8614 -0.3367 3
126.0 -0.4598 0.8527 -0.3360 3
126.5 -0.4641 0.8440 -0.3354 3
127.0 -0.4683 0.8352 -0.3347 3
127.5 -0.4724 0.8263 -0.3340 3
128.0 -0.4765 0.8174 -0.3333 3
128.5 -0.4805 0.8085 -0.3326 3
129.0 -0.4844 0.7995 -0.3319 3
129.5 -0.4882 0.7904 -0.3311 3
130.0 -0.4919 0.7813 -0.3303 3
130.5 -0.4956 0.7722 -0.3295 3
131.0 -0.4992 0.7630 -0.3287 3
131.5 -0.5027 0.7539 -0.3279 3
132.0 -0.5062 0.7446 -0.3271 3
132.5 -0.5096 0.7354 -0.3263 3
133.0 -0.5129 0.7261 -0.3254 3
133.5 -0.5162 0.7168 -0.3246 3
134.0 -0.5193 0.7075 -0.3237 3
134.5 -0.5224 0.6982 -0.3229 3
135.0 -0.5255 0.6889 -0.3220 3
135.5 -0.5285 0.6795 -0.3211 3
136.0 -0.5314 0.6702 -0.3203 3
136.5 -0.5343 0.6608 -0.3194 3
137.0 -0.5371 0.6515 -0.3186 3
137.5 -0.5398 0.6422 -0.3177 3
138.0 -0.5425 0.6328 -0.3169 3
138.5 -0.5451 0.6235 -0.3160 3
139.0 -0.5477 0.6142 -0.3152 3
139.5 -0.5503 0.6049 -0.3144 3
140.0 -0.5528 0.5956 -0.3136 3
140.5 -0.5552 0.5864 -0.3128 3
141.0 -0.5577 0.5772 -0.3120 3
141.5 -0.5600 0.5680 -0.3112 3
142.0 -0.5624 0.5588 -0.3105 3
142.5 -0.5647 0.5497 -0.3098 3
143.0 -0.5670 0.5406 -0.3091 3
143.5 -0.5693 0.5315 -0.3085 3
144.0 -0.5716 0.5225 -0.3078 3
144.5 -0.5738 0.5136 -0.3072 3
145.0 -0.5761 0.5046 -0.3067 3
145.5 -0.5784 0.4958 -0.3061 3
146.0 -0.5806 0.4870 -0.3057 3
146.5 -0.5829 0.4782 -0.3052 3
147.0 -0.5852 0.4695 -0.3048 3
147.5 -0.5875 0.4609 -0.3045 3
148.0 -0.5898 0.4524 -0.3042 3
148.5 -0.5922 0.4439 -0.3040 3
149.0 -0.5946 0.4355 -0.3038 3
149.5 -0.5971 0.4271 -0.3037 3
150.0 -0.5996 0.4188 -0.3036 3
150.5 -0.6022 0.4107 -0.3037 3
151.0 -0.6049 0.4026 -0.3038 3
151.5 -0.6077 0.3945 -0.3040 3
152.0 -0.6106 0.3866 -0.3043 3
152.5 -0.6136 0.3788 -0.3046 3
153.0 -0.6167 0.3710 -0.3051 3
153.5 -0.6200 0.3634 -0.3057 3
154.0 -0.6234 0.3558 -0.3064 3
154.5 -0.6270 0.3483 -0.3073 3
155.0 -0.6308 0.3410 -0.3082 3
155.5 -0.6348 0.3337 -0.3093 3
156.0 -0.6391 0.3266 -0.3106 3
156.5 -0.6436 0.3196 -0.3120 3
157.0 -0.6483 0.3126 -0.3135 3
157.5 -0.6534 0.3058 -0.3153 3
158.0 -0.6587 0.2992 -0.3172 3
158.5 -0.6645 0.2926 -0.3194 3
159.0 -0.6706 0.2861 -0.3218 3
159.5 -0.6772 0.2798 -0.3244 3
160.0 -0.6842 0.2736 -0.3273 3
160.5 -0.6917 0.2675 -0.3305 3
161.0 -0.6998 0.2616 -0.3340 3
161.5 -0.7085 0.2557 -0.3378 3
162.0 -0.7178 0.2500 -0.3420 3
162.5 -0.7279 0.2445 -0.3466 3
163.0 -0.7388 0.2391 -0.3516 3
163.5 -0.7506 0.2338 -0.3570 3
164.0 -0.7633 0.2286 -0.3630 3
164.5 -0.7505 0.2221 -0.3576 3
165.0 -0.7442 0.2157 -0.3550 3
165.5 -0.7320 0.2067 -0.3496 3
166.0 -0.7314 0.2017 -0.3497 3
166.5 -0.7183 0.1921 -0.3438 3
167.0 -0.7141 0.1843 -0.3420 3
167.5 -0.7085 0.1769 -0.3396 3
168.0 -0.7057 0.1692 -0.3385 3
168.5 -0.6972 0.1601 -0.3347 3
169.0 -0.6966 0.1521 -0.3346 3
169.5 -0.7029 0.1448 -0.3379 3
170.0 -0.6938 0.1360 -0.3338 3
170.5 -0.6941 0.1281 -0.3343 3
171.0 -0.6834 0.1203 -0.3296 3
171.5 -0.6703 0.1136 -0.3238 3
172.0 -0.6433 0.1072 -0.3115 3
172.5 -0.5940 0.0979 -0.2883 3
173.0 -0.5830 0.0893 -0.2833 3
173.5 -0.5916 0.0815 -0.2878 3
174.0 -0.6397 0.0684 -0.3110 3
174.5 -0.7197 0.0543 -0.3498 3
175.0 -0.6697 0.0439 -0.3262 3
175.5 -0.6259 0.0379 -0.3057 3
176.0 -0.5834 0.0333 -0.2856 3
176.5 -0.5370 0.0286 -0.2637 3
177.0 -0.4815 0.0248 -0.2370 3
177.5 -0.3309 0.0199 -0.1634 3
178.0 -0.3040 0.0190 -0.1506 3
178.5 -0.2762 0.0182 -0.1371 3
179.0 -0.2411 0.0201 -0.1201 3
179.5 -0.2012 0.0215 -0.1004 3
180.0 -0.1596 0.0232 -0.0798 3
