alpha cl cd cm ld phi
-6.00 0.0229 0.07751 -0.0412 0.30 nan
-5.75 0.0226 0.07627 -0.0401 0.30 nan
-5.50 0.0218 0.07507 -0.0389 0.29 nan
-5.25 0.0190 0.07404 -0.0373 0.26 nan
-5.00 -0.0369 0.07670 -0.0231 -0.48 nan
-4.75 -0.0881 0.07881 -0.0111 -1.12 nan
-4.50 -0.1366 0.08038 -0.0008 -1.70 nan
-4.25 -0.1822 0.08161 0.0080 -2.23 nan
-4.00 -0.2291 0.08264 0.0161 -2.77 nan
-3.75 -0.2729 0.08317 0.0228 -3.28 nan
-3.50 -0.3198 0.08356 0.0297 -3.83 nan
-3.25 -0.3609 0.08344 0.0344 -4.33 nan
-3.00 -0.3956 0.08274 0.0356 -4.78 nan
-2.75 -0.4095 0.08107 0.0290 -5.05 nan
-2.50 -0.3811 0.07767 0.0101 -4.91 nan
-2.25 -0.3218 0.07346 -0.0122 -4.38 nan
-2.00 -0.2770 0.06985 -0.0238 -3.97 nan
-1.75 -0.2319 0.06684 -0.0343 -3.47 nan
-1.50 -0.1866 0.06437 -0.0437 -2.90 nan
-1.25 -0.1483 0.06230 -0.0499 -2.38 nan
-1.00 -0.1092 0.06062 -0.0559 -1.80 nan
-0.75 -0.0729 0.05937 -0.0607 -1.23 nan
-0.50 -0.0386 0.05840 -0.0647 -0.66 nan
-0.25 -0.0068 0.05772 -0.0677 -0.12 nan
0.00 0.0245 0.05724 -0.0703 0.43 nan
0.25 0.0541 0.05694 -0.0724 0.95 46.465
0.50 0.0817 0.05668 -0.0736 1.44 34.751
0.75 0.1084 0.05637 -0.0743 1.92 27.475
1.00 0.1288 0.05549 -0.0730 2.32 23.307
1.25 0.1257 0.05419 -0.0703 2.32 23.321
1.50 0.1833 0.05653 -0.0808 3.24 17.140
1.75 0.2067 0.05813 -0.0823 3.56 15.708
2.00 0.2261 0.05968 -0.0829 3.79 14.786
2.25 0.2440 0.06126 -0.0833 3.98 14.094
2.50 0.2613 0.06286 -0.0837 4.16 13.526
2.75 0.2781 0.06451 -0.0840 4.31 13.060
3.00 0.2945 0.06619 -0.0843 4.45 12.667
3.25 0.3106 0.06792 -0.0846 4.57 12.335
3.50 0.3264 0.06969 -0.0849 4.68 12.052
3.75 0.3419 0.07150 -0.0852 4.78 11.812
4.00 0.3571 0.07335 -0.0855 4.87 11.607
4.25 0.3721 0.07525 -0.0858 4.94 11.433
4.50 0.3869 0.07720 -0.0861 5.01 11.284
4.75 0.4014 0.07919 -0.0864 5.07 11.160
5.00 0.4156 0.08123 -0.0868 5.12 11.059
5.25 0.4297 0.08331 -0.0871 5.16 10.972
5.50 0.4434 0.08544 -0.0875 5.19 10.907
5.75 0.4570 0.08762 -0.0879 5.22 10.854
6.00 0.4703 0.08984 -0.0883 5.23 10.815
6.25 0.4834 0.09212 -0.0887 5.25 10.789
6.50 0.4963 0.09444 -0.0892 5.26 10.774
6.75 0.5090 0.09682 -0.0897 5.26 10.770
7.00 0.5215 0.09924 -0.0902 5.25 10.774
7.25 0.5337 0.10171 -0.0907 5.25 10.790
7.50 0.5457 0.10422 -0.0912 5.24 10.812
7.75 0.5576 0.10679 -0.0918 5.22 10.842
8.00 0.5693 0.10940 -0.0924 5.20 10.878
8.25 0.5807 0.11207 -0.0931 5.18 10.923
8.50 0.5921 0.11478 -0.0938 5.16 10.971
8.75 0.6032 0.11754 -0.0945 5.13 11.027
9.00 0.6142 0.12034 -0.0952 5.10 11.086
9.25 0.6250 0.12319 -0.0960 5.07 11.150
9.50 0.6356 0.12608 -0.0969 5.04 11.220
9.75 0.6527 0.12984 -0.0992 5.03 11.251
10.00 0.6792 0.13449 -0.1036 5.05 11.200
10.25 0.6979 0.13866 -0.1065 5.03 11.237
10.50 0.7124 0.14195 -0.1084 5.02 11.269
10.75 0.7311 0.14597 -0.1111 5.01 11.291
11.00 0.7473 0.14918 -0.1132 5.01 11.289
11.25 0.7605 0.15280 -0.1148 4.98 11.361
11.50 0.7748 0.15602 -0.1165 4.97 11.385
11.75 0.7937 0.15971 -0.1191 4.97 11.377
12.00 0.8051 0.16317 -0.1203 4.93 11.457
12.25 0.8155 0.16612 -0.1213 4.91 11.514
12.50 0.8334 0.17055 -0.1237 4.89 11.566
12.75 0.8454 0.17408 -0.1250 4.86 11.635
13.00 0.8593 0.17659 -0.1266 4.87 11.613
13.25 0.8742 0.18198 -0.1284 4.80 11.759
13.50 0.8824 0.18386 -0.1292 4.80 11.770
13.75 0.8920 0.18699 -0.1303 4.77 11.839
14.00 0.9078 0.19147 -0.1322 4.74 11.910
14.25 0.9139 0.19369 -0.1329 4.72 11.966
14.50 0.9318 0.19778 -0.1349 4.71 11.984
14.75 0.9385 0.20144 -0.1358 4.66 12.114
15.00 0.9470 0.20412 -0.1368 4.64 12.164
15.25 0.9660 0.20940 -0.1389 4.61 12.231
15.50 0.9713 0.21242 -0.1397 4.57 12.336
15.75 0.9783 0.21468 -0.1407 4.56 12.377
16.00 0.9880 0.21797 -0.1420 4.53 12.441
