x cp
1.00000 -0.3568
0.99344 -0.3560
0.98270 -0.3554
0.97020 -0.3548
0.95728 -0.3541
0.94423 -0.3534
0.93111 -0.3527
0.91794 -0.3520
0.90470 -0.3514
0.89141 -0.3508
0.87807 -0.3502
0.86467 -0.3497
0.85114 -0.3493
0.83729 -0.3489
0.82335 -0.3486
0.80937 -0.3483
0.79538 -0.3481
0.78136 -0.3479
0.76733 -0.3479
0.75329 -0.3480
0.73922 -0.3482
0.72515 -0.3487
0.71106 -0.3493
0.69696 -0.3503
0.68284 -0.3516
0.66872 -0.3533
0.65458 -0.3556
0.64043 -0.3585
0.62628 -0.3621
0.61212 -0.3665
0.59795 -0.3720
0.58378 -0.3785
0.56960 -0.3862
0.55542 -0.3947
0.54123 -0.4043
0.52704 -0.4152
0.51285 -0.4271
0.49866 -0.4397
0.48447 -0.4527
0.47028 -0.4655
0.45609 -0.4779
0.44190 -0.4894
0.42772 -0.5001
0.41354 -0.5096
0.39937 -0.5180
0.38521 -0.5253
0.37105 -0.5314
0.35689 -0.5364
0.34275 -0.5403
0.32862 -0.5431
0.31449 -0.5448
0.30038 -0.5456
0.28628 -0.5454
0.27219 -0.5442
0.25812 -0.5421
0.24406 -0.5391
0.23002 -0.5352
0.21599 -0.5305
0.20198 -0.5250
0.18799 -0.5187
0.17401 -0.5116
0.16006 -0.5038
0.14612 -0.4954
0.13221 -0.4864
0.11832 -0.4771
0.10446 -0.4680
0.09061 -0.4601
0.07679 -0.4560
0.06301 -0.4619
0.04928 -0.4904
0.03583 -0.5614
0.02376 -0.6846
0.01514 -0.8375
0.00977 -1.0052
0.00624 -1.1984
0.00375 -1.4036
0.00193 -1.4882
0.00069 -1.1619
-0.00002 -0.4023
-0.00027 0.3428
-0.00014 0.8209
0.00034 0.9993
0.00121 0.8549
0.00249 0.4138
0.00422 -0.0401
0.00637 -0.2069
0.00904 -0.1679
0.01253 -0.0732
0.01762 0.0245
0.02582 0.1138
0.03766 0.1825
0.05107 0.2262
0.06478 0.2546
0.07856 0.2750
0.09237 0.2907
0.10621 0.3036
0.12007 0.3144
0.13395 0.3237
0.14786 0.3320
0.16179 0.3392
0.17574 0.3457
0.18971 0.3515
0.20369 0.3568
0.21770 0.3615
0.23172 0.3657
0.24576 0.3695
0.25982 0.3729
0.27389 0.3759
0.28797 0.3786
0.30207 0.3809
0.31618 0.3829
0.33030 0.3846
0.34443 0.3859
0.35857 0.3870
0.37272 0.3878
0.38687 0.3882
0.40104 0.3884
0.41521 0.3883
0.42938 0.3879
0.44356 0.3872
0.45774 0.3862
0.47193 0.3849
0.48612 0.3833
0.50030 0.3814
0.51449 0.3792
0.52868 0.3766
0.54286 0.3737
0.55704 0.3704
0.57122 0.3667
0.58540 0.3626
0.59957 0.3582
0.61373 0.3532
0.62789 0.3478
0.64204 0.3419
0.65617 0.3355
0.67030 0.3285
0.68442 0.3208
0.69853 0.3124
0.71263 0.3033
0.72671 0.2934
0.74078 0.2824
0.75484 0.2704
0.76888 0.2572
0.78290 0.2425
0.79690 0.2261
0.81089 0.2077
0.82486 0.1866
0.83882 0.1620
0.85286 0.1314
0.86710 0.0987
0.88139 0.0652
0.89569 0.0302
0.91000 -0.0072
0.92432 -0.0480
0.93864 -0.0943
0.95296 -0.1488
0.96724 -0.2172
0.98113 -0.3059
0.99297 -0.4245
1.00000 -0.3568
