alpha cl cd cm ld phi
-6.00 -0.1213 0.04962 -0.1132 -2.44 nan
-5.75 -0.0853 0.04412 -0.1201 -1.93 nan
-5.50 -0.0616 0.03958 -0.1235 -1.56 nan
-5.25 -0.0246 0.03517 -0.1280 -0.70 nan
-5.00 0.0037 0.03323 -0.1293 0.11 nan
-4.75 0.0381 0.03149 -0.1313 1.21 nan
-4.50 0.0733 0.02993 -0.1332 2.45 22.211
-4.25 0.1029 0.02870 -0.1338 3.59 15.584
-4.00 0.1345 0.02769 -0.1346 4.86 11.633
-3.75 0.1686 0.02674 -0.1358 6.31 9.012
-3.50 0.1960 0.02610 -0.1358 7.51 7.585
-3.25 0.2307 0.02526 -0.1369 9.13 6.249
-3.00 0.2582 0.02474 -0.1368 10.44 5.473
-2.75 0.2928 0.02408 -0.1378 12.16 4.701
-2.50 0.3191 0.02371 -0.1375 13.46 4.249
-2.25 0.3501 0.02322 -0.1378 15.08 3.795
-2.00 0.3824 0.02276 -0.1385 16.80 3.406
-1.75 0.4100 0.02246 -0.1382 18.25 3.136
-1.50 0.4406 0.02208 -0.1385 19.95 2.869
-1.25 0.4678 0.02187 -0.1382 21.39 2.677
-1.00 0.5023 0.02143 -0.1391 23.44 2.443
-0.75 0.5283 0.02129 -0.1387 24.81 2.308
-0.50 0.5576 0.02104 -0.1388 26.50 2.161
-0.25 0.5876 0.02074 -0.1391 28.33 2.021
0.00 0.6171 0.02035 -0.1393 30.32 1.889
0.25 0.6393 0.01958 -0.1379 32.65 1.754
0.50 0.6669 0.01898 -0.1369 35.14 1.630
0.75 0.6947 0.01913 -0.1367 36.31 1.577
1.00 0.7234 0.01926 -0.1367 37.56 1.525
1.25 0.7535 0.01934 -0.1369 38.96 1.470
1.50 0.7791 0.01959 -0.1365 39.77 1.440
1.75 0.8076 0.01975 -0.1365 40.89 1.401
2.00 0.8346 0.01997 -0.1363 41.79 1.371
2.25 0.8622 0.02019 -0.1362 42.70 1.341
2.50 0.8905 0.02037 -0.1361 43.72 1.310
2.75 0.9157 0.02069 -0.1357 44.26 1.294
3.00 0.9424 0.02097 -0.1355 44.94 1.275
3.25 0.9697 0.02122 -0.1353 45.70 1.254
3.50 0.9951 0.02155 -0.1349 46.18 1.241
3.75 1.0208 0.02189 -0.1346 46.63 1.228
4.00 1.0492 0.02213 -0.1346 47.41 1.208
4.25 1.0720 0.02258 -0.1339 47.48 1.207
4.50 1.0973 0.02294 -0.1335 47.83 1.198
4.75 1.1241 0.02327 -0.1333 48.31 1.186
5.00 1.1460 0.02377 -0.1324 48.21 1.188
5.25 1.1726 0.02411 -0.1322 48.64 1.178
5.50 1.1946 0.02460 -0.1314 48.56 1.180
5.75 1.2197 0.02500 -0.1310 48.79 1.174
6.00 1.2420 0.02549 -0.1301 48.72 1.176
6.25 1.2655 0.02595 -0.1295 48.77 1.175
6.50 1.2879 0.02642 -0.1287 48.75 1.175
6.75 1.3094 0.02695 -0.1277 48.59 1.179
7.00 1.3336 0.02736 -0.1271 48.74 1.175
7.25 1.3514 0.02799 -0.1257 48.28 1.187
7.50 1.3786 0.02827 -0.1255 48.77 1.175
7.75 1.3922 0.02902 -0.1234 47.97 1.194
8.00 1.4130 0.02948 -0.1222 47.93 1.195
8.25 1.4311 0.02998 -0.1207 47.74 1.200
8.50 1.4496 0.03041 -0.1192 47.67 1.202
8.75 1.4598 0.03108 -0.1164 46.97 1.220
9.00 1.4718 0.03154 -0.1139 46.66 1.228
9.25 1.4797 0.03206 -0.1106 46.15 1.241
9.50 1.4848 0.03273 -0.1072 45.37 1.263
9.75 1.4876 0.03357 -0.1036 44.31 1.293
10.00 1.4884 0.03462 -0.1001 42.99 1.332
10.25 1.4884 0.03583 -0.0967 41.54 1.379
10.50 1.4884 0.03716 -0.0936 40.05 1.430
10.75 1.4884 0.03861 -0.0907 38.55 1.486
11.00 1.4861 0.04036 -0.0878 36.82 1.556
11.25 1.4821 0.04242 -0.0852 34.94 1.639
11.50 1.4781 0.04465 -0.0828 33.10 1.730
11.75 1.4716 0.04722 -0.0805 31.16 1.838
12.00 1.4639 0.05014 -0.0786 29.20 1.962
12.25 1.4546 0.05336 -0.0768 27.26 2.101
12.50 1.4440 0.05694 -0.0753 25.36 2.258
12.75 1.4325 0.06084 -0.0742 23.55 2.432
13.00 1.4200 0.06502 -0.0733 21.84 2.622
13.25 1.4080 0.06938 -0.0727 20.29 2.821
13.50 1.3957 0.07387 -0.0724 18.89 3.030
13.75 1.3849 0.07836 -0.0723 17.67 3.238
14.00 1.3745 0.08282 -0.0722 16.60 3.448
14.25 1.3655 0.08716 -0.0723 15.67 3.652
14.50 1.3577 0.09140 -0.0725 14.85 3.851
14.75 1.3520 0.09552 -0.0727 14.15 4.041
15.00 1.3476 0.09938 -0.0730 13.56 4.218
15.25 1.3433 0.10323 -0.0734 13.01 4.394
15.50 1.3421 0.10668 -0.0737 12.58 4.545
15.75 1.3413 0.11002 -0.0740 12.19 4.689
16.00 1.3420 0.11317 -0.0744 11.86 4.820
