alpha cl cd clalt cdalt
10.25 0.4446 0.12610 0.5439 0.12614
10.50 0.4444 0.12893 0.5506 0.12960
10.75 0.4458 0.13215 0.5533 0.13266
11.00 0.4554 0.13616 0.5568 0.13595
11.25 0.4676 0.14052 0.5635 0.13942
11.50 0.4595 0.14209 0.5713 0.14300
11.75 0.4586 0.14484 0.5799 0.14672
12.00 0.4677 0.14886 0.5864 0.14988
12.25 0.4621 0.15047 0.5966 0.15396
12.50 0.4705 0.15439 0.5999 0.15654
12.75 0.4771 0.15765 0.6043 0.15973
13.00 0.4668 0.15846 0.6139 0.16355
13.25 0.4788 0.16297 0.6213 0.16657
13.50 0.4784 0.16480 0.6316 0.17008
13.75 0.4805 0.16753 0.6381 0.17412
14.00 0.4749 0.16802 0.6502 0.17768
14.25 0.4919 0.17372 0.6492 0.17944
14.50 0.4776 0.17177 0.6577 0.18282
14.75 0.4919 0.17706 0.6716 0.18686
15.00 0.4828 0.17600 0.6751 0.18938
15.25 0.4981 0.18182 0.6811 0.19234
15.50 0.4902 0.18084 0.6936 0.19572
15.75 0.4945 0.18334 0.6998 0.19910
16.00 0.4981 0.18580 0.7050 0.20137
