alpha cl cd cm fuente
-180.0 0.0846 0.0162 0.0423 3
-179.5 0.1307 0.0179 0.0652 3
-179.0 0.1688 0.0199 0.0841 3
-178.5 0.2071 0.0223 0.1030 3
-178.0 0.2438 0.0256 0.1209 3
-177.5 0.3650 0.0332 0.1805 3
-177.0 0.3787 0.0384 0.1869 3
-176.5 0.3849 0.0431 0.1897 3
-176.0 0.3933 0.0476 0.1935 3
-175.5 0.4066 0.0527 0.1996 3
-175.0 0.4211 0.0585 0.2064 3
-174.5 0.4358 0.0645 0.2132 3
-174.0 0.4497 0.0715 0.2198 3
-173.5 0.4551 0.0735 0.2219 3
-173.0 0.4574 0.0751 0.2226 3
-172.5 0.4567 0.0765 0.2217 3
-172.0 0.4531 0.0775 0.2195 3
-171.5 0.4467 0.0783 0.2160 3
-171.0 0.4378 0.0788 0.2113 3
-170.5 0.4267 0.0792 0.2055 3
-170.0 0.4136 0.0794 0.1989 3
-169.5 0.3990 0.0795 0.1915 3
-169.0 0.3831 0.0797 0.1837 3
-168.5 0.3663 0.0798 0.1755 3
-168.0 0.3491 0.0800 0.1671 3
-167.5 0.3318 0.0805 0.1588 3
-167.0 0.3149 0.0811 0.1508 3
-166.5 0.2988 0.0820 0.1432 3
-166.0 0.2837 0.0833 0.1362 3
-165.5 0.2702 0.0850 0.1300 3
-165.0 0.2585 0.0871 0.1248 3
-164.5 0.2490 0.0898 0.1206 3
-164.0 0.2419 0.0930 0.1176 3
-163.5 0.2374 0.0968 0.1158 3
-163.0 0.2357 0.1012 0.1154 3
-162.5 0.2369 0.1063 0.1164 3
-162.0 0.2412 0.1120 0.1188 3
-161.5 0.2469 0.1180 0.1219 3
-161.0 0.2526 0.1243 0.1249 3
-160.5 0.2582 0.1306 0.1280 3
-160.0 0.2638 0.1371 0.1310 3
-159.5 0.2692 0.1438 0.1340 3
-159.0 0.2746 0.1506 0.1370 3
-158.5 0.2799 0.1575 0.1401 3
-158.0 0.2850 0.1645 0.1430 3
-157.5 0.2902 0.1717 0.1460 3
-157.0 0.2952 0.1790 0.1490 3
-156.5 0.3001 0.1864 0.1520 3
-156.0 0.3049 0.1940 0.1549 3
-155.5 0.3097 0.2016 0.1578 3
-155.0 0.3143 0.2094 0.1608 3
-154.5 0.3189 0.2173 0.1637 3
-154.0 0.3234 0.2253 0.1666 3
-153.5 0.3277 0.2334 0.1695 3
-153.0 0.3320 0.2416 0.1723 3
-152.5 0.3361 0.2500 0.1752 3
-152.0 0.3402 0.2584 0.1780 3
-151.5 0.3441 0.2669 0.1809 3
-151.0 0.3480 0.2756 0.1837 3
-150.5 0.3517 0.2843 0.1865 3
-150.0 0.3554 0.2931 0.1893 3
-149.5 0.3589 0.3020 0.1921 3
-149.0 0.3623 0.3110 0.1948 3
-148.5 0.3656 0.3201 0.1976 3
-148.0 0.3688 0.3292 0.2003 3
-147.5 0.3719 0.3385 0.2030 3
-147.0 0.3749 0.3478 0.2057 3
-146.5 0.3777 0.3572 0.2084 3
-146.0 0.3805 0.3666 0.2111 3
-145.5 0.3831 0.3761 0.2137 3
-145.0 0.3856 0.3857 0.2163 3
-144.5 0.3880 0.3954 0.2189 3
-144.0 0.3903 0.4051 0.2215 3
-143.5 0.3924 0.4148 0.2241 3
-143.0 0.3944 0.4246 0.2266 3
-142.5 0.3964 0.4345 0.2292 3
-142.0 0.3982 0.4444 0.2317 3
-141.5 0.3998 0.4543 0.2342 3
-141.0 0.4014 0.4643 0.2366 3
-140.5 0.4028 0.4743 0.2391 3
-140.0 0.4041 0.4844 0.2415 3
-139.5 0.4053 0.4945 0.2439 3
-139.0 0.4063 0.5046 0.2462 3
-138.5 0.4073 0.5148 0.2486 3
-138.0 0.4081 0.5249 0.2509 3
-137.5 0.4088 0.5351 0.2532 3
-137.0 0.4093 0.5453 0.2555 3
-136.5 0.4098 0.5555 0.2577 3
-136.0 0.4101 0.5657 0.2599 3
-135.5 0.4103 0.5760 0.2621 3
-135.0 0.4103 0.5862 0.2642 3
-134.5 0.4103 0.5964 0.2664 3
-134.0 0.4101 0.6067 0.2685 3
-133.5 0.4098 0.6169 0.2705 3
-133.0 0.4093 0.6271 0.2726 3
-132.5 0.4088 0.6373 0.2746 3
-132.0 0.4081 0.6475 0.2766 3
-131.5 0.4073 0.6576 0.2785 3
-131.0 0.4063 0.6678 0.2804 3
-130.5 0.4053 0.6779 0.2823 3
-130.0 0.4041 0.6880 0.2841 3
-129.5 0.4028 0.6981 0.2859 3
-129.0 0.4014 0.7081 0.2877 3
-128.5 0.3998 0.7181 0.2894 3
-128.0 0.3982 0.7280 0.2911 3
-127.5 0.3964 0.7379 0.2928 3
-127.0 0.3944 0.7478 0.2944 3
-126.5 0.3924 0.7576 0.2960 3
-126.0 0.3903 0.7673 0.2976 3
-125.5 0.3880 0.7770 0.2991 3
-125.0 0.3856 0.7867 0.3006 3
-124.5 0.3831 0.7963 0.3020 3
-124.0 0.3805 0.8058 0.3034 3
-123.5 0.3777 0.8152 0.3047 3
-123.0 0.3749 0.8246 0.3061 3
-122.5 0.3719 0.8339 0.3073 3
-122.0 0.3688 0.8432 0.3086 3
-121.5 0.3656 0.8523 0.3097 3
-121.0 0.3623 0.8614 0.3109 3
-120.5 0.3589 0.8704 0.3120 3
-120.0 0.3554 0.8793 0.3131 3
-119.5 0.3517 0.8881 0.3141 3
-119.0 0.3480 0.8968 0.3151 3
-118.5 0.3441 0.9055 0.3160 3
-118.0 0.3402 0.9140 0.3169 3
-117.5 0.3361 0.9224 0.3177 3
-117.0 0.3320 0.9308 0.3185 3
-116.5 0.3277 0.9390 0.3193 3
-116.0 0.3234 0.9471 0.3200 3
-115.5 0.3189 0.9551 0.3206 3
-115.0 0.3143 0.9630 0.3212 3
-114.5 0.3097 0.9708 0.3218 3
-114.0 0.3049 0.9784 0.3223 3
-113.5 0.3001 0.9860 0.3228 3
-113.0 0.2952 0.9934 0.3232 3
-112.5 0.2902 1.0007 0.3236 3
-112.0 0.2850 1.0079 0.3239 3
-111.5 0.2799 1.0149 0.3242 3
-111.0 0.2746 1.0218 0.3245 3
-110.5 0.2692 1.0286 0.3247 3
-110.0 0.2638 1.0353 0.3248 3
-109.5 0.2582 1.0418 0.3249 3
-109.0 0.2526 1.0481 0.3250 3
-108.5 0.2469 1.0544 0.3250 3
-108.0 0.2412 1.0604 0.3249 3
-107.5 0.2354 1.0664 0.3248 3
-107.0 0.2295 1.0722 0.3247 3
-106.5 0.2235 1.0778 0.3245 3
-106.0 0.2174 1.0833 0.3243 3
-105.5 0.2113 1.0887 0.3240 3
-105.0 0.2052 1.0939 0.3237 3
-104.5 0.1989 1.0989 0.3233 3
-104.0 0.1926 1.1038 0.3229 3
-103.5 0.1863 1.1085 0.3224 3
-103.0 0.1799 1.1131 0.3219 3
-102.5 0.1734 1.1175 0.3213 3
-102.0 0.1669 1.1217 0.3207 3
-101.5 0.1603 1.1258 0.3201 3
-101.0 0.1537 1.1297 0.3194 3
-100.5 0.1471 1.1335 0.3186 3
-100.0 0.1403 1.1370 0.3178 3
-99.5 0.1336 1.1405 0.3170 3
-99.0 0.1268 1.1437 0.3161 3
-98.5 0.1200 1.1468 0.3152 3
-98.0 0.1131 1.1497 0.3142 3
-97.5 0.1062 1.1524 0.3132 3
-97.0 0.0993 1.1550 0.3121 3
-96.5 0.0923 1.1574 0.3110 3
-96.0 0.0853 1.1596 0.3099 3
-95.5 0.0783 1.1616 0.3087 3
-95.0 0.0713 1.1635 0.3075 3
-94.5 0.0642 1.1652 0.3062 3
-94.0 0.0571 1.1667 0.3049 3
-93.5 0.0500 1.1680 0.3036 3
-93.0 0.0429 1.1692 0.3022 3
-92.5 0.0358 1.1702 0.3008 3
-92.0 0.0286 1.1710 0.2993 3
-91.5 0.0215 1.1716 0.2978 3
-91.0 0.0143 1.1720 0.2963 3
-90.5 0.0072 1.1723 0.2947 3
-90.0 0.0000 1.1724 0.2931 3
-89.5 -0.0102 1.1723 0.2914 2
-89.0 -0.0205 1.1720 0.2896 2
-88.5 -0.0307 1.1716 0.2878 2
-88.0 -0.0409 1.1710 0.2861 2
-87.5 -0.0511 1.1702 0.2842 2
-87.0 -0.0613 1.1692 0.2824 2
-86.5 -0.0714 1.1680 0.2806 2
-86.0 -0.0816 1.1667 0.2787 2
-85.5 -0.0917 1.1652 0.2768 2
-85.0 -0.1018 1.1635 0.2749 2
-84.5 -0.1119 1.1616 0.2729 2
-84.0 -0.1219 1.1596 0.2710 2
-83.5 -0.1319 1.1574 0.2690 2
-83.0 -0.1418 1.1550 0.2670 2
-82.5 -0.1517 1.1524 0.2650 2
-82.0 -0.1616 1.1497 0.2630 2
-81.5 -0.1714 1.1468 0.2610 2
-81.0 -0.1811 1.1437 0.2590 2
-80.5 -0.1908 1.1405 0.2569 2
-80.0 -0.2005 1.1370 0.2548 2
-79.5 -0.2101 1.1335 0.2527 2
-79.0 -0.2196 1.1297 0.2506 2
-78.5 -0.2290 1.1258 0.2485 2
-78.0 -0.2384 1.1217 0.2464 2
-77.5 -0.2477 1.1175 0.2442 2
-77.0 -0.2570 1.1131 0.2421 2
-76.5 -0.2661 1.1085 0.2399 2
-76.0 -0.2752 1.1038 0.2377 2
-75.5 -0.2842 1.0989 0.2355 2
-75.0 -0.2931 1.0939 0.2333 2
-74.5 -0.3019 1.0887 0.2311 2
-74.0 -0.3106 1.0833 0.2289 2
-73.5 -0.3193 1.0778 0.2267 2
-73.0 -0.3278 1.0722 0.2244 2
-72.5 -0.3362 1.0664 0.2222 2
-72.0 -0.3446 1.0604 0.2199 2
-71.5 -0.3528 1.0544 0.2177 2
-71.0 -0.3609 1.0481 0.2154 2
-70.5 -0.3689 1.0418 0.2131 2
-70.0 -0.3768 1.0353 0.2109 2
-69.5 -0.3846 1.0286 0.2086 2
-69.0 -0.3922 1.0218 0.2063 2
-68.5 -0.3998 1.0149 0.2040 2
-68.0 -0.4072 1.0079 0.2017 2
-67.5 -0.4145 1.0007 0.1994 2
-67.0 -0.4217 0.9934 0.1971 2
-66.5 -0.4287 0.9860 0.1948 2
-66.0 -0.4356 0.9784 0.1924 2
-65.5 -0.4424 0.9708 0.1901 2
-65.0 -0.4491 0.9630 0.1878 2
-64.5 -0.4556 0.9551 0.1855 2
-64.0 -0.4619 0.9471 0.1832 2
-63.5 -0.4682 0.9390 0.1808 2
-63.0 -0.4742 0.9308 0.1785 2
-62.5 -0.4802 0.9224 0.1762 2
-62.0 -0.4860 0.9140 0.1739 2
-61.5 -0.4916 0.9055 0.1715 2
-61.0 -0.4971 0.8968 0.1692 2
-60.5 -0.5025 0.8881 0.1669 2
-60.0 -0.5077 0.8793 0.1646 2
-59.5 -0.5127 0.8704 0.1623 2
-59.0 -0.5176 0.8614 0.1600 2
-58.5 -0.5223 0.8523 0.1576 2
-58.0 -0.5269 0.8432 0.1553 2
-57.5 -0.5313 0.8339 0.1530 2
-57.0 -0.5355 0.8246 0.1507 2
-56.5 -0.5396 0.8152 0.1484 2
-56.0 -0.5435 0.8058 0.1462 2
-55.5 -0.5473 0.7963 0.1439 2
-55.0 -0.5508 0.7867 0.1416 2
-54.5 -0.5543 0.7770 0.1393 2
-54.0 -0.5575 0.7673 0.1371 2
-53.5 -0.5606 0.7576 0.1348 2
-53.0 -0.5635 0.7478 0.1326 2
-52.5 -0.5662 0.7379 0.1303 2
-52.0 -0.5688 0.7280 0.1281 2
-51.5 -0.5712 0.7181 0.1259 2
-51.0 -0.5734 0.7081 0.1237 2
-50.5 -0.5754 0.6981 0.1215 2
-50.0 -0.5773 0.6880 0.1193 2
-49.5 -0.5790 0.6779 0.1171 2
-49.0 -0.5805 0.6678 0.1149 2
-48.5 -0.5818 0.6576 0.1127 2
-48.0 -0.5830 0.6475 0.1106 2
-47.5 -0.5840 0.6373 0.1085 2
-47.0 -0.5848 0.6271 0.1063 2
-46.5 -0.5854 0.6169 0.1042 2
-46.0 -0.5858 0.6067 0.1021 2
-45.5 -0.5861 0.5964 0.1000 2
-45.0 -0.5862 0.5862 0.0979 2
-44.5 -0.5861 0.5760 0.0959 2
-44.0 -0.5858 0.5657 0.0938 2
-43.5 -0.5854 0.5555 0.0918 2
-43.0 -0.5848 0.5453 0.0898 2
-42.5 -0.5840 0.5351 0.0878 2
-42.0 -0.5830 0.5249 0.0858 2
-41.5 -0.5818 0.5148 0.0838 2
-41.0 -0.5805 0.5046 0.0819 2
-40.5 -0.5790 0.4945 0.0799 2
-40.0 -0.5773 0.4844 0.0780 2
-39.5 -0.5754 0.4743 0.0761 2
-39.0 -0.5734 0.4643 0.0742 2
-38.5 -0.5712 0.4543 0.0723 2
-38.0 -0.5688 0.4444 0.0705 2
-37.5 -0.5662 0.4345 0.0686 2
-37.0 -0.5635 0.4246 0.0668 2
-36.5 -0.5606 0.4148 0.0650 2
-36.0 -0.5575 0.4051 0.0632 2
-35.5 -0.5543 0.3954 0.0615 2
-35.0 -0.5508 0.3857 0.0597 2
-34.5 -0.5473 0.3761 0.0580 2
-34.0 -0.5435 0.3666 0.0563 2
-33.5 -0.5396 0.3572 0.0546 2
-33.0 -0.5355 0.3478 0.0530 2
-32.5 -0.5313 0.3385 0.0513 2
-32.0 -0.5269 0.3292 0.0497 2
-31.5 -0.5223 0.3201 0.0481 2
-31.0 -0.5176 0.3110 0.0466 2
-30.5 -0.5127 0.3020 0.0450 2
-30.0 -0.5077 0.2931 0.0435 2
-29.5 -0.5025 0.2843 0.0420 2
-29.0 -0.4971 0.2756 0.0405 2
-28.5 -0.4916 0.2669 0.0390 2
-28.0 -0.4860 0.2584 0.0376 2
-27.5 -0.4802 0.2500 0.0362 2
-27.0 -0.4742 0.2416 0.0348 2
-26.5 -0.4682 0.2334 0.0334 2
-26.0 -0.4619 0.2253 0.0321 2
-25.5 -0.4556 0.2173 0.0308 2
-25.0 -0.4491 0.2094 0.0295 2
-24.5 -0.4424 0.2016 0.0282 2
-24.0 -0.4356 0.1940 0.0270 2
-23.5 -0.4287 0.1864 0.0258 2
-23.0 -0.4217 0.1790 0.0246 2
-22.5 -0.4145 0.1717 0.0234 2
-22.0 -0.4072 0.1645 0.0223 2
-21.5 -0.3998 0.1575 0.0212 2
-21.0 -0.3922 0.1506 0.0201 2
-20.5 -0.3846 0.1438 0.0190 2
-20.0 -0.3768 0.1371 0.0180 2
-19.5 -0.3689 0.1306 0.0170 2
-19.0 -0.3609 0.1243 0.0160 2
-18.5 -0.3528 0.1180 0.0151 2
-18.0 -0.3446 0.1120 0.0141 2
-17.5 -0.3385 0.1063 0.0133 2
-17.0 -0.3367 0.1012 0.0127 2
-16.5 -0.3391 0.0968 0.0122 2
-16.0 -0.3455 0.0930 0.0119 2
-15.5 -0.3557 0.0898 0.0116 2
-15.0 -0.3693 0.0871 0.0115 2
-14.5 -0.3860 0.0850 0.0114 2
-14.0 -0.4053 0.0833 0.0113 2
-13.5 -0.4268 0.0820 0.0112 2
-13.0 -0.4499 0.0811 0.0111 2
-12.5 -0.4740 0.0805 0.0110 2
-12.0 -0.4987 0.0800 0.0108 2
-11.5 -0.5233 0.0798 0.0106 2
-11.0 -0.5472 0.0797 0.0102 2
-10.5 -0.5699 0.0795 0.0098 2
-10.0 -0.5909 0.0794 0.0093 2
-9.5 -0.6095 0.0792 0.0087 2
-9.0 -0.6254 0.0788 0.0080 2
-8.5 -0.6381 0.0783 0.0072 2
-8.0 -0.6472 0.0775 0.0063 2
-7.5 -0.6524 0.0765 0.0054 2
-7.0 -0.6535 0.0751 0.0045 2
-6.5 -0.6502 0.0735 0.0035 2
-6.0 -0.6424 0.0715 0.0025 0
-5.5 -0.6225 0.0645 0.0056 0
-5.0 -0.6016 0.0585 0.0078 0
-4.5 -0.5808 0.0527 0.0110 0
-4.0 -0.5619 0.0476 0.0164 0
-3.5 -0.5499 0.0431 0.0264 0
-3.0 -0.5410 0.0384 0.0387 0
-2.5 -0.5214 0.0332 0.0476 0
-2.0 -0.3483 0.0256 0.0200 0
-1.5 -0.2959 0.0223 0.0224 0
-1.0 -0.2412 0.0199 0.0243 0
-0.5 -0.1867 0.0179 0.0259 0
0.0 -0.1208 0.0162 0.0249 0
0.5 0.1867 0.0179 -0.0259 0
1.0 0.2412 0.0199 -0.0243 0
1.5 0.2959 0.0223 -0.0224 0
2.0 0.3465 0.0254 -0.0197 0
2.5 0.4018 0.0296 -0.0163 0
3.0 0.5415 0.0385 -0.0386 0
3.5 0.5507 0.0430 -0.0266 0
4.0 0.5619 0.0477 -0.0164 0
4.5 0.5808 0.0527 -0.0110 0
5.0 0.6016 0.0585 -0.0069 0
5.5 0.6226 0.0645 -0.0056 0
6.0 0.6424 0.0718 -0.0024 0
6.5 0.6522 0.0779 -0.0057 0
7.0 0.6630 0.0850 -0.0052 0
7.5 0.6638 0.0923 -0.0078 0
8.0 0.6625 0.0988 -0.0098 0
8.5 0.6571 0.1048 -0.0115 0
9.0 0.6688 0.1131 -0.0103 0
9.5 0.6559 0.1181 -0.0156 0
10.0 0.6853 0.1283 -0.0115 0
10.5 0.6681 0.1322 -0.0180 0
11.0 0.6694 0.1382 -0.0206 0
11.5 0.6858 0.1460 -0.0202 0
12.0 0.6950 0.1543 -0.0216 0
12.5 0.6935 0.1581 -0.0262 0
13.0 0.6990 0.1644 -0.0280 0
13.5 0.7048 0.1713 -0.0292 0
14.0 0.7264 0.1802 -0.0307 0
14.5 0.7290 0.1842 -0.0336 0
15.0 0.7495 0.1905 -0.0370 0
15.5 0.7530 0.1970 -0.0386 0
16.0 0.7588 0.2026 -0.0415 0
16.5 0.7520 0.2078 -0.0423 1
17.0 0.7460 0.2131 -0.0431 1
17.5 0.7406 0.2186 -0.0439 1
18.0 0.7359 0.2242 -0.0447 1
18.5 0.7317 0.2300 -0.0456 1
19.0 0.7280 0.2359 -0.0466 1
19.5 0.7248 0.2419 -0.0475 1
20.0 0.7220 0.2481 -0.0485 1
20.5 0.7195 0.2544 -0.0495 1
21.0 0.7174 0.2608 -0.0505 1
21.5 0.7156 0.2673 -0.0516 1
22.0 0.7140 0.2740 -0.0526 1
22.5 0.7127 0.2808 -0.0537 1
23.0 0.7116 0.2877 -0.0549 1
23.5 0.7107 0.2947 -0.0560 1
24.0 0.7099 0.3018 -0.0572 1
24.5 0.7093 0.3090 -0.0584 1
25.0 0.7089 0.3164 -0.0596 1
25.5 0.7085 0.3238 -0.0609 1
26.0 0.7083 0.3314 -0.0622 1
26.5 0.7081 0.3391 -0.0634 1
27.0 0.7080 0.3468 -0.0648 1
27.5 0.7080 0.3547 -0.0661 1
28.0 0.7080 0.3626 -0.0675 1
28.5 0.7080 0.3707 -0.0688 1
29.0 0.7081 0.3788 -0.0702 1
29.5 0.7081 0.3870 -0.0717 1
30.0 0.7082 0.3953 -0.0731 1
30.5 0.7083 0.4037 -0.0746 1
31.0 0.7083 0.4122 -0.0761 1
31.5 0.7083 0.4207 -0.0776 1
32.0 0.7083 0.4293 -0.0791 1
32.5 0.7083 0.4380 -0.0806 1
33.0 0.7082 0.4468 -0.0822 1
33.5 0.7080 0.4556 -0.0837 1
34.0 0.7078 0.4645 -0.0853 1
34.5 0.7076 0.4734 -0.0869 1
35.0 0.7072 0.4824 -0.0886 1
35.5 0.7068 0.4915 -0.0902 1
36.0 0.7064 0.5006 -0.0919 1
36.5 0.7058 0.5097 -0.0936 1
37.0 0.7052 0.5189 -0.0952 1
37.5 0.7044 0.5281 -0.0970 1
38.0 0.7036 0.5374 -0.0987 1
38.5 0.7027 0.5467 -0.1004 1
39.0 0.7017 0.5561 -0.1022 1
39.5 0.7006 0.5654 -0.1039 1
40.0 0.6993 0.5748 -0.1057 1
40.5 0.6980 0.5843 -0.1075 1
41.0 0.6966 0.5937 -0.1093 1
41.5 0.6950 0.6032 -0.1111 1
42.0 0.6933 0.6127 -0.1130 1
42.5 0.6915 0.6221 -0.1148 1
43.0 0.6896 0.6316 -0.1167 1
43.5 0.6876 0.6412 -0.1186 1
44.0 0.6854 0.6507 -0.1204 1
44.5 0.6831 0.6602 -0.1223 1
45.0 0.6807 0.6697 -0.1242 1
45.5 0.6782 0.6792 -0.1262 1
46.0 0.6755 0.6887 -0.1281 1
46.5 0.6727 0.6981 -0.1300 1
47.0 0.6698 0.7076 -0.1320 1
47.5 0.6667 0.7170 -0.1339 1
48.0 0.6635 0.7265 -0.1359 1
48.5 0.6602 0.7359 -0.1378 1
49.0 0.6567 0.7452 -0.1398 1
49.5 0.6531 0.7546 -0.1418 1
50.0 0.6494 0.7639 -0.1438 1
50.5 0.6455 0.7731 -0.1458 1
51.0 0.6415 0.7824 -0.1478 1
51.5 0.6374 0.7916 -0.1498 1
52.0 0.6331 0.8007 -0.1518 1
52.5 0.6287 0.8098 -0.1539 1
53.0 0.6241 0.8188 -0.1559 1
53.5 0.6194 0.8278 -0.1579 1
54.0 0.6146 0.8367 -0.1600 1
54.5 0.6096 0.8456 -0.1620 1
55.0 0.6045 0.8544 -0.1641 1
55.5 0.5993 0.8631 -0.1661 1
56.0 0.5939 0.8718 -0.1682 1
56.5 0.5884 0.8804 -0.1702 1
57.0 0.5828 0.8889 -0.1723 1
57.5 0.5770 0.8974 -0.1743 1
58.0 0.5711 0.9057 -0.1764 1
58.5 0.5651 0.9140 -0.1785 1
59.0 0.5590 0.9222 -0.1805 1
59.5 0.5527 0.9303 -0.1826 1
60.0 0.5463 0.9383 -0.1847 1
60.5 0.5397 0.9462 -0.1867 1
61.0 0.5331 0.9541 -0.1888 1
61.5 0.5263 0.9618 -0.1908 1
62.0 0.5194 0.9694 -0.1929 1
62.5 0.5123 0.9769 -0.1950 1
63.0 0.5052 0.9844 -0.1970 1
63.5 0.4979 0.9917 -0.1991 1
64.0 0.4905 0.9988 -0.2011 1
64.5 0.4830 1.0059 -0.2032 1
65.0 0.4754 1.0129 -0.2052 1
65.5 0.4677 1.0197 -0.2072 1
66.0 0.4598 1.0265 -0.2093 1
66.5 0.4519 1.0331 -0.2113 1
67.0 0.4438 1.0395 -0.2133 1
67.5 0.4357 1.0459 -0.2153 1
68.0 0.4274 1.0521 -0.2173 1
68.5 0.4191 1.0582 -0.2193 1
69.0 0.4106 1.0641 -0.2213 1
69.5 0.4021 1.0700 -0.2233 1
70.0 0.3934 1.0756 -0.2253 1
70.5 0.3847 1.0812 -0.2273 1
71.0 0.3759 1.0866 -0.2292 1
71.5 0.3670 1.0918 -0.2312 1
72.0 0.3580 1.0969 -0.2331 1
72.5 0.3489 1.1019 -0.2351 1
73.0 0.3397 1.1067 -0.2370 1
73.5 0.3305 1.1114 -0.2389 1
74.0 0.3212 1.1159 -0.2408 1
74.5 0.3118 1.1202 -0.2427 1
75.0 0.3024 1.1244 -0.2446 1
75.5 0.2929 1.1285 -0.2464 1
76.0 0.2833 1.1323 -0.2483 1
76.5 0.2736 1.1361 -0.2501 1
77.0 0.2639 1.1396 -0.2519 1
77.5 0.2542 1.1430 -0.2537 1
78.0 0.2443 1.1463 -0.2555 1
78.5 0.2345 1.1493 -0.2573 1
79.0 0.2246 1.1522 -0.2591 1
79.5 0.2146 1.1550 -0.2608 1
80.0 0.2046 1.1575 -0.2626 1
80.5 0.1945 1.1599 -0.2643 1
81.0 0.1845 1.1622 -0.2660 1
81.5 0.1743 1.1642 -0.2676 1
82.0 0.1642 1.1661 -0.2693 1
82.5 0.1540 1.1678 -0.2709 1
83.0 0.1438 1.1694 -0.2726 1
83.5 0.1336 1.1707 -0.2742 1
84.0 0.1233 1.1719 -0.2758 1
84.5 0.1131 1.1729 -0.2773 1
85.0 0.1028 1.1738 -0.2789 1
85.5 0.0925 1.1744 -0.2804 1
86.0 0.0822 1.1749 -0.2819 1
86.5 0.0719 1.1752 -0.2834 1
87.0 0.0616 1.1754 -0.2848 1
87.5 0.0513 1.1753 -0.2863 1
88.0 0.0411 1.1751 -0.2877 1
88.5 0.0308 1.1747 -0.2891 1
89.0 0.0205 1.1741 -0.2904 1
89.5 0.0102 1.1733 -0.2918 1
90.0 0.0000 1.1724 -0.2931 1
90.5 -0.0072 1.1733 -0.2950 3
91.0 -0.0143 1.1741 -0.2968 3
91.5 -0.0215 1.1747 -0.2986 3
92.0 -0.0287 1.1751 -0.3004 3
92.5 -0.0359 1.1753 -0.3021 3
93.0 -0.0431 1.1754 -0.3038 3
93.5 -0.0504 1.1752 -0.3055 3
94.0 -0.0576 1.1749 -0.3071 3
94.5 -0.0648 1.1744 -0.3087 3
95.0 -0.0720 1.1738 -0.3102 3
95.5 -0.0792 1.1729 -0.3117 3
96.0 -0.0863 1.1719 -0.3132 3
96.5 -0.0935 1.1707 -0.3146 3
97.0 -0.1007 1.1694 -0.3160 3
97.5 -0.1078 1.1678 -0.3174 3
98.0 -0.1149 1.1661 -0.3187 3
98.5 -0.1220 1.1642 -0.3200 3
99.0 -0.1291 1.1622 -0.3212 3
99.5 -0.1362 1.1599 -0.3224 3
100.0 -0.1432 1.1575 -0.3236 3
100.5 -0.1502 1.1550 -0.3247 3
101.0 -0.1572 1.1522 -0.3257 3
101.5 -0.1641 1.1493 -0.3268 3
102.0 -0.1710 1.1463 -0.3278 3
102.5 -0.1779 1.1430 -0.3287 3
103.0 -0.1847 1.1396 -0.3296 3
103.5 -0.1915 1.1361 -0.3304 3
104.0 -0.1983 1.1323 -0.3313 3
104.5 -0.2050 1.1285 -0.3320 3
105.0 -0.2117 1.1244 -0.3328 3
105.5 -0.2183 1.1202 -0.3334 3
106.0 -0.2248 1.1159 -0.3341 3
106.5 -0.2314 1.1114 -0.3347 3
107.0 -0.2378 1.1067 -0.3352 3
107.5 -0.2442 1.1019 -0.3357 3
108.0 -0.2506 1.0969 -0.3362 3
108.5 -0.2569 1.0918 -0.3366 3
109.0 -0.2631 1.0866 -0.3370 3
109.5 -0.2693 1.0812 -0.3373 3
110.0 -0.2754 1.0756 -0.3376 3
110.5 -0.2815 1.0700 -0.3379 3
111.0 -0.2874 1.0641 -0.3381 3
111.5 -0.2934 1.0582 -0.3382 3
112.0 -0.2992 1.0521 -0.3384 3
112.5 -0.3050 1.0459 -0.3384 3
113.0 -0.3107 1.0395 -0.3385 3
113.5 -0.3163 1.0331 -0.3385 3
114.0 -0.3219 1.0265 -0.3384 3
114.5 -0.3274 1.0197 -0.3383 3
115.0 -0.3328 1.0129 -0.3382 3
115.5 -0.3381 1.0059 -0.3380 3
116.0 -0.3434 0.9988 -0.3378 3
116.5 -0.3485 0.9917 -0.3375 3
117.0 -0.3536 0.9844 -0.3372 3
117.5 -0.3586 0.9769 -0.3369 3
118.0 -0.3635 0.9694 -0.3365 3
118.5 -0.3684 0.9618 -0.3361 3
119.0 -0.3731 0.9541 -0.3356 3
119.5 -0.3778 0.9462 -0.3351 3
120.0 -0.3824 0.9383 -0.3346 3
120.5 -0.3869 0.9303 -0.3340 3
121.0 -0.3913 0.9222 -0.3334 3
121.5 -0.3956 0.9140 -0.3328 3
122.0 -0.3998 0.9057 -0.3321 3
122.5 -0.4039 0.8974 -0.3314 3
123.0 -0.4080 0.8889 -0.3306 3
123.5 -0.4119 0.8804 -0.3298 3
124.0 -0.4158 0.8718 -0.3290 3
124.5 -0.4195 0.8631 -0.3282 3
125.0 -0.4232 0.8544 -0.3273 3
125.5 -0.4267 0.8456 -0.3264 3
126.0 -0.4302 0.8367 -0.3254 3
126.5 -0.4336 0.8278 -0.3245 3
127.0 -0.4369 0.8188 -0.3234 3
127.5 -0.4401 0.8098 -0.3224 3
128.0 -0.4432 0.8007 -0.3213 3
128.5 -0.4462 0.7916 -0.3203 3
129.0 -0.4491 0.7824 -0.3191 3
129.5 -0.4519 0.7731 -0.3180 3
130.0 -0.4546 0.7639 -0.3168 3
130.5 -0.4572 0.7546 -0.3156 3
131.0 -0.4597 0.7452 -0.3144 3
131.5 -0.4621 0.7359 -0.3132 3
132.0 -0.4645 0.7265 -0.3119 3
132.5 -0.4667 0.7170 -0.3106 3
133.0 -0.4689 0.7076 -0.3093 3
133.5 -0.4709 0.6981 -0.3080 3
134.0 -0.4729 0.6887 -0.3067 3
134.5 -0.4747 0.6792 -0.3053 3
135.0 -0.4765 0.6697 -0.3039 3
135.5 -0.4782 0.6602 -0.3025 3
136.0 -0.4798 0.6507 -0.3011 3
136.5 -0.4813 0.6412 -0.2997 3
137.0 -0.4827 0.6316 -0.2983 3
137.5 -0.4841 0.6221 -0.2969 3
138.0 -0.4853 0.6127 -0.2954 3
138.5 -0.4865 0.6032 -0.2939 3
139.0 -0.4876 0.5937 -0.2925 3
139.5 -0.4886 0.5843 -0.2910 3
140.0 -0.4895 0.5748 -0.2895 3
140.5 -0.4904 0.5654 -0.2881 3
141.0 -0.4912 0.5561 -0.2866 3
141.5 -0.4919 0.5467 -0.2851 3
142.0 -0.4925 0.5374 -0.2836 3
142.5 -0.4931 0.5281 -0.2821 3
143.0 -0.4936 0.5189 -0.2806 3
143.5 -0.4941 0.5097 -0.2792 3
144.0 -0.4945 0.5006 -0.2777 3
144.5 -0.4948 0.4915 -0.2762 3
145.0 -0.4951 0.4824 -0.2748 3
145.5 -0.4953 0.4734 -0.2734 3
146.0 -0.4955 0.4645 -0.2719 3
146.5 -0.4956 0.4556 -0.2705 3
147.0 -0.4957 0.4468 -0.2691 3
147.5 -0.4958 0.4380 -0.2677 3
148.0 -0.4958 0.4293 -0.2664 3
148.5 -0.4958 0.4207 -0.2651 3
149.0 -0.4958 0.4122 -0.2638 3
149.5 -0.4958 0.4037 -0.2625 3
150.0 -0.4957 0.3953 -0.2612 3
150.5 -0.4957 0.3870 -0.2600 3
151.0 -0.4956 0.3788 -0.2589 3
151.5 -0.4956 0.3707 -0.2577 3
152.0 -0.4956 0.3626 -0.2566 3
152.5 -0.4956 0.3547 -0.2556 3
153.0 -0.4956 0.3468 -0.2546 3
153.5 -0.4957 0.3391 -0.2537 3
154.0 -0.4958 0.3314 -0.2528 3
154.5 -0.4960 0.3238 -0.2520 3
155.0 -0.4962 0.3164 -0.2512 3
155.5 -0.4965 0.3090 -0.2505 3
156.0 -0.4970 0.3018 -0.2499 3
156.5 -0.4975 0.2947 -0.2494 3
157.0 -0.4981 0.2877 -0.2490 3
157.5 -0.4989 0.2808 -0.2487 3
158.0 -0.4998 0.2740 -0.2484 3
158.5 -0.5009 0.2673 -0.2483 3
159.0 -0.5022 0.2608 -0.2483 3
159.5 -0.5037 0.2544 -0.2485 3
160.0 -0.5054 0.2481 -0.2488 3
160.5 -0.5073 0.2419 -0.2492 3
161.0 -0.5096 0.2359 -0.2498 3
161.5 -0.5122 0.2300 -0.2506 3
162.0 -0.5151 0.2242 -0.2516 3
162.5 -0.5184 0.2186 -0.2529 3
163.0 -0.5222 0.2131 -0.2543 3
163.5 -0.5264 0.2078 -0.2560 3
164.0 -0.5312 0.2026 -0.2580 3
164.5 -0.5271 0.1970 -0.2562 3
165.0 -0.5247 0.1905 -0.2549 3
165.5 -0.5103 0.1842 -0.2483 3
166.0 -0.5085 0.1802 -0.2476 3
166.5 -0.4934 0.1713 -0.2404 3
167.0 -0.4893 0.1644 -0.2383 3
167.5 -0.4854 0.1581 -0.2364 3
168.0 -0.4865 0.1543 -0.2370 3
168.5 -0.4801 0.1460 -0.2338 3
169.0 -0.4686 0.1382 -0.2283 3
169.5 -0.4677 0.1322 -0.2279 3
170.0 -0.4797 0.1283 -0.2336 3
170.5 -0.4591 0.1181 -0.2237 3
171.0 -0.4682 0.1131 -0.2280 3
171.5 -0.4600 0.1048 -0.2241 3
172.0 -0.4637 0.0988 -0.2260 3
172.5 -0.4647 0.0923 -0.2265 3
173.0 -0.4641 0.0850 -0.2263 3
173.5 -0.4565 0.0779 -0.2229 3
174.0 -0.4497 0.0718 -0.2198 3
174.5 -0.4358 0.0645 -0.2133 3
175.0 -0.4211 0.0585 -0.2064 3
175.5 -0.4066 0.0527 -0.1996 3
176.0 -0.3933 0.0477 -0.1935 3
176.5 -0.3855 0.0430 -0.1899 3
177.0 -0.3790 0.0385 -0.1871 3
177.5 -0.2813 0.0296 -0.1392 3
178.0 -0.2425 0.0254 -0.1203 3
178.5 -0.2071 0.0223 -0.1030 3
179.0 -0.1688 0.0199 -0.0841 3
179.5 -0.1307 0.0179 -0.0652 3
180.0 0.0846 0.0162 0.0423 3
