alpha cl cd cm ld phi
-6.00 -0.6868 0.02229 0.0002 -30.81 nan
-5.75 -0.6685 0.02135 0.0019 -31.31 nan
-5.50 -0.6507 0.02050 0.0038 -31.74 nan
-5.25 -0.6329 0.01977 0.0057 -32.01 nan
-5.00 -0.6150 0.01915 0.0077 -32.11 nan
-4.75 -0.5966 0.01863 0.0097 -32.02 nan
-4.50 -0.5778 0.01819 0.0118 -31.76 nan
-4.25 -0.5587 0.01783 0.0139 -31.33 nan
-4.00 -0.5392 0.01752 0.0160 -30.78 nan
-3.75 -0.5196 0.01728 0.0182 -30.07 nan
-3.50 -0.5000 0.01709 0.0204 -29.26 nan
-3.25 -0.4802 0.01696 0.0228 -28.31 nan
-3.00 -0.4605 0.01689 0.0253 -27.26 nan
-2.75 -0.4408 0.01691 0.0279 -26.07 nan
-2.50 -0.4205 0.01701 0.0305 -24.72 nan
-2.25 -0.3991 0.01719 0.0329 -23.22 nan
-2.00 -0.3734 0.01747 0.0345 -21.37 nan
-1.75 -0.3393 0.01784 0.0345 -19.02 nan
-1.50 -0.2857 0.01836 0.0306 -15.56 nan
-1.25 -0.2191 0.01875 0.0236 -11.69 nan
-1.00 -0.1383 0.01896 0.0135 -7.29 nan
-0.75 -0.0639 0.01889 0.0040 -3.38 nan
-0.50 0.0114 0.01859 -0.0061 0.61 nan
-0.25 0.0241 0.01834 -0.0061 1.31 nan
0.00 0.0000 0.01829 0.0000 0.00 nan
0.25 -0.0241 0.01834 0.0061 -1.31 nan
0.50 -0.0115 0.01859 0.0062 -0.62 nan
0.75 0.0639 0.01888 -0.0040 3.38 16.460
1.00 0.1382 0.01896 -0.0135 7.29 7.812
1.25 0.2190 0.01875 -0.0236 11.68 4.894
1.50 0.2856 0.01836 -0.0306 15.56 3.678
1.75 0.3392 0.01784 -0.0345 19.01 3.011
2.00 0.3733 0.01747 -0.0345 21.37 2.679
2.25 0.3990 0.01719 -0.0329 23.21 2.467
2.50 0.4204 0.01701 -0.0305 24.71 2.317
2.75 0.4407 0.01691 -0.0278 26.06 2.197
3.00 0.4604 0.01689 -0.0253 27.26 2.101
3.25 0.4801 0.01696 -0.0228 28.31 2.023
3.50 0.4999 0.01709 -0.0204 29.25 1.958
3.75 0.5195 0.01728 -0.0182 30.06 1.905
4.00 0.5391 0.01752 -0.0160 30.77 1.861
4.25 0.5586 0.01783 -0.0139 31.33 1.828
4.50 0.5777 0.01819 -0.0118 31.76 1.803
4.75 0.5966 0.01863 -0.0097 32.02 1.789
5.00 0.6150 0.01915 -0.0077 32.11 1.784
5.25 0.6328 0.01977 -0.0057 32.01 1.789
5.50 0.6506 0.02050 -0.0037 31.74 1.805
5.75 0.6685 0.02135 -0.0019 31.31 1.829
6.00 0.6868 0.02229 -0.0001 30.81 1.859
6.25 0.7058 0.02333 0.0014 30.25 1.893
6.50 0.7252 0.02441 0.0030 29.71 1.928
6.75 0.7453 0.02561 0.0044 29.10 1.968
7.00 0.7659 0.02684 0.0056 28.54 2.007
7.25 0.7870 0.02819 0.0068 27.92 2.051
7.50 0.8078 0.02968 0.0080 27.22 2.104
7.75 0.8288 0.03132 0.0090 26.46 2.164
8.00 0.8497 0.03304 0.0102 25.72 2.227
8.25 0.8680 0.03486 0.0117 24.90 2.300
8.50 0.8862 0.03702 0.0129 23.94 2.392
8.75 0.8999 0.03933 0.0147 22.88 2.503
9.00 0.9220 0.04153 0.0153 22.20 2.579
9.25 0.9252 0.04465 0.0179 20.72 2.763
9.50 0.9280 0.04810 0.0203 19.29 2.967
9.75 0.9285 0.05174 0.0224 17.95 3.189
10.00 0.9274 0.05535 0.0243 16.76 3.416
10.25 0.9382 0.05831 0.0252 16.09 3.556
10.50 0.9239 0.06291 0.0272 14.69 3.895
10.75 0.8748 0.06971 0.0287 12.55 4.556
11.00 0.7968 0.08068 0.0246 9.88 5.782
11.25 0.7929 0.08556 0.0234 9.27 6.159
nan nan nan nan nan nan
11.75 0.6212 0.13525 -0.0167 4.59 12.283
12.00 0.5551 0.14004 -0.0052 3.96 14.159
12.25 0.5158 0.14241 -0.0081 3.62 15.435
12.50 0.5273 0.14588 -0.0078 3.61 15.464
12.75 0.5236 0.14950 -0.0085 3.50 15.935
13.00 0.5134 0.15170 -0.0092 3.38 16.461
13.25 0.5356 0.15661 -0.0087 3.42 16.299
13.50 0.5088 0.15733 -0.0102 3.23 17.183
13.75 0.5204 0.16069 -0.0099 3.24 17.160
14.00 0.5208 0.16405 -0.0104 3.17 17.484
14.25 0.5061 0.16475 -0.0115 3.07 18.032
14.50 0.5459 0.17235 -0.0103 3.17 17.522
14.75 0.5109 0.16970 -0.0123 3.01 18.374
15.00 0.5064 0.17079 -0.0131 2.97 18.637
15.25 0.5251 0.17548 -0.0126 2.99 18.479
15.50 0.5155 0.17639 -0.0139 2.92 18.890
15.75 0.5084 0.17704 -0.0153 2.87 19.200
16.00 0.5218 0.18069 -0.0150 2.89 19.100
