alpha cl cd cm xtrs xtri npts dcl dcd biest clalt cdalt
-6.00 -0.3935 0.10238 -0.0122 1.0000 0.0347 3 0.0288 0.00384 0 -0.3935 0.10238
-5.75 -0.3891 0.10045 -0.0122 1.0000 0.0353 3 0.0153 0.00346 0 -0.3891 0.10045
-5.50 -0.3817 0.09817 -0.0140 1.0000 0.0360 2 0.0056 0.00186 0 -0.3817 0.09817
-5.25 -0.3664 0.09693 -0.0186 1.0000 0.0369 2 0.0224 0.00420 0 -0.3664 0.09693
-5.00 -0.3652 0.09233 -0.0168 1.0000 0.0372 2 0.0065 0.00008 0 -0.3652 0.09233
-4.75 -0.3542 0.08991 -0.0186 1.0000 0.0381 3 0.0440 0.00455 0 -0.3542 0.08991
-4.50 -0.3314 0.08802 -0.0242 1.0000 0.0394 3 0.0209 0.00182 0 -0.3314 0.08802
-4.25 -0.3194 0.08476 -0.0263 1.0000 0.0412 3 0.0504 0.00317 0 -0.3194 0.08476
-4.00 -0.2984 0.08165 -0.0297 1.0000 0.0421 3 0.0357 0.00095 0 -0.2984 0.08165
-3.75 -0.2747 0.07873 -0.0348 1.0000 0.0430 3 0.0516 0.00088 0 -0.2747 0.07873
-3.50 -0.2621 0.07531 -0.0354 1.0000 0.0445 3 0.0259 0.00069 0 -0.2621 0.07531
-3.25 -0.2399 0.07238 -0.0389 1.0000 0.0467 3 0.0123 0.00095 0 -0.2399 0.07238
-3.00 -0.2061 0.06946 -0.0452 1.0000 0.0495 3 0.0198 0.00175 0 -0.2061 0.06946
-2.75 -0.1274 0.06702 -0.0638 1.0000 0.0527 3 0.0009 0.00132 0 -0.1274 0.06702
-2.50 -0.1274 0.06314 -0.0603 1.0000 0.0540 3 0.0006 0.00086 0 -0.1274 0.06314
-2.25 -0.1060 0.06034 -0.0622 1.0000 0.0570 3 0.0096 0.00063 0 -0.1060 0.06034
-2.00 -0.0508 0.05777 -0.0728 1.0000 0.0637 3 0.0405 0.00098 0 -0.0508 0.05777
-1.75 -0.0212 0.05482 -0.0764 1.0000 0.0672 3 0.0163 0.00081 0 -0.0212 0.05482
-1.50 0.0222 0.05251 -0.0833 1.0000 0.0738 3 0.0330 0.00085 0 0.0222 0.05251
-1.25 0.0635 0.04994 -0.0896 1.0000 0.0800 3 0.0177 0.00092 0 0.0635 0.04994
-1.00 0.0973 0.04771 -0.0935 1.0000 0.0877 3 0.0288 0.00058 0 0.0973 0.04771
-0.75 0.1381 0.04582 -0.0989 1.0000 0.0981 3 0.0153 0.00055 0 0.1381 0.04582
-0.50 0.1985 0.04347 -0.1078 0.9943 0.1169 2 0.0058 0.00020 0 0.1985 0.04347
-0.25 0.2520 0.04204 -0.1150 0.9882 0.1387 2 0.0034 0.00043 0 0.2520 0.04204
0.00 0.2940 0.04029 -0.1195 0.9837 0.1622 2 0.0041 0.00028 0 0.2940 0.04029
0.25 0.3313 0.03908 -0.1229 0.9777 0.1954 1 0.0000 0.00000 0 0.3313 0.03908
1.00 0.5036 0.03443 -0.1415 0.9679 0.1543 1 0.0000 0.00000 0 0.5036 0.03443
1.25 0.5493 0.03274 -0.1438 0.9645 0.0993 2 0.0136 0.00023 0 0.5493 0.03274
1.50 0.5839 0.03206 -0.1447 0.9592 0.0879 4 0.0172 0.00045 0 0.5839 0.03206
1.75 0.6183 0.03170 -0.1463 0.9541 0.0892 4 0.0280 0.00047 0 0.6183 0.03170
2.00 0.6545 0.03150 -0.1481 0.9490 0.0929 7 0.0230 0.00031 0 0.6545 0.03150
2.25 0.6907 0.03145 -0.1500 0.9440 0.1015 4 0.0201 0.00022 0 0.6907 0.03145
2.50 0.7283 0.03109 -0.1513 0.9323 0.1248 1 0.0000 0.00000 0 0.7283 0.03109
2.75 0.9674 0.02011 -0.1714 0.0709 1.0000 3 0.0018 0.00003 0 0.9674 0.02011
3.00 0.9834 0.02129 -0.1689 0.0650 1.0000 4 0.0071 0.00020 0 0.9834 0.02129
3.25 0.9995 0.02244 -0.1663 0.0619 1.0000 4 0.0061 0.00014 0 0.9995 0.02244
3.50 1.0169 0.02377 -0.1638 0.0608 1.0000 4 0.0054 0.00026 0 1.0169 0.02377
3.75 1.0427 0.02545 -0.1629 0.0609 1.0000 4 0.0015 0.00046 0 1.0427 0.02545
4.00 1.0785 0.02746 -0.1636 0.0617 1.0000 4 0.0037 0.00019 0 1.0785 0.02746
4.25 1.1160 0.02953 -0.1646 0.0614 1.0000 4 0.0023 0.00043 0 1.1160 0.02953
4.50 1.1557 0.03180 -0.1655 0.0665 1.0000 4 0.0040 0.00017 0 1.1557 0.03180
4.75 1.1974 0.03417 -0.1654 0.0825 1.0000 4 0.0025 0.00016 0 1.1974 0.03417
5.00 1.2535 0.03629 -0.1648 0.1375 1.0000 2 0.0000 0.00000 0 1.2535 0.03629
5.25 1.3384 0.03826 -0.1657 0.2858 1.0000 1 0.0000 0.00000 0 1.3384 0.03826
5.50 1.3610 0.04037 -0.1631 0.2940 1.0000 1 0.0000 0.00000 0 1.3610 0.04037
5.75 1.3739 0.04410 -0.1603 0.2689 1.0000 1 0.0000 0.00000 0 1.3739 0.04410
