caso theta alpha cl ld phi rpm nsol alpha_alt cl_alt salto cl_inf cl_sup
placa7_Re50 -6.0 0.945 0.345 9.131 6.945 1851.003 1 nan nan 1 0.166 0.395
placa7_Re50 -5.5 0.965 0.363 9.522 6.465 1805.175 1 nan nan 1 0.166 0.395
placa7_Re50 -5.0 0.984 0.380 9.908 5.984 1762.592 1 nan nan 1 0.166 0.395
placa7_Re50 -4.5 1.028 0.399 10.341 5.528 1721.517 1 nan nan 0 nan nan
placa7_Re50 -4.0 1.185 0.420 11.038 5.185 1677.277 1 nan nan 0 nan nan
placa7_Re50 -3.5 1.340 0.445 11.843 4.840 1629.700 1 nan nan 0 nan nan
placa7_Re50 -3.0 1.493 0.472 12.732 4.493 1581.722 1 nan nan 0 nan nan
placa7_Re50 -2.5 1.702 0.501 13.624 4.202 1535.699 1 nan nan 0 nan nan
placa7_Re50 -2.0 1.947 0.531 14.500 3.947 1491.974 1 nan nan 0 nan nan
placa7_Re50 -1.5 2.234 0.562 15.324 3.734 1450.483 1 nan nan 0 nan nan
placa7_Re50 -1.0 2.556 0.593 16.091 3.556 1412.111 1 nan nan 0 nan nan
placa7_Re50 -0.5 2.908 0.625 16.806 3.408 1375.472 1 nan nan 0 nan nan
placa7_Re50 0.0 3.195 0.658 17.921 3.195 1339.832 1 nan nan 0 nan nan
placa7_Re50_N5 -6.0 -0.217 0.383 9.895 5.783 1757.343 1 nan nan 0 nan nan
placa7_Re50_N5 -5.5 -0.107 0.403 10.642 5.393 1711.803 1 nan nan 0 nan nan
placa7_Re50_N5 -5.0 0.005 0.424 11.422 5.005 1669.446 1 nan nan 0 nan nan
placa7_Re50_N5 -4.5 0.151 0.448 12.325 4.651 1624.827 1 nan nan 0 nan nan
placa7_Re50_N5 -4.0 0.309 0.472 13.290 4.309 1581.916 1 nan nan 0 nan nan
placa7_Re50_N5 -3.5 0.490 0.499 14.341 3.990 1539.050 1 nan nan 0 nan nan
placa7_Re50_N5 -3.0 0.688 0.530 15.537 3.688 1492.807 1 nan nan 0 nan nan
placa7_Re50_N5 -2.5 0.910 0.564 16.802 3.410 1448.156 1 nan nan 0 nan nan
placa7_Re50_N5 -2.0 1.171 0.598 18.065 3.171 1406.248 1 nan nan 0 nan nan
placa7_Re50_N5 -1.5 1.452 0.636 19.401 2.952 1363.629 1 nan nan 0 nan nan
placa7_Re50_N5 -1.0 1.768 0.674 20.689 2.768 1324.607 1 nan nan 0 nan nan
placa7_Re50_N5 -0.5 2.092 0.716 22.099 2.592 1284.305 1 nan nan 0 nan nan
placa7_Re50_N5 0.0 2.413 0.755 23.739 2.413 1250.938 1 nan nan 0 nan nan
placa7_Re75 -6.0 1.007 0.297 8.138 7.007 1994.524 1 nan nan 0 nan nan
placa7_Re75 -5.5 1.138 0.310 8.611 6.638 1952.241 1 nan nan 0 nan nan
placa7_Re75 -5.0 1.258 0.326 9.158 6.258 1904.223 1 nan nan 1 0.321 0.462
placa7_Re75 -4.5 1.316 0.358 10.071 5.816 1815.993 1 nan nan 1 0.321 0.462
placa7_Re75 -4.0 1.373 0.391 10.985 5.373 1738.990 1 nan nan 1 0.321 0.462
placa7_Re75 -3.5 1.431 0.423 11.899 4.931 1671.019 1 nan nan 1 0.321 0.462
placa7_Re75 -3.0 1.488 0.456 12.814 4.488 1610.442 1 nan nan 1 0.321 0.462
placa7_Re75 -2.5 1.693 0.481 13.649 4.193 1567.730 1 nan nan 0 nan nan
placa7_Re75 -2.0 1.913 0.510 14.641 3.913 1521.621 1 nan nan 0 nan nan
placa7_Re75 -1.5 2.166 0.543 15.619 3.666 1475.944 1 nan nan 0 nan nan
placa7_Re75 -1.0 2.504 0.573 16.330 3.504 1436.354 1 nan nan 0 nan nan
placa7_Re75 -0.5 2.769 0.622 17.512 3.269 1378.442 1 nan nan 0 nan nan
placa7_Re75 0.0 3.012 0.680 19.241 3.012 1318.036 1 nan nan 1 0.665 0.982
placa7_Re75_N5 -6.0 -0.780 0.396 11.019 5.220 1727.070 1 nan nan 0 nan nan
placa7_Re75_N5 -5.5 -0.687 0.416 11.913 4.813 1686.133 1 nan nan 0 nan nan
placa7_Re75_N5 -5.0 -0.563 0.437 12.927 4.437 1644.151 1 nan nan 0 nan nan
placa7_Re75_N5 -4.5 -0.421 0.460 14.056 4.079 1602.684 1 nan nan 0 nan nan
placa7_Re75_N5 -4.0 -0.262 0.484 15.314 3.738 1561.886 1 nan nan 0 nan nan
placa7_Re75_N5 -3.5 -0.085 0.514 16.801 3.415 1515.802 1 nan nan 0 nan nan
placa7_Re75_N5 -3.0 0.115 0.545 18.406 3.115 1473.110 1 nan nan 0 nan nan
placa7_Re75_N5 -2.5 0.343 0.576 20.168 2.843 1431.814 1 nan nan 0 nan nan
placa7_Re75_N5 -2.0 0.593 0.613 22.103 2.593 1388.992 1 nan nan 0 nan nan
placa7_Re75_N5 -1.5 0.885 0.650 24.022 2.385 1348.181 1 nan nan 0 nan nan
placa7_Re75_N5 -1.0 1.200 0.691 26.051 2.200 1308.128 1 nan nan 0 nan nan
placa7_Re75_N5 -0.5 1.549 0.733 27.955 2.049 1270.095 1 nan nan 0 nan nan
placa7_Re75_N5 0.0 1.901 0.779 30.153 1.901 1231.561 1 nan nan 0 nan nan
placa4_Re50 -6.0 -0.036 0.224 9.602 5.964 2298.247 1 nan nan 0 nan nan
placa4_Re50 -5.5 0.066 0.236 10.301 5.566 2237.530 1 nan nan 0 nan nan
placa4_Re50 -5.0 0.178 0.250 11.081 5.178 2176.048 1 nan nan 0 nan nan
placa4_Re50 -4.5 0.299 0.264 11.940 4.799 2115.789 1 nan nan 0 nan nan
placa4_Re50 -4.0 0.437 0.280 12.926 4.437 2054.321 1 nan nan 0 nan nan
placa4_Re50 -3.5 0.589 0.298 14.026 4.089 1992.920 1 nan nan 0 nan nan
placa4_Re50 -3.0 0.754 0.316 15.242 3.754 1932.660 1 nan nan 0 nan nan
placa4_Re50 -2.5 0.941 0.338 16.661 3.441 1870.529 1 nan nan 0 nan nan
placa4_Re50 -2.0 1.103 0.356 18.513 3.103 1822.764 1 nan nan 0 nan nan
placa4_Re50 -1.5 1.255 0.372 20.779 2.755 1781.679 1 nan nan 0 nan nan
placa4_Re50 -1.0 1.616 0.403 21.889 2.616 1712.399 1 nan nan 0 nan nan
placa4_Re50 -0.5 2.004 0.435 22.864 2.504 1649.039 1 nan nan 0 nan nan
placa4_Re50 0.0 2.425 0.466 23.614 2.425 1591.911 1 nan nan 0 nan nan
plana3_Re50 -6.0 0.713 0.173 8.524 6.713 2610.480 3 4.799 0.250 0 nan nan
plana3_Re50 -5.5 0.825 0.189 9.069 6.325 2501.518 3 5.264 0.288 0 nan nan
plana3_Re50 -5.0 0.942 0.206 9.648 5.942 2395.110 3 5.289 0.326 0 nan nan
plana3_Re50 -4.5 1.075 0.227 10.287 5.575 2282.639 3 5.315 0.365 0 nan nan
plana3_Re50 -4.0 1.222 0.251 10.962 5.222 2169.429 3 5.341 0.403 0 nan nan
plana3_Re50 -3.5 1.437 0.278 11.591 4.937 2060.301 3 5.367 0.441 0 nan nan
plana3_Re50 -3.0 1.706 0.310 12.154 4.706 1952.963 3 5.392 0.479 0 nan nan
plana3_Re50 -2.5 2.073 0.351 12.503 4.573 1836.089 3 5.418 0.517 0 nan nan
plana3_Re50 -2.0 2.492 0.395 12.729 4.492 1728.951 3 5.444 0.555 0 nan nan
plana3_Re50 -1.5 3.074 0.466 12.499 4.574 1592.331 5 8.085 0.603 0 nan nan
plana3_Re50 -1.0 5.495 0.632 8.853 6.495 1367.992 3 8.220 0.650 1 0.268 0.639
plana3_Re50 -0.5 12.697 0.712 4.265 13.197 1288.734 1 nan nan 0 nan nan
plana3_Re50 0.0 14.068 0.733 3.991 14.068 1269.693 1 nan nan 0 nan nan
naca6412_Re50 -6.0 0.673 0.407 8.565 6.673 1703.769 1 nan nan 0 nan nan
naca6412_Re50 -5.5 0.919 0.424 8.889 6.419 1669.239 1 nan nan 0 nan nan
naca6412_Re50 -5.0 1.258 0.450 9.119 6.258 1620.981 1 nan nan 0 nan nan
naca6412_Re50 -4.5 1.554 0.479 9.433 6.054 1570.479 1 nan nan 0 nan nan
naca6412_Re50 -4.0 1.888 0.510 9.696 5.888 1522.939 1 nan nan 0 nan nan
naca6412_Re50 -3.5 2.350 0.540 9.761 5.850 1479.426 3 4.611 0.553 0 nan nan
naca6412_Re50 -3.0 2.795 0.572 9.854 5.795 1437.432 3 5.157 0.582 0 nan nan
naca6412_Re50 -2.5 3.282 0.605 9.875 5.782 1397.770 3 5.615 0.613 0 nan nan
naca6412_Re50 -2.0 3.847 0.638 9.764 5.847 1360.956 3 6.143 0.644 0 nan nan
naca6412_Re50 -1.5 6.725 0.673 6.918 8.225 1325.019 1 nan nan 0 nan nan
naca6412_Re50 -1.0 7.264 0.706 6.885 8.264 1293.727 1 nan nan 0 nan nan
naca6412_Re50 -0.5 7.852 0.738 6.811 8.352 1265.869 1 nan nan 0 nan nan
naca6412_Re50 0.0 8.498 0.768 6.693 8.498 1240.236 1 nan nan 0 nan nan
naca6412_Re50_N5 -6.0 -1.381 0.378 12.395 4.619 1768.766 1 nan nan 0 nan nan
naca6412_Re50_N5 -5.5 -1.177 0.401 13.246 4.323 1717.056 1 nan nan 0 nan nan
naca6412_Re50_N5 -5.0 -0.966 0.426 14.189 4.034 1665.901 1 nan nan 0 nan nan
naca6412_Re50_N5 -4.5 -0.739 0.453 15.214 3.761 1615.900 1 nan nan 0 nan nan
naca6412_Re50_N5 -4.0 -0.516 0.482 16.429 3.484 1566.089 1 nan nan 0 nan nan
naca6412_Re50_N5 -3.5 -0.242 0.511 17.570 3.258 1521.178 1 nan nan 0 nan nan
naca6412_Re50_N5 -3.0 0.001 0.542 19.074 3.001 1476.951 1 nan nan 0 nan nan
naca6412_Re50_N5 -2.5 0.274 0.560 20.646 2.774 1453.076 1 nan nan 0 nan nan
naca6412_Re50_N5 -2.0 0.610 0.600 21.942 2.610 1403.842 1 nan nan 0 nan nan
naca6412_Re50_N5 -1.5 0.970 0.641 23.185 2.470 1358.052 1 nan nan 0 nan nan
naca6412_Re50_N5 -1.0 1.343 0.683 24.441 2.343 1315.217 1 nan nan 0 nan nan
naca6412_Re50_N5 -0.5 1.753 0.725 25.419 2.253 1276.529 1 nan nan 0 nan nan
naca6412_Re50_N5 0.0 2.154 0.770 26.592 2.154 1239.093 1 nan nan 0 nan nan
