alpha cl cd cm ld phi
-6.00 -0.3701 0.10134 -0.0183 -3.65 nan
-5.75 -0.3464 0.09835 -0.0235 -3.52 nan
-5.50 -0.3147 0.09531 -0.0325 -3.30 nan
-5.25 -0.2993 0.09105 -0.0352 -3.29 nan
-5.00 -0.2808 0.08766 -0.0379 -3.20 nan
-4.75 -0.2496 0.08470 -0.0449 -2.95 nan
-4.50 -0.2153 0.08126 -0.0530 -2.65 nan
-4.25 -0.1897 0.07778 -0.0574 -2.44 nan
-4.00 -0.1612 0.07439 -0.0627 -2.17 nan
-3.75 -0.1374 0.07080 -0.0659 -1.94 nan
-3.50 -0.0978 0.06754 -0.0735 -1.45 nan
-3.25 -0.0366 0.06445 -0.0873 -0.57 nan
-3.00 -0.0216 0.06097 -0.0873 -0.35 nan
-2.75 0.0219 0.05786 -0.0945 0.38 nan
-2.50 0.0788 0.05453 -0.1053 1.45 34.683
-2.25 0.1071 0.05183 -0.1082 2.07 25.824
-2.00 0.1628 0.04884 -0.1176 3.33 16.699
-1.75 0.2133 0.04623 -0.1253 4.61 12.229
-1.50 0.2531 0.04372 -0.1301 5.79 9.800
-1.25 0.2889 0.04171 -0.1338 6.93 8.215
-1.00 0.3335 0.03976 -0.1391 8.39 6.799
-0.75 0.4049 0.03543 -0.1469 11.43 5.001
-0.50 0.4480 0.03328 -0.1518 13.46 4.248
-0.25 0.4863 0.03155 -0.1541 15.41 3.712
0.00 0.5289 0.03013 -0.1577 17.55 3.260
0.25 0.5631 0.02895 -0.1591 19.45 2.943
0.50 0.5992 0.02796 -0.1608 21.43 2.672
0.75 0.6350 0.02730 -0.1623 23.26 2.462
1.00 0.6631 0.02687 -0.1625 24.68 2.320
1.25 0.6976 0.02642 -0.1639 26.40 2.169
1.50 0.7266 0.02624 -0.1643 27.69 2.068
1.75 0.7571 0.02607 -0.1649 29.04 1.972
2.00 0.7937 0.02569 -0.1667 30.90 1.854
2.25 0.8720 0.01990 -0.1695 43.82 1.307
2.50 0.9179 0.02115 -0.1689 43.40 1.320
2.75 0.9402 0.02205 -0.1676 42.64 1.343
3.00 0.9619 0.02289 -0.1662 42.02 1.363
3.25 0.9815 0.02383 -0.1644 41.19 1.391
3.50 1.0008 0.02496 -0.1625 40.10 1.429
3.75 1.0193 0.02626 -0.1605 38.82 1.476
4.00 1.0382 0.02748 -0.1587 37.78 1.516
4.25 1.0631 0.02916 -0.1578 36.46 1.571
4.50 1.0976 0.03137 -0.1583 34.99 1.637
4.75 1.1322 0.03314 -0.1592 34.16 1.677
5.00 1.1662 0.03539 -0.1598 32.95 1.738
5.25 1.1983 0.03798 -0.1598 31.55 1.815
5.50 1.2278 0.04072 -0.1593 30.15 1.900
5.75 1.2542 0.04356 -0.1584 28.79 1.989
6.00 1.2780 0.04662 -0.1568 27.41 2.089
6.25 1.3015 0.05009 -0.1547 25.98 2.204
6.50 1.3199 0.05255 -0.1523 25.12 2.280
6.75 1.3357 0.05596 -0.1499 23.87 2.399
7.00 1.3497 0.06002 -0.1465 22.49 2.546
7.25 1.3620 0.06485 -0.1427 21.00 2.726
nan nan nan nan nan nan
8.00 1.4013 0.07770 -0.1328 18.03 3.174
8.25 1.4015 0.08201 -0.1303 17.09 3.349
8.50 1.4195 0.09291 -0.1322 15.28 3.745
8.75 1.3802 0.08970 -0.1230 15.39 3.718
9.00 1.3702 0.09356 -0.1198 14.65 3.906
9.25 1.3594 0.09757 -0.1170 13.93 4.105
9.50 1.3468 0.10153 -0.1141 13.27 4.311
9.75 1.3405 0.10628 -0.1123 12.61 4.533
10.00 1.3604 0.11749 -0.1150 11.58 4.936
10.25 1.3369 0.12052 -0.1117 11.09 5.151
10.50 1.3140 0.12413 -0.1097 10.59 5.397
10.75 1.2921 0.12833 -0.1092 10.07 5.672
11.00 1.2715 0.13309 -0.1100 9.55 5.975
11.25 1.2525 0.13841 -0.1123 9.05 6.306
11.50 1.2353 0.14431 -0.1162 8.56 6.663
11.75 1.2203 0.15102 -0.1218 8.08 7.055
12.00 1.2079 0.15879 -0.1297 7.61 7.489
12.25 1.1989 0.16570 -0.1370 7.24 7.869
12.50 1.1968 0.17134 -0.1411 6.98 8.147
12.75 1.1975 0.17647 -0.1442 6.79 8.383
13.00 1.0406 0.18161 -0.1288 5.73 9.900
13.25 1.0414 0.18582 -0.1296 5.60 10.117
13.50 1.0284 0.19024 -0.1341 5.41 10.480
13.75 1.0179 0.19444 -0.1379 5.24 10.814
14.00 1.0147 0.19838 -0.1401 5.11 11.062
14.25 1.0151 0.20214 -0.1413 5.02 11.262
14.50 1.0234 0.20627 -0.1406 4.96 11.396
14.75 1.0267 0.21093 -0.1412 4.87 11.610
15.00 1.0197 0.21460 -0.1445 4.75 11.885
15.25 1.0150 0.21815 -0.1473 4.65 12.130
15.50 1.0125 0.22164 -0.1495 4.57 12.347
15.75 1.0209 0.22635 -0.1492 4.51 12.501
16.00 1.0187 0.22998 -0.1513 4.43 12.722
