alpha cl cd cm ld phi
-6.00 -0.4138 0.08386 -0.0202 -4.93 nan
-5.75 -0.3925 0.08078 -0.0268 -4.86 nan
-5.50 -0.3624 0.07854 -0.0364 -4.61 nan
-5.25 -0.3630 0.07447 -0.0320 -4.87 nan
-5.00 -0.3558 0.07101 -0.0303 -5.01 nan
-4.75 -0.3395 0.06787 -0.0321 -5.00 nan
-4.50 -0.3063 0.06471 -0.0399 -4.73 nan
-4.25 -0.2824 0.06100 -0.0432 -4.63 nan
-4.00 -0.2609 0.05760 -0.0455 -4.53 nan
-3.75 -0.2367 0.05450 -0.0483 -4.34 nan
-3.50 -0.2037 0.05113 -0.0532 -3.98 nan
-3.25 -0.1837 0.04810 -0.0540 -3.82 nan
-3.00 -0.1457 0.04519 -0.0594 -3.22 nan
-2.75 -0.1270 0.04256 -0.0593 -2.98 nan
-2.50 -0.0915 0.03975 -0.0634 -2.30 nan
-2.25 -0.0654 0.03729 -0.0647 -1.75 nan
-2.00 -0.0389 0.03511 -0.0662 -1.11 nan
-1.75 -0.0128 0.03298 -0.0671 -0.39 nan
nan nan nan nan nan nan
-0.50 0.1680 0.02237 -0.0748 7.51 7.585
-0.25 0.1892 0.02065 -0.0726 9.16 6.229
0.00 0.2173 0.01980 -0.0724 10.97 5.206
0.25 0.2432 0.01869 -0.0714 13.01 4.395
0.50 0.2682 0.01794 -0.0706 14.95 3.827
0.75 0.2932 0.01747 -0.0702 16.78 3.410
1.00 0.3170 0.01708 -0.0693 18.56 3.084
1.25 0.3559 0.01667 -0.0714 21.35 2.682
1.50 0.3837 0.01644 -0.0714 23.34 2.453
1.75 0.4158 0.01488 -0.0723 27.94 2.050
2.00 0.6200 0.01705 -0.1007 36.36 1.575
2.25 0.6420 0.01810 -0.0991 35.47 1.615
2.50 0.6660 0.01937 -0.0979 34.38 1.666
2.75 0.6934 0.02084 -0.0971 33.27 1.721
3.00 0.7236 0.02244 -0.0967 32.25 1.776
3.25 0.7545 0.02459 -0.0965 30.68 1.867
3.50 0.7858 0.02631 -0.0950 29.87 1.918
3.75 0.8176 0.02845 -0.0938 28.74 1.993
4.00 0.8634 0.03114 -0.0921 27.73 2.066
4.25 0.9363 0.03333 -0.0940 28.09 2.039
4.50 0.9553 0.03624 -0.0921 26.36 2.173
4.75 0.9681 0.03933 -0.0892 24.61 2.326
5.00 0.9776 0.04228 -0.0862 23.12 2.476
nan nan nan nan nan nan
5.50 0.9969 0.04823 -0.0815 20.67 2.770
5.75 1.0062 0.05150 -0.0796 19.54 2.930
6.00 1.0174 0.05471 -0.0779 18.60 3.078
6.25 1.0274 0.05825 -0.0763 17.64 3.245
6.50 1.0348 0.06169 -0.0745 16.77 3.412
6.75 1.0407 0.06572 -0.0730 15.84 3.613
7.00 1.0518 0.06993 -0.0722 15.04 3.804
7.25 1.0502 0.07351 -0.0703 14.29 4.004
7.50 1.0554 0.07777 -0.0692 13.57 4.214
7.75 1.0751 0.08800 -0.0705 12.22 4.679
8.00 1.0630 0.08869 -0.0679 11.99 4.769
8.25 1.0482 0.09079 -0.0670 11.55 4.950
8.50 1.0459 0.09511 -0.0670 11.00 5.196
8.75 1.0311 0.09893 -0.0668 10.42 5.481
9.00 1.0166 0.10324 -0.0679 9.85 5.799
9.25 1.0040 0.10842 -0.0709 9.26 6.163
9.50 0.9950 0.11405 -0.0753 8.72 6.539
9.75 0.9900 0.11912 -0.0782 8.31 6.861
10.00 0.9885 0.12406 -0.0797 7.97 7.153
10.25 1.0025 0.12949 -0.0746 7.74 7.360
10.50 1.0050 0.13455 -0.0754 7.47 7.625
10.75 0.9981 0.13973 -0.0807 7.14 7.969
11.00 0.9923 0.14448 -0.0859 6.87 8.284
11.25 0.9873 0.14889 -0.0907 6.63 8.576
11.50 0.9845 0.15322 -0.0938 6.43 8.846
11.75 0.9847 0.15753 -0.0968 6.25 9.089
12.00 0.9899 0.16182 -0.0992 6.12 9.284
12.25 0.9938 0.16603 -0.1012 5.99 9.485
12.50 1.0009 0.17068 -0.1008 5.86 9.677
12.75 1.0034 0.17595 -0.1015 5.70 9.946
13.00 1.0076 0.17991 -0.1038 5.60 10.124
13.25 1.0229 0.18662 -0.1030 5.48 10.339
13.50 1.0239 0.18993 -0.1065 5.39 10.509
13.75 1.0263 0.19334 -0.1096 5.31 10.669
14.00 1.0294 0.19667 -0.1126 5.23 10.816
14.25 1.0326 0.19984 -0.1154 5.17 10.953
14.50 1.0345 0.20299 -0.1182 5.10 11.102
14.75 1.0384 0.20641 -0.1209 5.03 11.243
15.00 1.0439 0.21003 -0.1225 4.97 11.376
15.25 1.0499 0.21394 -0.1240 4.91 11.518
15.50 1.0608 0.21947 -0.1258 4.83 11.689
15.75 1.0695 0.22222 -0.1287 4.81 11.738
16.00 1.0746 0.22487 -0.1313 4.78 11.819
