alpha cl cd cm ld phi
-6.00 -0.2116 0.07913 0.0022 -2.67 nan
-5.75 -0.1613 0.07329 -0.0011 -2.20 nan
-5.50 -0.1014 0.06689 -0.0080 -1.52 nan
-5.25 -0.1169 0.06617 -0.0042 -1.77 nan
-5.00 -0.1972 0.06943 0.0079 -2.84 nan
-4.75 -0.4386 0.06703 -0.0216 -6.54 nan
-4.50 -0.4199 0.06071 -0.0271 -6.92 nan
-4.25 -0.4006 0.05576 -0.0307 -7.18 nan
-4.00 -0.3785 0.05161 -0.0333 -7.33 nan
-3.75 -0.3540 0.04812 -0.0354 -7.36 nan
-3.50 -0.3280 0.04503 -0.0373 -7.28 nan
-3.25 -0.3017 0.04235 -0.0386 -7.12 nan
-3.00 -0.2764 0.04029 -0.0391 -6.86 nan
-2.75 -0.2500 0.03841 -0.0399 -6.51 nan
-2.50 -0.2248 0.03697 -0.0401 -6.08 nan
-2.25 -0.2001 0.03573 -0.0401 -5.60 nan
-2.00 -0.1747 0.03468 -0.0401 -5.04 nan
-1.75 -0.1490 0.03372 -0.0400 -4.42 nan
-1.50 -0.1225 0.03268 -0.0399 -3.75 nan
-1.25 -0.0957 0.03105 -0.0391 -3.08 nan
-1.00 -0.0811 0.02839 -0.0347 -2.86 nan
-0.75 -0.0571 0.02899 -0.0354 -1.97 nan
-0.50 -0.0364 0.02964 -0.0356 -1.23 nan
-0.25 -0.0166 0.03033 -0.0356 -0.55 nan
0.00 0.0027 0.03107 -0.0357 0.09 nan
0.25 0.0216 0.03187 -0.0357 0.68 nan
0.50 0.0402 0.03272 -0.0358 1.23 nan
0.75 0.0584 0.03364 -0.0359 1.74 29.943
1.00 0.0762 0.03462 -0.0361 2.20 24.434
1.25 0.0936 0.03566 -0.0363 2.62 20.856
1.50 0.1105 0.03679 -0.0365 3.00 18.415
1.75 0.1268 0.03800 -0.0368 3.34 16.683
2.00 0.1975 0.04085 -0.0471 4.83 11.686
2.25 0.2538 0.04303 -0.0542 5.90 9.623
2.50 0.3001 0.04479 -0.0590 6.70 8.489
2.75 0.3479 0.04648 -0.0637 7.48 7.610
3.00 0.3856 0.04792 -0.0665 8.05 7.084
3.25 0.4211 0.04935 -0.0688 8.53 6.684
3.50 0.4544 0.05072 -0.0707 8.96 6.369
3.75 0.4877 0.05210 -0.0724 9.36 6.098
4.00 0.5127 0.05356 -0.0730 9.57 5.964
4.25 0.5341 0.05512 -0.0732 9.69 5.892
4.50 0.5614 0.05668 -0.0741 9.90 5.765
4.75 0.5790 0.05849 -0.0741 9.90 5.768
5.00 0.5979 0.06036 -0.0742 9.91 5.765
5.25 0.6139 0.06247 -0.0743 9.83 5.810
5.50 0.6337 0.06459 -0.0748 9.81 5.820
5.75 0.6374 0.06721 -0.0741 9.48 6.019
6.00 0.6517 0.06965 -0.0743 9.36 6.100
6.25 0.6502 0.07261 -0.0736 8.95 6.372
6.50 0.6618 0.07521 -0.0737 8.80 6.484
6.75 0.6704 0.07778 -0.0733 8.62 6.618
7.00 0.6851 0.08008 -0.0732 8.56 6.667
7.25 0.7004 0.08245 -0.0732 8.49 6.714
7.50 0.6988 0.08559 -0.0727 8.16 6.983
7.75 0.7082 0.08846 -0.0728 8.01 7.120
8.00 0.7155 0.09138 -0.0726 7.83 7.278
8.25 0.7259 0.09407 -0.0725 7.72 7.384
8.50 0.7398 0.09669 -0.0722 7.65 7.446
8.75 0.7551 0.09915 -0.0717 7.62 7.481
9.00 0.7559 0.10255 -0.0714 7.37 7.726
9.25 0.7605 0.10600 -0.0715 7.17 7.935
9.50 0.7505 0.11080 -0.0722 6.77 8.398
9.75 0.7552 0.11544 -0.0735 6.54 8.691
10.00 0.7684 0.11763 -0.0723 6.53 8.704
10.25 0.7768 0.12295 -0.0741 6.32 8.994
10.50 0.8084 0.12238 -0.0704 6.61 8.608
10.75 0.8078 0.12747 -0.0716 6.34 8.967
nan nan nan nan nan nan
12.00 0.7668 0.15150 -0.0819 5.06 11.176
12.25 0.7719 0.15488 -0.0824 4.98 11.346
12.50 0.7754 0.15768 -0.0825 4.92 11.495
12.75 0.7838 0.16129 -0.0830 4.86 11.628
13.00 0.8016 0.16465 -0.0841 4.87 11.607
13.25 0.8004 0.16794 -0.0843 4.77 11.850
13.50 0.8184 0.17127 -0.0855 4.78 11.820
13.75 0.8229 0.17483 -0.0859 4.71 11.994
14.00 0.8253 0.17706 -0.0866 4.66 12.109
14.25 0.8370 0.18110 -0.0872 4.62 12.209
14.50 0.8454 0.18427 -0.0884 4.59 12.296
14.75 0.8543 0.18705 -0.0892 4.57 12.350
15.00 0.8629 0.19037 -0.0901 4.53 12.441
15.25 0.8653 0.19272 -0.0911 4.49 12.556
15.50 0.8732 0.19589 -0.0922 4.46 12.644
15.75 0.8875 0.20001 -0.0932 4.44 12.700
16.00 0.8959 0.20306 -0.0940 4.41 12.771
