alpha cl cd cm ld phi
-6.00 -0.6903 0.03540 0.0033 -19.50 nan
-5.75 -0.6728 0.03408 0.0060 -19.74 nan
-5.50 -0.6536 0.03317 0.0091 -19.70 nan
-5.25 -0.6341 0.03250 0.0126 -19.51 nan
-5.00 -0.6149 0.03200 0.0164 -19.22 nan
-4.75 -0.5929 0.03186 0.0204 -18.61 nan
-4.50 -0.5681 0.03197 0.0244 -17.77 nan
-4.25 -0.5436 0.03201 0.0282 -16.98 nan
-4.00 -0.5043 0.03265 0.0306 -15.45 nan
-3.75 -0.4518 0.03330 0.0304 -13.57 nan
-3.50 -0.3855 0.03366 0.0268 -11.45 nan
-3.25 -0.2941 0.03352 0.0172 -8.77 nan
-3.00 -0.2116 0.03253 0.0071 -6.50 nan
-2.75 -0.1296 0.03096 -0.0044 -4.19 nan
-2.50 -0.0370 0.02871 -0.0193 -1.29 nan
-2.25 -0.0215 0.02765 -0.0202 -0.78 nan
-2.00 -0.0122 0.02678 -0.0198 -0.46 nan
-1.75 -0.0038 0.02602 -0.0190 -0.15 nan
-1.50 0.0033 0.02536 -0.0177 0.13 nan
-1.25 0.0086 0.02481 -0.0160 0.35 nan
-1.00 0.0115 0.02436 -0.0138 0.47 nan
-0.75 0.0118 0.02402 -0.0110 0.49 nan
-0.50 0.0099 0.02377 -0.0077 0.42 nan
-0.25 0.0057 0.02362 -0.0040 0.24 nan
0.00 0.0000 0.02357 0.0000 0.00 nan
0.25 -0.0057 0.02362 0.0040 -0.24 nan
0.50 -0.0099 0.02377 0.0077 -0.42 nan
0.75 -0.0118 0.02401 0.0110 -0.49 nan
1.00 -0.0115 0.02436 0.0138 -0.47 nan
1.25 -0.0086 0.02480 0.0160 -0.35 nan
1.50 -0.0033 0.02535 0.0177 -0.13 nan
1.75 0.0038 0.02601 0.0189 0.15 nan
2.00 0.0123 0.02677 0.0197 0.46 nan
2.25 0.0216 0.02764 0.0202 0.78 nan
2.50 0.0370 0.02870 0.0193 1.29 nan
2.75 0.1297 0.03095 0.0044 4.19 13.421
3.00 0.2117 0.03253 -0.0071 6.51 8.736
3.25 0.2943 0.03351 -0.0173 8.78 6.496
3.50 0.3855 0.03366 -0.0268 11.45 4.990
3.75 0.4519 0.03329 -0.0304 13.57 4.213
4.00 0.5042 0.03265 -0.0306 15.44 3.705
4.25 0.5437 0.03201 -0.0281 16.99 3.369
4.50 0.5681 0.03197 -0.0244 17.77 3.221
4.75 0.5928 0.03186 -0.0204 18.61 3.076
5.00 0.6148 0.03200 -0.0163 19.21 2.980
5.25 0.6340 0.03250 -0.0126 19.51 2.935
5.50 0.6535 0.03317 -0.0091 19.70 2.906
5.75 0.6727 0.03408 -0.0060 19.74 2.900
6.00 0.6902 0.03539 -0.0033 19.50 2.935
6.25 0.7089 0.03679 -0.0009 19.27 2.971
6.50 0.7257 0.03859 0.0013 18.81 3.044
6.75 0.7438 0.04043 0.0032 18.40 3.111
7.00 0.7564 0.04298 0.0051 17.60 3.252
7.25 0.7711 0.04540 0.0068 16.98 3.370
7.50 0.7833 0.04833 0.0084 16.21 3.531
7.75 0.7895 0.05169 0.0100 15.27 3.746
8.00 0.7977 0.05514 0.0114 14.47 3.954
8.25 0.7864 0.06032 0.0123 13.04 4.386
8.50 0.7705 0.06601 0.0125 11.67 4.897
8.75 0.7469 0.07257 0.0116 10.29 5.550
9.00 0.7219 0.07948 0.0096 9.08 6.283
9.25 0.6983 0.08674 0.0069 8.05 7.081
9.50 0.6304 0.10084 -0.0059 6.25 9.088
9.75 0.6279 0.10800 -0.0093 5.81 9.759
nan nan nan nan nan nan
10.25 0.4446 0.12610 -0.0184 3.53 15.835
10.50 0.4444 0.12893 -0.0179 3.45 16.179
10.75 0.4458 0.13215 -0.0176 3.37 16.512
11.00 0.4554 0.13616 -0.0178 3.34 16.646
11.25 0.4676 0.14052 -0.0179 3.33 16.726
11.50 0.4595 0.14209 -0.0171 3.23 17.183
11.75 0.4586 0.14484 -0.0169 3.17 17.528
12.00 0.4677 0.14886 -0.0171 3.14 17.655
12.25 0.4621 0.15047 -0.0166 3.07 18.036
12.50 0.4705 0.15439 -0.0168 3.05 18.167
12.75 0.4771 0.15765 -0.0167 3.03 18.285
13.00 0.4668 0.15846 -0.0163 2.95 18.750
13.25 0.4788 0.16297 -0.0166 2.94 18.797
13.50 0.4784 0.16480 -0.0166 2.90 19.008
13.75 0.4805 0.16753 -0.0166 2.87 19.221
14.00 0.4749 0.16802 -0.0166 2.83 19.484
14.25 0.4919 0.17372 -0.0171 2.83 19.451
14.50 0.4776 0.17177 -0.0170 2.78 19.781
14.75 0.4919 0.17706 -0.0175 2.78 19.796
15.00 0.4828 0.17600 -0.0176 2.74 20.029
15.25 0.4981 0.18182 -0.0181 2.74 20.053
15.50 0.4902 0.18084 -0.0185 2.71 20.250
15.75 0.4945 0.18334 -0.0188 2.70 20.343
16.00 0.4981 0.18580 -0.0194 2.68 20.456
