alpha cl cd cm xtrs xtri npts dcl dcd biest clalt cdalt
-6.00 -0.3981 0.11009 0.0009 1.0002 0.3498 6 0.0088 0.00070 0 -0.3981 0.11009
-5.75 -0.4005 0.10731 0.0033 1.0002 0.3619 8 0.0103 0.00092 0 -0.4005 0.10731
-5.50 -0.4095 0.10584 0.0055 1.0002 0.3750 9 0.0053 0.00070 0 -0.4095 0.10584
-5.25 -0.4168 0.10396 0.0076 1.0002 0.3887 9 0.0145 0.00202 0 -0.4168 0.10396
-5.00 -0.4285 0.10253 0.0092 1.0002 0.4037 7 0.0108 0.00174 0 -0.4285 0.10253
-4.75 -0.4277 0.09971 0.0127 1.0002 0.4245 9 0.0120 0.00143 0 -0.4277 0.09971
-4.50 -0.4307 0.09748 0.0154 1.0002 0.4466 9 0.0042 0.00027 0 -0.4307 0.09748
-4.25 -0.4319 0.09510 0.0192 1.0002 0.4748 3 0.0024 0.00062 1 0.0069 0.06735
-4.00 -0.4312 0.09253 0.0238 1.0002 0.5097 3 0.0032 0.00048 1 0.0031 0.06655
-3.75 -0.4275 0.09001 0.0292 1.0002 0.5546 2 0.0006 0.00016 1 -0.0010 0.06579
-3.50 -0.0155 0.06555 -0.0219 1.0002 0.9963 9 0.0082 0.00053 0 -0.0155 0.06555
-3.25 -0.0705 0.06720 -0.0089 1.0002 0.9755 9 0.0054 0.00035 0 -0.0705 0.06720
-3.00 -0.1189 0.06822 0.0020 1.0002 0.9533 9 0.0051 0.00038 0 -0.1189 0.06822
-2.75 -0.1652 0.06894 0.0118 1.0002 0.9294 8 0.0029 0.00009 0 -0.1652 0.06894
-2.50 -0.2154 0.06942 0.0218 1.0002 0.9043 6 0.0026 0.00020 0 -0.2154 0.06942
-2.25 -0.2622 0.06943 0.0303 1.0002 0.8778 3 0.0008 0.00012 0 -0.2622 0.06943
-2.00 -0.3141 0.06929 0.0396 1.0002 0.8523 3 0.0057 0.00037 0 -0.3141 0.06929
-1.75 -0.3698 0.06889 0.0490 1.0002 0.8312 3 0.0040 0.00022 1 -0.1687 0.06137
-1.50 -0.4183 0.06784 0.0554 1.0002 0.8034 3 0.0020 0.00024 1 -0.1351 0.05898
-1.25 -0.1005 0.05717 -0.0691 1.0002 0.2763 9 0.0026 0.00021 0 -0.1005 0.05717
-1.00 -0.0667 0.05581 -0.0731 1.0002 0.2800 9 0.0049 0.00026 0 -0.0667 0.05581
-0.75 -0.0375 0.05490 -0.0757 1.0002 0.2877 9 0.0031 0.00010 0 -0.0375 0.05490
-0.50 -0.0085 0.05428 -0.0782 1.0002 0.2980 9 0.0025 0.00016 0 -0.0085 0.05428
-0.25 0.0199 0.05397 -0.0803 1.0002 0.3113 9 0.0024 0.00009 0 0.0199 0.05397
0.00 0.0462 0.05387 -0.0820 1.0002 0.3276 9 0.0021 0.00010 0 0.0462 0.05387
0.25 0.0731 0.05405 -0.0836 1.0002 0.3476 9 0.0023 0.00005 0 0.0731 0.05405
0.50 0.0990 0.05434 -0.0849 1.0002 0.3707 9 0.0010 0.00012 0 0.0990 0.05434
0.75 0.1245 0.05478 -0.0860 1.0002 0.3993 9 0.0009 0.00009 0 0.1245 0.05478
1.00 0.1503 0.05532 -0.0871 1.0002 0.4349 9 0.0007 0.00008 0 0.1503 0.05532
1.25 0.1770 0.05594 -0.0883 1.0002 0.4838 9 0.0007 0.00007 0 0.1770 0.05594
1.50 0.2068 0.05647 -0.0898 1.0002 0.5684 9 0.0007 0.00012 0 0.2068 0.05647
1.75 0.2068 0.05503 -0.0853 1.0002 0.9341 9 0.0011 0.00018 0 0.2068 0.05503
2.00 0.2340 0.05669 -0.0879 1.0002 0.9998 12 0.0005 0.00009 0 0.2340 0.05669
2.25 0.2529 0.05833 -0.0884 1.0002 0.9998 9 0.0005 0.00008 0 0.2529 0.05833
2.50 0.2703 0.05999 -0.0888 1.0002 0.9998 9 0.0006 0.00009 0 0.2703 0.05999
2.75 0.2870 0.06170 -0.0891 1.0002 0.9998 9 0.0005 0.00009 0 0.2870 0.06170
3.00 0.3034 0.06344 -0.0894 1.0002 0.9998 9 0.0005 0.00010 0 0.3034 0.06344
3.25 0.3194 0.06522 -0.0897 1.0002 0.9998 9 0.0005 0.00010 0 0.3194 0.06522
3.50 0.3350 0.06705 -0.0899 1.0002 0.9998 9 0.0005 0.00011 0 0.3350 0.06705
3.75 0.3504 0.06892 -0.0902 1.0002 0.9998 9 0.0006 0.00012 0 0.3504 0.06892
4.00 0.3656 0.07084 -0.0906 1.0002 0.9998 9 0.0006 0.00011 0 0.3656 0.07084
4.25 0.3805 0.07280 -0.0909 1.0002 0.9998 9 0.0006 0.00012 0 0.3805 0.07280
4.50 0.3995 0.07508 -0.0921 0.9974 0.9998 9 0.0009 0.00020 0 0.3995 0.07508
4.75 0.4303 0.07830 -0.0957 0.9884 0.9998 9 0.0030 0.00011 0 0.4303 0.07830
5.00 0.4568 0.08138 -0.0984 0.9790 0.9998 7 0.0019 0.00013 0 0.4568 0.08138
5.25 0.4811 0.08410 -0.1007 0.9686 0.9998 8 0.0104 0.00125 0 0.4811 0.08410
5.50 0.5035 0.08688 -0.1026 0.9572 0.9998 6 0.0044 0.00058 0 0.5035 0.08688
5.75 0.5227 0.08938 -0.1040 0.9460 0.9998 7 0.0029 0.00010 0 0.5227 0.08938
6.00 0.5412 0.09197 -0.1052 0.9348 0.9998 8 0.0062 0.00036 0 0.5412 0.09197
6.25 0.5673 0.09521 -0.1077 0.9248 0.9998 9 0.0143 0.00175 0 0.5673 0.09521
6.50 0.5834 0.09782 -0.1085 0.9121 0.9998 9 0.0090 0.00082 0 0.5834 0.09782
6.75 0.5949 0.09988 -0.1085 0.9007 0.9998 9 0.0042 0.00033 0 0.5949 0.09988
7.00 0.6126 0.10259 -0.1096 0.8894 0.9998 9 0.0005 0.00028 0 0.6126 0.10259
7.25 0.6308 0.10545 -0.1107 0.8776 0.9998 9 0.0148 0.00197 0 0.6308 0.10545
7.50 0.6492 0.10841 -0.1118 0.8651 0.9998 9 0.0038 0.00064 0 0.6492 0.10841
7.75 0.6635 0.11065 -0.1123 0.8530 0.9998 9 0.0084 0.00086 0 0.6635 0.11065
8.00 0.6816 0.11367 -0.1134 0.8412 0.9998 9 0.0107 0.00097 0 0.6816 0.11367
8.25 0.7022 0.11738 -0.1150 0.8293 0.9998 6 0.0032 0.00097 0 0.7022 0.11738
8.50 0.7123 0.11972 -0.1148 0.8167 0.9998 6 0.0072 0.00104 0 0.7123 0.11972
8.75 0.7194 0.12167 -0.1144 0.8039 0.9998 6 0.0113 0.00147 0 0.7194 0.12167
9.00 0.7334 0.12431 -0.1149 0.7908 0.9998 6 0.0136 0.00150 0 0.7334 0.12431
9.25 0.7497 0.12779 -0.1159 0.7782 0.9998 6 0.0092 0.00130 0 0.7497 0.12779
9.50 0.7702 0.13133 -0.1173 0.7653 0.9998 6 0.0066 0.00176 0 0.7702 0.13133
9.75 0.7790 0.13391 -0.1172 0.7521 0.9998 6 0.0067 0.00128 0 0.7790 0.13391
10.00 0.7855 0.13594 -0.1170 0.7390 0.9998 6 0.0117 0.00187 0 0.7855 0.13594
10.25 0.7997 0.13859 -0.1177 0.7251 0.9998 6 0.0117 0.00146 0 0.7997 0.13859
10.50 0.8148 0.14198 -0.1185 0.7117 0.9998 6 0.0125 0.00068 0 0.8148 0.14198
10.75 0.8231 0.14487 -0.1185 0.6980 0.9998 6 0.0028 0.00104 0 0.8231 0.14487
11.00 0.8345 0.14755 -0.1191 0.6836 0.9998 6 0.0096 0.00264 0 0.8345 0.14755
11.25 0.8522 0.15043 -0.1202 0.6689 0.9998 6 0.0154 0.00271 0 0.8522 0.15043
11.50 0.8615 0.15326 -0.1203 0.6540 0.9998 6 0.0096 0.00183 0 0.8615 0.15326
11.75 0.8686 0.15646 -0.1203 0.6387 0.9998 6 0.0021 0.00158 0 0.8686 0.15646
12.00 0.8849 0.16009 -0.1213 0.6232 0.9998 6 0.0133 0.00038 0 0.8849 0.16009
12.25 0.8914 0.16286 -0.1220 0.6087 0.9998 6 0.0116 0.00224 0 0.8914 0.16286
12.50 0.8999 0.16593 -0.1220 0.5925 0.9998 6 0.0151 0.00014 0 0.8999 0.16593
12.75 0.9074 0.16857 -0.1224 0.5771 0.9998 6 0.0088 0.00110 0 0.9074 0.16857
13.00 0.9184 0.17216 -0.1227 0.5595 0.9998 4 0.0065 0.00007 0 0.9184 0.17216
13.25 0.9341 0.17539 -0.1241 0.5435 0.9998 6 0.0134 0.00239 0 0.9341 0.17539
13.50 0.9407 0.17867 -0.1244 0.5266 0.9998 6 0.0187 0.00011 0 0.9407 0.17867
13.75 0.9472 0.18132 -0.1250 0.5114 0.9998 6 0.0098 0.00162 0 0.9472 0.18132
14.00 0.9668 0.18524 -0.1258 0.4939 0.9998 6 0.0182 0.00121 0 0.9668 0.18524
14.25 0.9728 0.18852 -0.1266 0.4793 0.9998 6 0.0143 0.00274 0 0.9728 0.18852
14.50 0.9801 0.19189 -0.1274 0.4641 0.9998 6 0.0225 0.00064 0 0.9801 0.19189
14.75 0.9859 0.19517 -0.1283 0.4502 0.9998 6 0.0148 0.00167 0 0.9859 0.19517
15.00 0.9935 0.19846 -0.1293 0.4367 0.9998 6 0.0077 0.00313 0 0.9935 0.19846
15.25 1.0053 0.20179 -0.1303 0.4226 0.9998 6 0.0062 0.00444 0 1.0053 0.20179
15.50 1.0207 0.20547 -0.1314 0.4094 0.9998 6 0.0106 0.00530 0 1.0207 0.20547
15.75 1.0210 0.20920 -0.1325 0.4000 0.9998 6 0.0228 0.00098 0 1.0210 0.20920
16.00 1.0320 0.21342 -0.1336 0.3883 0.9998 6 0.0165 0.00230 0 1.0320 0.21342
