alpha cl cd cm ld phi
-6.00 -0.4214 0.08678 -0.0015 -4.86 nan
-5.75 -0.4328 0.08488 0.0014 -5.10 nan
-5.50 -0.4265 0.08219 0.0045 -5.19 nan
-5.25 -0.4386 0.08053 0.0079 -5.45 nan
-5.00 -0.4495 0.07856 0.0109 -5.72 nan
-4.75 -0.4419 0.07595 0.0142 -5.82 nan
-4.50 -0.4157 0.05395 -0.0335 -7.71 nan
-4.25 -0.3904 0.04845 -0.0369 -8.06 nan
-4.00 -0.3661 0.04433 -0.0387 -8.26 nan
-3.75 -0.3411 0.04129 -0.0398 -8.26 nan
-3.50 -0.3160 0.03869 -0.0405 -8.17 nan
-3.25 -0.2903 0.03664 -0.0411 -7.92 nan
-3.00 -0.2659 0.03517 -0.0412 -7.56 nan
-2.75 -0.2415 0.03380 -0.0413 -7.14 nan
-2.50 -0.2171 0.03277 -0.0413 -6.62 nan
-2.25 -0.1927 0.03191 -0.0413 -6.04 nan
-2.00 -0.1691 0.03123 -0.0411 -5.41 nan
-1.75 -0.1459 0.03063 -0.0409 -4.76 nan
-1.50 -0.1217 0.03012 -0.0409 -4.04 nan
-1.25 -0.0947 0.02946 -0.0412 -3.21 nan
-1.00 -0.0661 0.02714 -0.0398 -2.44 nan
-0.75 -0.0574 0.02664 -0.0368 -2.15 nan
-0.50 -0.0309 0.02742 -0.0380 -1.13 nan
-0.25 0.0266 0.02887 -0.0448 0.92 nan
0.00 0.0738 0.03004 -0.0497 2.46 22.149
0.25 0.1161 0.03109 -0.0536 3.73 14.991
0.50 0.1599 0.03216 -0.0576 4.97 11.372
0.75 0.1972 0.03307 -0.0604 5.96 9.520
1.00 0.2381 0.03397 -0.0636 7.01 8.120
1.25 0.2817 0.03474 -0.0668 8.11 7.030
1.50 0.3206 0.03536 -0.0691 9.07 6.294
1.75 0.3610 0.03588 -0.0713 10.06 5.676
2.00 0.3999 0.03634 -0.0732 11.00 5.192
2.25 0.4389 0.03672 -0.0749 11.95 4.782
2.50 0.4753 0.03707 -0.0761 12.82 4.460
2.75 0.5142 0.03730 -0.0775 13.79 4.149
3.00 0.5500 0.03750 -0.0783 14.67 3.900
3.25 0.5807 0.03782 -0.0784 15.35 3.726
3.50 0.6253 0.03751 -0.0798 16.67 3.433
3.75 0.6563 0.03767 -0.0796 17.42 3.285
4.00 0.6976 0.03724 -0.0801 18.73 3.056
4.25 0.7189 0.03780 -0.0788 19.02 3.010
4.50 0.7588 0.03735 -0.0792 20.32 2.818
4.75 0.7819 0.03787 -0.0780 20.65 2.773
5.00 0.8136 0.03796 -0.0777 21.43 2.671
5.25 0.8398 0.03835 -0.0768 21.90 2.615
5.50 0.8562 0.03965 -0.0756 21.59 2.651
5.75 0.8747 0.04080 -0.0745 21.44 2.671
6.00 0.8959 0.04175 -0.0735 21.46 2.668
6.25 0.9202 0.04225 -0.0725 21.78 2.629
6.50 0.9549 0.04183 -0.0719 22.83 2.508
6.75 0.9900 0.04142 -0.0714 23.90 2.396
7.00 1.0047 0.04266 -0.0697 23.55 2.431
7.25 1.0235 0.04345 -0.0682 23.56 2.431
7.50 1.0599 0.04270 -0.0674 24.82 2.307
7.75 1.0884 0.04262 -0.0663 25.54 2.242
8.00 1.1205 0.04218 -0.0653 26.56 2.156
8.25 1.1429 0.04240 -0.0636 26.96 2.125
8.50 1.1825 0.04132 -0.0630 28.62 2.001
8.75 1.2054 0.04160 -0.0613 28.98 1.977
9.00 1.2263 0.04207 -0.0596 29.15 1.965
9.25 1.2554 0.04219 -0.0585 29.76 1.925
9.50 1.2756 0.04313 -0.0568 29.58 1.937
9.75 1.2912 0.04454 -0.0548 28.99 1.976
10.00 1.3006 0.04639 -0.0524 28.04 2.043
10.25 1.3169 0.04791 -0.0507 27.49 2.084
10.50 1.3266 0.04991 -0.0486 26.58 2.155
10.75 1.3434 0.05167 -0.0471 26.00 2.203
11.00 1.3563 0.05363 -0.0455 25.29 2.264
11.25 1.3235 0.05814 -0.0405 22.76 2.515
11.50 1.2779 0.06369 -0.0356 20.06 2.853
11.75 1.1849 0.07466 -0.0331 15.87 3.605
12.00 1.0430 0.10035 -0.0425 10.39 5.496
12.25 0.9462 0.12263 -0.0543 7.72 7.385
12.50 0.9111 0.13404 -0.0600 6.80 8.369
12.75 0.9158 0.13899 -0.0612 6.59 8.630
nan nan nan nan nan nan
13.75 0.8660 0.17239 -0.0786 5.02 11.258
14.00 0.8476 0.17245 -0.0801 4.92 11.500
14.25 0.8610 0.17671 -0.0811 4.87 11.598
14.50 0.8650 0.17908 -0.0819 4.83 11.697
14.75 0.8699 0.18262 -0.0830 4.76 11.856
15.00 0.8771 0.18557 -0.0839 4.73 11.946
15.25 0.8869 0.18986 -0.0850 4.67 12.083
15.50 0.8954 0.19267 -0.0857 4.65 12.144
15.75 0.8959 0.19571 -0.0875 4.58 12.323
16.00 0.6820 0.18529 -0.0581 3.68 15.200
