alpha cl cd clalt cdalt
3.25 0.6640 0.03660 0.9487 0.02438
3.50 0.6888 0.03776 0.9598 0.02663
3.75 0.7061 0.03892 0.9748 0.02819
4.00 0.7232 0.04013 0.9908 0.02960
12.75 1.0257 0.19253 1.2049 0.18987
13.00 1.0122 0.19385 1.2153 0.19466
13.25 1.0251 0.19847 1.2123 0.19737
13.50 1.0161 0.20044 1.2113 0.20087
13.75 1.0108 0.20289 1.2210 0.20453
14.00 1.0091 0.20579 1.2234 0.20908
14.25 1.0090 0.20894 1.2407 0.21492
14.50 1.0086 0.21215 1.2289 0.21621
14.75 1.0091 0.21554 1.2415 0.22321
15.00 1.0125 0.21939 1.2392 0.22455
15.25 1.0195 0.22390 1.2618 0.23247
15.50 1.0092 0.22544 1.2544 0.23294
15.75 1.0120 0.22937 1.2530 0.23430
16.00 1.0230 0.23479 1.2783 0.24370
