alpha cl cd cm fuente
-180.0 -0.1005 0.0151 -0.0503 3
-179.5 -0.0633 0.0140 -0.0315 3
-179.0 0.1741 0.0186 0.0867 3
-178.5 0.2119 0.0210 0.1053 3
-178.0 0.2476 0.0245 0.1228 3
-177.5 0.2873 0.0302 0.1422 3
-177.0 0.3258 0.0349 0.1609 3
-176.5 0.3545 0.0396 0.1747 3
-176.0 0.3743 0.0441 0.1840 3
-175.5 0.3937 0.0490 0.1932 3
-175.0 0.4122 0.0547 0.2019 3
-174.5 0.4284 0.0607 0.2095 3
-174.0 0.4420 0.0679 0.2159 3
-173.5 0.4474 0.0698 0.2181 3
-173.0 0.4499 0.0715 0.2188 3
-172.5 0.4493 0.0729 0.2180 3
-172.0 0.4459 0.0741 0.2159 3
-171.5 0.4398 0.0750 0.2125 3
-171.0 0.4312 0.0757 0.2079 3
-170.5 0.4205 0.0762 0.2024 3
-170.0 0.4078 0.0766 0.1960 3
-169.5 0.3936 0.0770 0.1888 3
-169.0 0.3782 0.0773 0.1812 3
-168.5 0.3619 0.0777 0.1733 3
-168.0 0.3452 0.0782 0.1652 3
-167.5 0.3285 0.0789 0.1571 3
-167.0 0.3121 0.0797 0.1494 3
-166.5 0.2964 0.0809 0.1420 3
-166.0 0.2818 0.0824 0.1353 3
-165.5 0.2687 0.0843 0.1293 3
-165.0 0.2574 0.0866 0.1242 3
-164.5 0.2482 0.0894 0.1202 3
-164.0 0.2413 0.0928 0.1173 3
-163.5 0.2371 0.0967 0.1157 3
-163.0 0.2355 0.1012 0.1154 3
-162.5 0.2369 0.1062 0.1164 3
-162.0 0.2412 0.1120 0.1188 3
-161.5 0.2469 0.1180 0.1219 3
-161.0 0.2526 0.1243 0.1249 3
-160.5 0.2582 0.1306 0.1280 3
-160.0 0.2638 0.1371 0.1310 3
-159.5 0.2692 0.1438 0.1340 3
-159.0 0.2746 0.1506 0.1370 3
-158.5 0.2799 0.1575 0.1401 3
-158.0 0.2850 0.1645 0.1430 3
-157.5 0.2902 0.1717 0.1460 3
-157.0 0.2952 0.1790 0.1490 3
-156.5 0.3001 0.1864 0.1520 3
-156.0 0.3049 0.1940 0.1549 3
-155.5 0.3097 0.2016 0.1578 3
-155.0 0.3143 0.2094 0.1608 3
-154.5 0.3189 0.2173 0.1637 3
-154.0 0.3234 0.2253 0.1666 3
-153.5 0.3277 0.2334 0.1695 3
-153.0 0.3320 0.2416 0.1723 3
-152.5 0.3361 0.2500 0.1752 3
-152.0 0.3402 0.2584 0.1780 3
-151.5 0.3441 0.2669 0.1809 3
-151.0 0.3480 0.2756 0.1837 3
-150.5 0.3517 0.2843 0.1865 3
-150.0 0.3554 0.2931 0.1893 3
-149.5 0.3589 0.3020 0.1921 3
-149.0 0.3623 0.3110 0.1948 3
-148.5 0.3656 0.3201 0.1976 3
-148.0 0.3688 0.3292 0.2003 3
-147.5 0.3719 0.3385 0.2030 3
-147.0 0.3749 0.3478 0.2057 3
-146.5 0.3777 0.3572 0.2084 3
-146.0 0.3805 0.3666 0.2111 3
-145.5 0.3831 0.3761 0.2137 3
-145.0 0.3856 0.3857 0.2163 3
-144.5 0.3880 0.3954 0.2189 3
-144.0 0.3903 0.4051 0.2215 3
-143.5 0.3924 0.4148 0.2241 3
-143.0 0.3944 0.4246 0.2266 3
-142.5 0.3964 0.4345 0.2292 3
-142.0 0.3982 0.4444 0.2317 3
-141.5 0.3998 0.4543 0.2342 3
-141.0 0.4014 0.4643 0.2366 3
-140.5 0.4028 0.4743 0.2391 3
-140.0 0.4041 0.4844 0.2415 3
-139.5 0.4053 0.4945 0.2439 3
-139.0 0.4063 0.5046 0.2462 3
-138.5 0.4073 0.5148 0.2486 3
-138.0 0.4081 0.5249 0.2509 3
-137.5 0.4088 0.5351 0.2532 3
-137.0 0.4093 0.5453 0.2555 3
-136.5 0.4098 0.5555 0.2577 3
-136.0 0.4101 0.5657 0.2599 3
-135.5 0.4103 0.5760 0.2621 3
-135.0 0.4103 0.5862 0.2642 3
-134.5 0.4103 0.5964 0.2664 3
-134.0 0.4101 0.6067 0.2685 3
-133.5 0.4098 0.6169 0.2705 3
-133.0 0.4093 0.6271 0.2726 3
-132.5 0.4088 0.6373 0.2746 3
-132.0 0.4081 0.6475 0.2766 3
-131.5 0.4073 0.6576 0.2785 3
-131.0 0.4063 0.6678 0.2804 3
-130.5 0.4053 0.6779 0.2823 3
-130.0 0.4041 0.6880 0.2841 3
-129.5 0.4028 0.6981 0.2859 3
-129.0 0.4014 0.7081 0.2877 3
-128.5 0.3998 0.7181 0.2894 3
-128.0 0.3982 0.7280 0.2911 3
-127.5 0.3964 0.7379 0.2928 3
-127.0 0.3944 0.7478 0.2944 3
-126.5 0.3924 0.7576 0.2960 3
-126.0 0.3903 0.7673 0.2976 3
-125.5 0.3880 0.7770 0.2991 3
-125.0 0.3856 0.7867 0.3006 3
-124.5 0.3831 0.7963 0.3020 3
-124.0 0.3805 0.8058 0.3034 3
-123.5 0.3777 0.8152 0.3047 3
-123.0 0.3749 0.8246 0.3061 3
-122.5 0.3719 0.8339 0.3073 3
-122.0 0.3688 0.8432 0.3086 3
-121.5 0.3656 0.8523 0.3097 3
-121.0 0.3623 0.8614 0.3109 3
-120.5 0.3589 0.8704 0.3120 3
-120.0 0.3554 0.8793 0.3131 3
-119.5 0.3517 0.8881 0.3141 3
-119.0 0.3480 0.8968 0.3151 3
-118.5 0.3441 0.9055 0.3160 3
-118.0 0.3402 0.9140 0.3169 3
-117.5 0.3361 0.9224 0.3177 3
-117.0 0.3320 0.9308 0.3185 3
-116.5 0.3277 0.9390 0.3193 3
-116.0 0.3234 0.9471 0.3200 3
-115.5 0.3189 0.9551 0.3206 3
-115.0 0.3143 0.9630 0.3212 3
-114.5 0.3097 0.9708 0.3218 3
-114.0 0.3049 0.9784 0.3223 3
-113.5 0.3001 0.9860 0.3228 3
-113.0 0.2952 0.9934 0.3232 3
-112.5 0.2902 1.0007 0.3236 3
-112.0 0.2850 1.0079 0.3239 3
-111.5 0.2799 1.0149 0.3242 3
-111.0 0.2746 1.0218 0.3245 3
-110.5 0.2692 1.0286 0.3247 3
-110.0 0.2638 1.0353 0.3248 3
-109.5 0.2582 1.0418 0.3249 3
-109.0 0.2526 1.0481 0.3250 3
-108.5 0.2469 1.0544 0.3250 3
-108.0 0.2412 1.0604 0.3249 3
-107.5 0.2354 1.0664 0.3248 3
-107.0 0.2295 1.0722 0.3247 3
-106.5 0.2235 1.0778 0.3245 3
-106.0 0.2174 1.0833 0.3243 3
-105.5 0.2113 1.0887 0.3240 3
-105.0 0.2052 1.0939 0.3237 3
-104.5 0.1989 1.0989 0.3233 3
-104.0 0.1926 1.1038 0.3229 3
-103.5 0.1863 1.1085 0.3224 3
-103.0 0.1799 1.1131 0.3219 3
-102.5 0.1734 1.1175 0.3213 3
-102.0 0.1669 1.1217 0.3207 3
-101.5 0.1603 1.1258 0.3201 3
-101.0 0.1537 1.1297 0.3194 3
-100.5 0.1471 1.1335 0.3186 3
-100.0 0.1403 1.1370 0.3178 3
-99.5 0.1336 1.1405 0.3170 3
-99.0 0.1268 1.1437 0.3161 3
-98.5 0.1200 1.1468 0.3152 3
-98.0 0.1131 1.1497 0.3142 3
-97.5 0.1062 1.1524 0.3132 3
-97.0 0.0993 1.1550 0.3121 3
-96.5 0.0923 1.1574 0.3110 3
-96.0 0.0853 1.1596 0.3099 3
-95.5 0.0783 1.1616 0.3087 3
-95.0 0.0713 1.1635 0.3075 3
-94.5 0.0642 1.1652 0.3062 3
-94.0 0.0571 1.1667 0.3049 3
-93.5 0.0500 1.1680 0.3036 3
-93.0 0.0429 1.1692 0.3022 3
-92.5 0.0358 1.1702 0.3008 3
-92.0 0.0286 1.1710 0.2993 3
-91.5 0.0215 1.1716 0.2978 3
-91.0 0.0143 1.1720 0.2963 3
-90.5 0.0072 1.1723 0.2947 3
-90.0 0.0000 1.1724 0.2931 3
-89.5 -0.0102 1.1723 0.2914 2
-89.0 -0.0205 1.1720 0.2896 2
-88.5 -0.0307 1.1716 0.2879 2
-88.0 -0.0409 1.1710 0.2861 2
-87.5 -0.0511 1.1702 0.2843 2
-87.0 -0.0613 1.1692 0.2824 2
-86.5 -0.0714 1.1680 0.2806 2
-86.0 -0.0816 1.1667 0.2787 2
-85.5 -0.0917 1.1652 0.2768 2
-85.0 -0.1018 1.1635 0.2749 2
-84.5 -0.1119 1.1616 0.2730 2
-84.0 -0.1219 1.1596 0.2711 2
-83.5 -0.1319 1.1574 0.2691 2
-83.0 -0.1418 1.1550 0.2671 2
-82.5 -0.1517 1.1524 0.2651 2
-82.0 -0.1616 1.1497 0.2631 2
-81.5 -0.1714 1.1468 0.2611 2
-81.0 -0.1811 1.1437 0.2590 2
-80.5 -0.1908 1.1405 0.2570 2
-80.0 -0.2005 1.1370 0.2549 2
-79.5 -0.2101 1.1335 0.2528 2
-79.0 -0.2196 1.1297 0.2507 2
-78.5 -0.2290 1.1258 0.2486 2
-78.0 -0.2384 1.1217 0.2465 2
-77.5 -0.2477 1.1175 0.2443 2
-77.0 -0.2570 1.1131 0.2422 2
-76.5 -0.2661 1.1085 0.2400 2
-76.0 -0.2752 1.1038 0.2379 2
-75.5 -0.2842 1.0989 0.2357 2
-75.0 -0.2931 1.0939 0.2335 2
-74.5 -0.3019 1.0887 0.2313 2
-74.0 -0.3106 1.0833 0.2291 2
-73.5 -0.3193 1.0778 0.2268 2
-73.0 -0.3278 1.0722 0.2246 2
-72.5 -0.3362 1.0664 0.2224 2
-72.0 -0.3446 1.0604 0.2201 2
-71.5 -0.3528 1.0544 0.2179 2
-71.0 -0.3609 1.0481 0.2156 2
-70.5 -0.3689 1.0418 0.2133 2
-70.0 -0.3768 1.0353 0.2110 2
-69.5 -0.3846 1.0286 0.2088 2
-69.0 -0.3922 1.0218 0.2065 2
-68.5 -0.3998 1.0149 0.2042 2
-68.0 -0.4072 1.0079 0.2019 2
-67.5 -0.4145 1.0007 0.1996 2
-67.0 -0.4217 0.9934 0.1973 2
-66.5 -0.4287 0.9860 0.1950 2
-66.0 -0.4356 0.9784 0.1927 2
-65.5 -0.4424 0.9708 0.1903 2
-65.0 -0.4491 0.9630 0.1880 2
-64.5 -0.4556 0.9551 0.1857 2
-64.0 -0.4619 0.9471 0.1834 2
-63.5 -0.4682 0.9390 0.1811 2
-63.0 -0.4742 0.9308 0.1787 2
-62.5 -0.4802 0.9224 0.1764 2
-62.0 -0.4860 0.9140 0.1741 2
-61.5 -0.4916 0.9055 0.1718 2
-61.0 -0.4971 0.8968 0.1695 2
-60.5 -0.5025 0.8881 0.1671 2
-60.0 -0.5077 0.8793 0.1648 2
-59.5 -0.5127 0.8704 0.1625 2
-59.0 -0.5176 0.8614 0.1602 2
-58.5 -0.5223 0.8523 0.1579 2
-58.0 -0.5269 0.8432 0.1556 2
-57.5 -0.5313 0.8339 0.1533 2
-57.0 -0.5355 0.8246 0.1510 2
-56.5 -0.5396 0.8152 0.1487 2
-56.0 -0.5435 0.8058 0.1464 2
-55.5 -0.5473 0.7963 0.1442 2
-55.0 -0.5508 0.7867 0.1419 2
-54.5 -0.5543 0.7770 0.1396 2
-54.0 -0.5575 0.7673 0.1374 2
-53.5 -0.5606 0.7576 0.1351 2
-53.0 -0.5635 0.7478 0.1329 2
-52.5 -0.5662 0.7379 0.1306 2
-52.0 -0.5688 0.7280 0.1284 2
-51.5 -0.5712 0.7181 0.1262 2
-51.0 -0.5734 0.7081 0.1240 2
-50.5 -0.5754 0.6981 0.1218 2
-50.0 -0.5773 0.6880 0.1196 2
-49.5 -0.5790 0.6779 0.1174 2
-49.0 -0.5805 0.6678 0.1152 2
-48.5 -0.5818 0.6576 0.1130 2
-48.0 -0.5830 0.6475 0.1109 2
-47.5 -0.5840 0.6373 0.1088 2
-47.0 -0.5848 0.6271 0.1066 2
-46.5 -0.5854 0.6169 0.1045 2
-46.0 -0.5858 0.6067 0.1024 2
-45.5 -0.5861 0.5964 0.1003 2
-45.0 -0.5862 0.5862 0.0983 2
-44.5 -0.5861 0.5760 0.0962 2
-44.0 -0.5858 0.5657 0.0941 2
-43.5 -0.5854 0.5555 0.0921 2
-43.0 -0.5848 0.5453 0.0901 2
-42.5 -0.5840 0.5351 0.0881 2
-42.0 -0.5830 0.5249 0.0861 2
-41.5 -0.5818 0.5148 0.0841 2
-41.0 -0.5805 0.5046 0.0822 2
-40.5 -0.5790 0.4945 0.0802 2
-40.0 -0.5773 0.4844 0.0783 2
-39.5 -0.5754 0.4743 0.0764 2
-39.0 -0.5734 0.4643 0.0745 2
-38.5 -0.5712 0.4543 0.0726 2
-38.0 -0.5688 0.4444 0.0708 2
-37.5 -0.5662 0.4345 0.0689 2
-37.0 -0.5635 0.4246 0.0671 2
-36.5 -0.5606 0.4148 0.0653 2
-36.0 -0.5575 0.4051 0.0636 2
-35.5 -0.5543 0.3954 0.0618 2
-35.0 -0.5508 0.3857 0.0601 2
-34.5 -0.5473 0.3761 0.0583 2
-34.0 -0.5435 0.3666 0.0566 2
-33.5 -0.5396 0.3572 0.0549 2
-33.0 -0.5355 0.3478 0.0533 2
-32.5 -0.5313 0.3385 0.0517 2
-32.0 -0.5269 0.3292 0.0500 2
-31.5 -0.5223 0.3201 0.0484 2
-31.0 -0.5176 0.3110 0.0469 2
-30.5 -0.5127 0.3020 0.0453 2
-30.0 -0.5077 0.2931 0.0438 2
-29.5 -0.5025 0.2843 0.0423 2
-29.0 -0.4971 0.2756 0.0408 2
-28.5 -0.4916 0.2669 0.0393 2
-28.0 -0.4860 0.2584 0.0379 2
-27.5 -0.4802 0.2500 0.0365 2
-27.0 -0.4742 0.2416 0.0351 2
-26.5 -0.4682 0.2334 0.0337 2
-26.0 -0.4619 0.2253 0.0324 2
-25.5 -0.4556 0.2173 0.0311 2
-25.0 -0.4491 0.2094 0.0298 2
-24.5 -0.4424 0.2016 0.0285 2
-24.0 -0.4356 0.1940 0.0273 2
-23.5 -0.4287 0.1864 0.0260 2
-23.0 -0.4217 0.1790 0.0248 2
-22.5 -0.4145 0.1717 0.0237 2
-22.0 -0.4072 0.1645 0.0225 2
-21.5 -0.3998 0.1575 0.0214 2
-21.0 -0.3922 0.1506 0.0203 2
-20.5 -0.3846 0.1438 0.0193 2
-20.0 -0.3768 0.1371 0.0182 2
-19.5 -0.3689 0.1306 0.0172 2
-19.0 -0.3609 0.1243 0.0162 2
-18.5 -0.3528 0.1180 0.0153 2
-18.0 -0.3446 0.1120 0.0144 2
-17.5 -0.3384 0.1062 0.0135 2
-17.0 -0.3365 0.1012 0.0129 2
-16.5 -0.3387 0.0967 0.0124 2
-16.0 -0.3448 0.0928 0.0121 2
-15.5 -0.3546 0.0894 0.0118 2
-15.0 -0.3677 0.0866 0.0117 2
-14.5 -0.3839 0.0843 0.0115 2
-14.0 -0.4026 0.0824 0.0115 2
-13.5 -0.4234 0.0809 0.0114 2
-13.0 -0.4458 0.0797 0.0113 2
-12.5 -0.4692 0.0789 0.0112 2
-12.0 -0.4932 0.0782 0.0110 2
-11.5 -0.5171 0.0777 0.0108 2
-11.0 -0.5403 0.0773 0.0105 2
-10.5 -0.5623 0.0770 0.0100 2
-10.0 -0.5826 0.0766 0.0095 2
-9.5 -0.6007 0.0762 0.0090 2
-9.0 -0.6161 0.0757 0.0083 2
-8.5 -0.6283 0.0750 0.0075 2
-8.0 -0.6370 0.0741 0.0067 2
-7.5 -0.6418 0.0729 0.0058 2
-7.0 -0.6427 0.0715 0.0048 2
-6.5 -0.6392 0.0698 0.0039 2
-6.0 -0.6314 0.0679 0.0029 0
-5.5 -0.6120 0.0607 0.0020 0
-5.0 -0.5888 0.0547 0.0036 0
-4.5 -0.5625 0.0490 0.0062 0
-4.0 -0.5347 0.0441 0.0089 0
-3.5 -0.5064 0.0396 0.0126 0
-3.0 -0.4655 0.0349 0.0162 0
-2.5 -0.4105 0.0302 0.0188 0
-2.0 -0.3537 0.0245 0.0220 0
-1.5 -0.3027 0.0210 0.0247 0
-1.0 -0.2487 0.0186 0.0269 0
-0.5 0.0904 0.0140 -0.0319 0
0.0 0.1436 0.0151 -0.0303 0
0.5 0.1938 0.0167 -0.0282 0
1.0 0.2487 0.0186 -0.0269 0
1.5 0.3027 0.0210 -0.0247 0
2.0 0.3519 0.0245 -0.0219 0
2.5 0.3543 0.0283 -0.0189 1
3.0 0.3138 0.0293 -0.0171 1
3.5 0.2877 0.0304 -0.0160 1
4.0 0.2706 0.0317 -0.0154 1
4.5 0.2596 0.0332 -0.0151 1
5.0 0.2527 0.0349 -0.0150 1
5.5 0.2488 0.0367 -0.0151 1
6.0 0.2473 0.0388 -0.0153 1
6.5 0.2474 0.0409 -0.0156 1
7.0 0.2489 0.0433 -0.0160 1
7.5 0.2515 0.0458 -0.0165 1
8.0 0.2549 0.0485 -0.0170 1
8.5 0.2591 0.0514 -0.0176 1
9.0 0.2638 0.0545 -0.0182 1
9.5 0.2689 0.0577 -0.0189 1
10.0 0.2745 0.0610 -0.0197 1
10.5 0.2804 0.0646 -0.0205 1
11.0 0.2865 0.0683 -0.0213 1
11.5 0.2929 0.0722 -0.0221 1
12.0 0.2994 0.0762 -0.0230 1
12.5 0.3061 0.0804 -0.0239 1
13.0 0.3129 0.0848 -0.0249 1
13.5 0.3198 0.0893 -0.0259 1
14.0 0.3268 0.0939 -0.0269 1
14.5 0.3338 0.0988 -0.0279 1
15.0 0.3409 0.1037 -0.0290 1
15.5 0.3480 0.1089 -0.0300 1
16.0 0.3551 0.1142 -0.0311 1
16.5 0.3622 0.1196 -0.0323 1
17.0 0.3692 0.1252 -0.0334 1
17.5 0.3763 0.1309 -0.0346 1
18.0 0.3833 0.1368 -0.0358 1
18.5 0.3903 0.1428 -0.0371 1
19.0 0.3973 0.1489 -0.0383 1
19.5 0.4042 0.1552 -0.0396 1
20.0 0.4110 0.1617 -0.0409 1
20.5 0.4178 0.1682 -0.0422 1
21.0 0.4245 0.1749 -0.0435 1
21.5 0.4311 0.1818 -0.0449 1
22.0 0.4376 0.1887 -0.0462 1
22.5 0.4441 0.1958 -0.0476 1
23.0 0.4504 0.2030 -0.0490 1
23.5 0.4567 0.2103 -0.0505 1
24.0 0.4628 0.2178 -0.0519 1
24.5 0.4689 0.2254 -0.0534 1
25.0 0.4748 0.2330 -0.0549 1
25.5 0.4806 0.2408 -0.0564 1
26.0 0.4864 0.2488 -0.0579 1
26.5 0.4919 0.2568 -0.0595 1
27.0 0.4974 0.2649 -0.0610 1
27.5 0.5028 0.2731 -0.0626 1
28.0 0.5080 0.2814 -0.0642 1
28.5 0.5131 0.2899 -0.0658 1
29.0 0.5180 0.2984 -0.0674 1
29.5 0.5229 0.3070 -0.0691 1
30.0 0.5275 0.3157 -0.0707 1
30.5 0.5321 0.3245 -0.0724 1
31.0 0.5365 0.3334 -0.0741 1
31.5 0.5407 0.3423 -0.0758 1
32.0 0.5449 0.3514 -0.0775 1
32.5 0.5488 0.3605 -0.0792 1
33.0 0.5526 0.3697 -0.0810 1
33.5 0.5563 0.3789 -0.0827 1
34.0 0.5598 0.3882 -0.0845 1
34.5 0.5632 0.3976 -0.0863 1
35.0 0.5664 0.4071 -0.0881 1
35.5 0.5694 0.4166 -0.0899 1
36.0 0.5723 0.4262 -0.0917 1
36.5 0.5750 0.4358 -0.0935 1
37.0 0.5775 0.4455 -0.0954 1
37.5 0.5799 0.4552 -0.0972 1
38.0 0.5822 0.4649 -0.0991 1
38.5 0.5842 0.4748 -0.1010 1
39.0 0.5861 0.4846 -0.1029 1
39.5 0.5878 0.4945 -0.1048 1
40.0 0.5894 0.5044 -0.1067 1
40.5 0.5908 0.5143 -0.1086 1
41.0 0.5920 0.5243 -0.1105 1
41.5 0.5930 0.5343 -0.1125 1
42.0 0.5939 0.5443 -0.1144 1
42.5 0.5946 0.5543 -0.1164 1
43.0 0.5952 0.5644 -0.1183 1
43.5 0.5955 0.5744 -0.1203 1
44.0 0.5957 0.5845 -0.1223 1
44.5 0.5957 0.5946 -0.1243 1
45.0 0.5956 0.6047 -0.1263 1
45.5 0.5952 0.6147 -0.1283 1
46.0 0.5947 0.6248 -0.1303 1
46.5 0.5941 0.6348 -0.1323 1
47.0 0.5932 0.6449 -0.1343 1
47.5 0.5922 0.6549 -0.1363 1
48.0 0.5910 0.6649 -0.1384 1
48.5 0.5896 0.6749 -0.1404 1
49.0 0.5881 0.6849 -0.1424 1
49.5 0.5863 0.6948 -0.1445 1
50.0 0.5844 0.7048 -0.1465 1
50.5 0.5824 0.7146 -0.1486 1
51.0 0.5801 0.7245 -0.1506 1
51.5 0.5777 0.7343 -0.1527 1
52.0 0.5752 0.7441 -0.1547 1
52.5 0.5724 0.7538 -0.1568 1
53.0 0.5695 0.7635 -0.1589 1
53.5 0.5664 0.7731 -0.1609 1
54.0 0.5632 0.7827 -0.1630 1
54.5 0.5598 0.7922 -0.1650 1
55.0 0.5562 0.8017 -0.1671 1
55.5 0.5524 0.8111 -0.1692 1
56.0 0.5485 0.8204 -0.1712 1
56.5 0.5444 0.8296 -0.1733 1
57.0 0.5402 0.8388 -0.1754 1
57.5 0.5358 0.8480 -0.1774 1
58.0 0.5313 0.8570 -0.1795 1
58.5 0.5266 0.8660 -0.1816 1
59.0 0.5217 0.8748 -0.1836 1
59.5 0.5167 0.8836 -0.1857 1
60.0 0.5115 0.8923 -0.1877 1
60.5 0.5062 0.9010 -0.1898 1
61.0 0.5007 0.9095 -0.1918 1
61.5 0.4951 0.9179 -0.1939 1
62.0 0.4893 0.9262 -0.1959 1
62.5 0.4834 0.9345 -0.1979 1
63.0 0.4773 0.9426 -0.2000 1
63.5 0.4711 0.9506 -0.2020 1
64.0 0.4648 0.9585 -0.2040 1
64.5 0.4583 0.9663 -0.2060 1
65.0 0.4517 0.9740 -0.2080 1
65.5 0.4449 0.9816 -0.2100 1
66.0 0.4380 0.9891 -0.2120 1
66.5 0.4310 0.9964 -0.2140 1
67.0 0.4239 1.0036 -0.2160 1
67.5 0.4166 1.0107 -0.2180 1
68.0 0.4092 1.0177 -0.2199 1
68.5 0.4017 1.0245 -0.2219 1
69.0 0.3941 1.0312 -0.2238 1
69.5 0.3863 1.0377 -0.2258 1
70.0 0.3785 1.0442 -0.2277 1
70.5 0.3705 1.0505 -0.2296 1
71.0 0.3624 1.0566 -0.2315 1
71.5 0.3542 1.0626 -0.2334 1
72.0 0.3459 1.0685 -0.2353 1
72.5 0.3375 1.0742 -0.2372 1
73.0 0.3290 1.0798 -0.2390 1
73.5 0.3204 1.0852 -0.2409 1
74.0 0.3117 1.0905 -0.2427 1
74.5 0.3029 1.0956 -0.2446 1
75.0 0.2940 1.1006 -0.2464 1
75.5 0.2851 1.1054 -0.2482 1
76.0 0.2760 1.1101 -0.2500 1
76.5 0.2669 1.1146 -0.2517 1
77.0 0.2577 1.1189 -0.2535 1
77.5 0.2484 1.1231 -0.2552 1
78.0 0.2390 1.1271 -0.2570 1
78.5 0.2296 1.1310 -0.2587 1
79.0 0.2201 1.1347 -0.2604 1
79.5 0.2105 1.1382 -0.2620 1
80.0 0.2009 1.1416 -0.2637 1
80.5 0.1912 1.1448 -0.2654 1
81.0 0.1815 1.1478 -0.2670 1
81.5 0.1717 1.1506 -0.2686 1
82.0 0.1618 1.1533 -0.2702 1
82.5 0.1519 1.1558 -0.2718 1
83.0 0.1420 1.1582 -0.2733 1
83.5 0.1320 1.1603 -0.2749 1
84.0 0.1220 1.1623 -0.2764 1
84.5 0.1120 1.1641 -0.2779 1
85.0 0.1019 1.1658 -0.2794 1
85.5 0.0918 1.1672 -0.2809 1
86.0 0.0816 1.1685 -0.2823 1
86.5 0.0715 1.1696 -0.2837 1
87.0 0.0613 1.1706 -0.2851 1
87.5 0.0511 1.1713 -0.2865 1
88.0 0.0409 1.1719 -0.2879 1
88.5 0.0307 1.1723 -0.2892 1
89.0 0.0205 1.1725 -0.2905 1
89.5 0.0102 1.1725 -0.2918 1
90.0 0.0000 1.1724 -0.2931 1
90.5 -0.0072 1.1725 -0.2948 3
91.0 -0.0143 1.1725 -0.2964 3
91.5 -0.0215 1.1723 -0.2980 3
92.0 -0.0286 1.1719 -0.2996 3
92.5 -0.0358 1.1713 -0.3011 3
93.0 -0.0429 1.1706 -0.3026 3
93.5 -0.0500 1.1696 -0.3040 3
94.0 -0.0572 1.1685 -0.3054 3
94.5 -0.0642 1.1672 -0.3068 3
95.0 -0.0713 1.1658 -0.3081 3
95.5 -0.0784 1.1641 -0.3094 3
96.0 -0.0854 1.1623 -0.3106 3
96.5 -0.0924 1.1603 -0.3118 3
97.0 -0.0994 1.1582 -0.3130 3
97.5 -0.1064 1.1558 -0.3141 3
98.0 -0.1133 1.1533 -0.3152 3
98.5 -0.1202 1.1506 -0.3162 3
99.0 -0.1270 1.1478 -0.3172 3
99.5 -0.1338 1.1448 -0.3182 3
100.0 -0.1406 1.1416 -0.3191 3
100.5 -0.1474 1.1382 -0.3199 3
101.0 -0.1541 1.1347 -0.3207 3
101.5 -0.1607 1.1310 -0.3215 3
102.0 -0.1673 1.1271 -0.3222 3
102.5 -0.1739 1.1231 -0.3229 3
103.0 -0.1804 1.1189 -0.3235 3
103.5 -0.1868 1.1146 -0.3241 3
104.0 -0.1932 1.1101 -0.3247 3
104.5 -0.1995 1.1054 -0.3252 3
105.0 -0.2058 1.1006 -0.3256 3
105.5 -0.2120 1.0956 -0.3260 3
106.0 -0.2182 1.0905 -0.3264 3
106.5 -0.2243 1.0852 -0.3267 3
107.0 -0.2303 1.0798 -0.3269 3
107.5 -0.2362 1.0742 -0.3271 3
108.0 -0.2421 1.0685 -0.3273 3
108.5 -0.2479 1.0626 -0.3274 3
109.0 -0.2537 1.0566 -0.3275 3
109.5 -0.2593 1.0505 -0.3275 3
110.0 -0.2649 1.0442 -0.3275 3
110.5 -0.2704 1.0377 -0.3274 3
111.0 -0.2758 1.0312 -0.3273 3
111.5 -0.2812 1.0245 -0.3271 3
112.0 -0.2865 1.0177 -0.3269 3
112.5 -0.2916 1.0107 -0.3267 3
113.0 -0.2967 1.0036 -0.3264 3
113.5 -0.3017 0.9964 -0.3260 3
114.0 -0.3066 0.9891 -0.3256 3
114.5 -0.3114 0.9816 -0.3252 3
115.0 -0.3162 0.9740 -0.3247 3
115.5 -0.3208 0.9663 -0.3241 3
116.0 -0.3253 0.9585 -0.3236 3
116.5 -0.3298 0.9506 -0.3229 3
117.0 -0.3341 0.9426 -0.3223 3
117.5 -0.3384 0.9345 -0.3215 3
118.0 -0.3425 0.9262 -0.3208 3
118.5 -0.3465 0.9179 -0.3200 3
119.0 -0.3505 0.9095 -0.3191 3
119.5 -0.3543 0.9010 -0.3182 3
120.0 -0.3580 0.8923 -0.3173 3
120.5 -0.3617 0.8836 -0.3163 3
121.0 -0.3652 0.8748 -0.3153 3
121.5 -0.3686 0.8660 -0.3142 3
122.0 -0.3719 0.8570 -0.3131 3
122.5 -0.3751 0.8480 -0.3119 3
123.0 -0.3781 0.8388 -0.3107 3
123.5 -0.3811 0.8296 -0.3095 3
124.0 -0.3840 0.8204 -0.3082 3
124.5 -0.3867 0.8111 -0.3069 3
125.0 -0.3893 0.8017 -0.3056 3
125.5 -0.3918 0.7922 -0.3042 3
126.0 -0.3942 0.7827 -0.3027 3
126.5 -0.3965 0.7731 -0.3012 3
127.0 -0.3987 0.7635 -0.2997 3
127.5 -0.4007 0.7538 -0.2982 3
128.0 -0.4026 0.7441 -0.2966 3
128.5 -0.4044 0.7343 -0.2950 3
129.0 -0.4061 0.7245 -0.2933 3
129.5 -0.4077 0.7146 -0.2916 3
130.0 -0.4091 0.7048 -0.2899 3
130.5 -0.4104 0.6948 -0.2882 3
131.0 -0.4116 0.6849 -0.2864 3
131.5 -0.4127 0.6749 -0.2845 3
132.0 -0.4137 0.6649 -0.2827 3
132.5 -0.4145 0.6549 -0.2808 3
133.0 -0.4152 0.6449 -0.2789 3
133.5 -0.4158 0.6348 -0.2769 3
134.0 -0.4163 0.6248 -0.2749 3
134.5 -0.4167 0.6147 -0.2729 3
135.0 -0.4169 0.6047 -0.2709 3
135.5 -0.4170 0.5946 -0.2688 3
136.0 -0.4170 0.5845 -0.2667 3
136.5 -0.4169 0.5744 -0.2646 3
137.0 -0.4166 0.5644 -0.2624 3
137.5 -0.4162 0.5543 -0.2603 3
138.0 -0.4157 0.5443 -0.2581 3
138.5 -0.4151 0.5343 -0.2558 3
139.0 -0.4144 0.5243 -0.2536 3
139.5 -0.4135 0.5143 -0.2513 3
140.0 -0.4126 0.5044 -0.2490 3
140.5 -0.4115 0.4945 -0.2467 3
141.0 -0.4103 0.4846 -0.2443 3
141.5 -0.4089 0.4748 -0.2420 3
142.0 -0.4075 0.4649 -0.2396 3
142.5 -0.4059 0.4552 -0.2372 3
143.0 -0.4043 0.4455 -0.2347 3
143.5 -0.4025 0.4358 -0.2323 3
144.0 -0.4006 0.4262 -0.2298 3
144.5 -0.3986 0.4166 -0.2273 3
145.0 -0.3964 0.4071 -0.2248 3
145.5 -0.3942 0.3976 -0.2223 3
146.0 -0.3919 0.3882 -0.2198 3
146.5 -0.3894 0.3789 -0.2172 3
147.0 -0.3868 0.3697 -0.2147 3
147.5 -0.3842 0.3605 -0.2121 3
148.0 -0.3814 0.3514 -0.2095 3
148.5 -0.3785 0.3423 -0.2069 3
149.0 -0.3755 0.3334 -0.2043 3
149.5 -0.3725 0.3245 -0.2017 3
150.0 -0.3693 0.3157 -0.1990 3
150.5 -0.3660 0.3070 -0.1964 3
151.0 -0.3626 0.2984 -0.1937 3
151.5 -0.3592 0.2899 -0.1910 3
152.0 -0.3556 0.2814 -0.1884 3
152.5 -0.3519 0.2731 -0.1857 3
153.0 -0.3482 0.2649 -0.1830 3
153.5 -0.3444 0.2568 -0.1803 3
154.0 -0.3404 0.2488 -0.1775 3
154.5 -0.3364 0.2408 -0.1748 3
155.0 -0.3324 0.2330 -0.1721 3
155.5 -0.3282 0.2254 -0.1694 3
156.0 -0.3240 0.2178 -0.1666 3
156.5 -0.3197 0.2103 -0.1639 3
157.0 -0.3153 0.2030 -0.1612 3
157.5 -0.3108 0.1958 -0.1584 3
158.0 -0.3063 0.1887 -0.1557 3
158.5 -0.3018 0.1818 -0.1529 3
159.0 -0.2971 0.1749 -0.1502 3
159.5 -0.2924 0.1682 -0.1475 3
160.0 -0.2877 0.1617 -0.1447 3
160.5 -0.2829 0.1552 -0.1420 3
161.0 -0.2781 0.1489 -0.1393 3
161.5 -0.2732 0.1428 -0.1366 3
162.0 -0.2683 0.1368 -0.1339 3
162.5 -0.2634 0.1309 -0.1312 3
163.0 -0.2585 0.1252 -0.1285 3
163.5 -0.2535 0.1196 -0.1258 3
164.0 -0.2485 0.1142 -0.1232 3
164.5 -0.2436 0.1089 -0.1205 3
165.0 -0.2386 0.1037 -0.1179 3
165.5 -0.2337 0.0988 -0.1154 3
166.0 -0.2287 0.0939 -0.1128 3
166.5 -0.2239 0.0893 -0.1103 3
167.0 -0.2190 0.0848 -0.1078 3
167.5 -0.2143 0.0804 -0.1054 3
168.0 -0.2096 0.0762 -0.1031 3
168.5 -0.2050 0.0722 -0.1008 3
169.0 -0.2006 0.0683 -0.0985 3
169.5 -0.1963 0.0646 -0.0964 3
170.0 -0.1922 0.0610 -0.0944 3
170.5 -0.1883 0.0577 -0.0924 3
171.0 -0.1846 0.0545 -0.0907 3
171.5 -0.1814 0.0514 -0.0891 3
172.0 -0.1785 0.0485 -0.0877 3
172.5 -0.1761 0.0458 -0.0865 3
173.0 -0.1743 0.0433 -0.0857 3
173.5 -0.1732 0.0409 -0.0852 3
174.0 -0.1731 0.0388 -0.0852 3
174.5 -0.1742 0.0367 -0.0858 3
175.0 -0.1769 0.0349 -0.0871 3
175.5 -0.1817 0.0332 -0.0896 3
176.0 -0.1894 0.0317 -0.0935 3
176.5 -0.2014 0.0304 -0.0995 3
177.0 -0.2196 0.0293 -0.1086 3
177.5 -0.2480 0.0283 -0.1228 3
178.0 -0.2463 0.0245 -0.1221 3
178.5 -0.2119 0.0210 -0.1053 3
179.0 -0.1741 0.0186 -0.0867 3
179.5 -0.1357 0.0167 -0.0677 3
180.0 -0.1005 0.0151 -0.0503 3
