alpha phin
-6.00 nan
-5.75 nan
-5.50 nan
-5.25 nan
-5.00 nan
-4.75 nan
-4.50 nan
-4.25 nan
-4.00 nan
-3.75 27.603
-3.50 19.161
-3.25 14.215
-3.00 11.166
-2.75 9.394
-2.50 7.886
-2.25 6.835
-2.00 6.048
-1.75 5.397
-1.50 4.796
-1.25 4.425
-1.00 4.074
-0.75 3.776
-0.50 3.465
-0.25 3.266
0.00 3.002
0.25 2.786
0.50 2.651
0.75 2.559
1.00 2.458
1.25 2.362
1.50 2.313
1.75 2.254
2.00 2.179
2.25 2.138
2.50 2.105
2.75 2.025
3.00 2.023
3.25 2.005
3.50 1.977
3.75 1.951
4.00 1.955
4.25 1.913
4.50 1.916
4.75 1.916
5.00 1.877
5.25 1.911
5.50 1.908
5.75 1.887
6.00 1.939
6.25 1.928
6.50 1.975
6.75 1.982
7.00 2.006
7.25 1.970
7.50 2.047
7.75 2.098
8.00 2.188
8.25 2.104
8.50 2.244
8.75 2.221
9.00 2.312
9.25 2.374
9.50 2.447
9.75 2.328
10.00 2.394
10.25 2.518
10.50 2.625
10.75 2.772
11.00 2.776
11.25 2.806
11.50 2.844
11.75 2.995
12.00 3.091
12.25 3.152
12.50 3.182
12.75 3.227
13.00 3.322
13.25 3.461
13.50 3.553
13.75 3.683
14.00 3.845
14.25 4.009
14.50 4.191
14.75 4.365
15.00 4.535
15.25 4.699
15.50 4.851
15.75 4.981
16.00 5.118
