x cf H
0.00142 0.011807 2.2295
0.00051 0.029079 2.2198
0.00099 0.071021 2.3227
0.00195 0.066640 2.3434
0.00314 0.061778 2.3638
0.00457 0.056861 2.3833
0.00625 0.052130 2.4018
0.00820 0.047710 2.4191
0.01047 0.043644 2.4353
0.01309 0.039939 2.4501
0.01610 0.036573 2.4638
0.01960 0.033519 2.4764
0.02364 0.030741 2.4879
0.02834 0.028208 2.4984
0.03381 0.025889 2.5083
0.04017 0.023758 2.5177
0.04752 0.021791 2.5271
0.05593 0.019967 2.5371
0.06541 0.018266 2.5484
0.07588 0.016663 2.5621
0.08722 0.015133 2.5793
0.09929 0.013647 2.6018
0.11194 0.012172 2.6314
0.12505 0.010673 2.6714
0.13854 0.009119 2.7261
0.15233 0.007484 2.8022
0.16636 0.005759 2.9102
0.18060 0.003974 3.0653
0.19502 0.002222 3.2891
0.20960 0.000674 3.6086
0.22430 -0.000450 4.0482
0.23912 -0.001008 4.6127
0.25405 -0.001112 5.3067
0.26906 -0.001046 6.1357
0.28416 -0.000972 7.1001
0.29932 -0.000922 8.1994
0.31455 -0.000890 9.4332
0.32984 -0.000869 10.8021
0.34518 -0.000856 12.3071
0.36058 -0.000847 13.9499
0.37606 -0.000843 15.7341
0.39164 -0.000841 17.6641
0.40741 -0.000842 19.7579
0.42343 -0.000845 21.9588
0.43957 -0.000848 24.2456
0.45579 -0.000853 26.6134
0.47205 -0.000857 29.0558
0.48834 -0.000863 31.5677
0.50464 -0.000868 34.1442
0.52096 -0.000874 36.7804
0.53728 -0.000879 39.4704
0.55361 -0.000885 42.2079
0.56993 -0.000891 44.9858
0.58626 -0.000896 47.7960
0.60258 -0.000901 50.6293
0.61890 -0.000906 53.4752
0.63521 -0.000910 56.3217
0.65151 -0.000914 59.1549
0.66780 -0.000917 61.9580
0.68407 -0.000920 64.7097
0.70033 -0.000922 67.3798
0.71657 -0.000922 69.9207
0.73280 -0.000343 31.3272
0.74900 -0.000283 23.6727
0.76518 -0.000229 19.9936
0.78133 -0.000196 17.7763
0.79746 -0.000172 16.2763
0.81356 -0.000155 15.1791
0.82963 -0.000141 14.3411
0.84567 -0.000130 13.6810
0.86166 -0.000121 13.1489
0.87761 -0.000113 12.7124
0.89349 -0.000106 12.3493
0.90927 -0.000100 12.0441
0.92487 -0.000095 11.7857
0.94018 -0.000091 11.5660
0.95495 -0.000087 11.3798
0.96881 -0.000084 11.2234
0.98134 -0.000081 11.0945
0.99221 -0.000079 10.9881
1.00025 -0.000077 10.9141
