x cf H
0.00273 0.026548 2.2295
0.00178 0.070746 2.2129
0.00103 0.108395 2.2422
0.00053 0.102113 2.6302
0.00123 0.023491 3.2587
0.00218 -0.009277 4.5670
0.00338 -0.009034 6.5248
0.00486 -0.007636 9.0833
0.00670 -0.006947 12.2160
0.00902 -0.006507 15.9376
0.01205 -0.006148 20.2790
0.01618 -0.005786 25.2151
0.02187 -0.005376 30.4570
0.02926 -0.004928 35.2728
0.03776 -0.004502 39.0253
0.04672 -0.004136 41.7100
0.05581 -0.003830 43.6023
0.06496 -0.003574 44.9447
0.07413 -0.003358 45.9015
0.08331 -0.003172 46.5804
0.09250 -0.003010 47.0536
0.10170 -0.002868 47.3707
0.11091 -0.002743 47.5671
0.12014 -0.002631 47.6682
0.12937 -0.002530 47.6933
0.13861 -0.002438 47.6567
0.14787 -0.002355 47.5696
0.15713 -0.002279 47.4406
0.16640 -0.002209 47.2765
0.17568 -0.002144 47.0827
0.18497 -0.002084 46.8633
0.19427 -0.002028 46.6218
0.20358 -0.001976 46.3608
0.21289 -0.001927 46.0826
0.22221 -0.001881 45.7886
0.23154 -0.001838 45.4801
0.24088 -0.001797 45.1579
0.25022 -0.001758 44.8228
0.25957 -0.001721 44.4749
0.26892 -0.001686 44.1143
0.27829 -0.001653 43.7407
0.28765 -0.001621 43.3539
0.29703 -0.001591 42.9530
0.30641 -0.001561 42.5372
0.31579 -0.001533 42.1051
0.32518 -0.001506 41.6551
0.33457 -0.001480 41.1852
0.34397 -0.001455 40.6929
0.35337 -0.001430 40.1745
0.36278 -0.001406 39.6256
0.37219 -0.001383 39.0398
0.38160 -0.001360 38.4066
0.39102 -0.001337 37.7083
0.40044 -0.000495 25.7692
0.40986 -0.000481 18.4562
0.41929 -0.000470 14.8287
0.42871 -0.000435 12.5608
0.43814 -0.000381 10.9722
0.44757 -0.000341 9.7809
0.45700 -0.000310 8.8462
0.46644 -0.000286 8.0954
0.47587 -0.000267 7.4743
0.48530 -0.000252 6.9491
0.49474 -0.000239 6.4989
0.50417 -0.000228 6.1085
0.51361 -0.000218 5.7668
0.52304 -0.000207 5.4655
0.53248 -0.000195 5.1979
0.54191 -0.000180 4.9589
0.55134 -0.000162 4.7445
0.56077 -0.000140 4.5515
0.57020 -0.000115 4.3771
0.57963 -0.000088 4.2192
0.58905 -0.000059 4.0762
0.59847 -0.000029 3.9466
0.60789 0.000001 3.8294
0.61731 0.000030 3.7240
0.62672 0.000058 3.6299
0.63613 0.000083 3.5467
0.64554 0.000106 3.4744
0.65494 0.000126 3.4125
0.66434 0.000144 3.3588
0.67374 0.000159 3.3119
0.68313 0.000171 3.2712
0.69251 0.000182 3.2360
0.70189 0.000190 3.2060
0.71126 0.000201 3.1808
0.72063 0.000211 3.1599
0.73000 0.000218 3.1431
0.73935 0.000223 3.1302
0.74870 0.000226 3.1208
0.75805 0.000226 3.1148
0.76738 0.000225 3.1120
0.77671 0.000221 3.1123
0.78604 0.000216 3.1155
0.79535 0.000209 3.1215
0.80466 0.000201 3.1301
0.81395 0.000191 3.1414
0.82324 0.000180 3.1553
0.83252 0.000168 3.1716
0.84177 0.000155 3.1904
0.85097 0.000142 3.2115
0.85998 0.000127 3.2356
0.86892 0.000113 3.2643
0.87782 0.000102 3.2974
0.88670 0.000091 3.3356
0.89555 0.000079 3.3794
0.90438 0.000067 3.4284
0.91319 0.000055 3.4820
0.92197 0.000044 3.5397
0.93073 0.000033 3.6008
0.93945 0.000022 3.6648
0.94815 0.000013 3.7313
0.95682 0.000004 3.7999
0.96544 -0.000004 3.8699
0.97396 -0.000012 3.9406
0.98222 -0.000018 4.0101
0.98977 -0.000023 4.0743
0.99595 -0.000026 4.1271
1.00000 -0.000029 4.1662
