alpha cl cd cm ld phi
-6.00 -0.6328 0.06786 -0.0004 -9.33 nan
-5.75 -0.6228 0.06413 0.0011 -9.71 nan
-5.50 -0.6118 0.06078 0.0027 -10.07 nan
-5.25 -0.6002 0.05774 0.0025 -10.39 nan
-5.00 -0.5888 0.05471 0.0036 -10.76 nan
-4.75 -0.5752 0.05162 0.0046 -11.14 nan
-4.50 -0.5625 0.04904 0.0062 -11.47 nan
-4.25 -0.5487 0.04650 0.0074 -11.80 nan
-4.00 -0.5347 0.04408 0.0089 -12.13 nan
-3.75 -0.5198 0.04152 0.0103 -12.52 nan
-3.50 -0.5059 0.03935 0.0126 -12.86 nan
-3.25 -0.4930 0.03719 0.0148 -13.26 nan
-3.00 -0.4812 0.03531 0.0176 -13.63 nan
-2.75 -0.4708 0.03306 0.0210 -14.24 nan
-2.50 -0.4594 0.03149 0.0246 -14.59 nan
-2.25 -0.3830 0.02788 0.0202 -13.74 nan
-2.00 -0.3537 0.02454 0.0220 -14.41 nan
-1.75 -0.3285 0.02242 0.0234 -14.65 nan
-1.50 -0.3027 0.02102 0.0247 -14.40 nan
-1.25 -0.2758 0.01976 0.0259 -13.96 nan
-1.00 -0.2487 0.01862 0.0269 -13.36 nan
-0.75 -0.2221 0.01757 0.0277 -12.64 nan
-0.50 -0.1962 0.01676 0.0286 -11.71 nan
-0.25 -0.1704 0.01597 0.0296 -10.67 nan
0.00 -0.1459 0.01516 0.0308 -9.62 nan
0.25 -0.1215 0.01461 0.0320 -8.32 nan
0.50 -0.0904 0.01402 0.0319 -6.45 nan
0.75 0.2221 0.01757 -0.0277 12.64 4.523
1.00 0.2487 0.01862 -0.0269 13.36 4.282
1.25 0.2758 0.01976 -0.0259 13.96 4.098
1.50 0.3027 0.02102 -0.0247 14.40 3.972
1.75 0.3285 0.02242 -0.0234 14.65 3.904
2.00 0.3537 0.02455 -0.0220 14.41 3.970
2.25 0.3830 0.02788 -0.0202 13.74 4.163
2.50 0.4444 0.02379 -0.0231 18.68 3.064
nan nan nan nan nan nan
3.25 0.4930 0.03719 -0.0148 13.26 4.314
3.50 0.5064 0.03949 -0.0126 12.82 4.459
3.75 0.5205 0.04160 -0.0107 12.51 4.570
4.00 0.5346 0.04408 -0.0089 12.13 4.714
4.25 0.5480 0.04622 -0.0071 11.86 4.821
4.50 0.5625 0.04904 -0.0062 11.47 4.983
4.75 0.5752 0.05162 -0.0045 11.14 5.128
5.00 0.5883 0.05471 -0.0037 10.75 5.313
5.25 0.6002 0.05774 -0.0025 10.39 5.495
5.50 0.6119 0.06078 -0.0027 10.07 5.673
5.75 0.6229 0.06413 -0.0011 9.71 5.878
6.00 0.6314 0.06786 -0.0029 9.30 6.134
6.25 0.6405 0.07100 -0.0024 9.02 6.325
6.50 0.6496 0.07437 -0.0010 8.73 6.531
6.75 0.6600 0.07929 0.0024 8.32 6.850
7.00 0.6578 0.08212 -0.0039 8.01 7.116
7.25 0.6599 0.08563 -0.0061 7.71 7.394
7.50 0.6594 0.08934 -0.0076 7.38 7.716
7.75 0.6713 0.09269 -0.0044 7.24 7.861
8.00 0.6686 0.09710 -0.0050 6.89 8.263
8.25 0.6715 0.10068 -0.0055 6.67 8.527
8.50 0.6594 0.10335 -0.0086 6.38 8.908
8.75 0.6550 0.10623 -0.0114 6.17 9.212
9.00 0.6615 0.10937 -0.0107 6.05 9.388
9.25 0.6602 0.11425 -0.0103 5.78 9.818
9.50 0.6541 0.11651 -0.0137 5.61 10.100
9.75 0.6539 0.11944 -0.0151 5.47 10.351
10.00 0.6590 0.12266 -0.0167 5.37 10.544
10.25 0.6615 0.12593 -0.0173 5.25 10.778
10.50 0.6651 0.12927 -0.0175 5.15 10.999
10.75 0.6705 0.13313 -0.0169 5.04 11.230
11.00 0.6894 0.14030 -0.0149 4.91 11.503
11.25 0.6827 0.14174 -0.0185 4.82 11.729
11.50 0.6788 0.14368 -0.0211 4.72 11.951
11.75 0.6799 0.14652 -0.0227 4.64 12.161
12.00 0.6830 0.15015 -0.0222 4.55 12.399
12.25 0.6829 0.15344 -0.0244 4.45 12.663
12.50 0.6856 0.15636 -0.0259 4.38 12.847
12.75 0.6894 0.15949 -0.0266 4.32 13.026
13.00 0.6938 0.16276 -0.0278 4.26 13.202
13.25 0.6995 0.16600 -0.0290 4.21 13.350
13.50 0.7061 0.16920 -0.0297 4.17 13.475
13.75 0.7111 0.17268 -0.0302 4.12 13.649
14.00 0.7202 0.17736 -0.0298 4.06 13.835
14.25 0.7359 0.18781 -0.0273 3.92 14.317
14.50 0.7355 0.18896 -0.0298 3.89 14.408
14.75 0.7371 0.18960 -0.0326 3.89 14.425
15.00 0.7368 0.19073 -0.0350 3.86 14.513
15.25 0.7398 0.19257 -0.0371 3.84 14.590
15.50 0.7449 0.19485 -0.0391 3.82 14.659
15.75 0.7506 0.19777 -0.0405 3.80 14.761
16.00 0.7567 0.20077 -0.0418 3.77 14.860
