x cf H
0.00069 0.298550 2.3103
0.00193 0.197721 2.4699
0.00375 0.098082 2.7131
0.00624 0.041826 3.0026
0.00977 0.016088 3.2902
0.01514 0.006457 3.4900
0.02376 0.005443 3.4529
0.03583 0.008679 3.1896
0.04928 0.012352 2.9333
0.06301 0.014951 2.7617
0.07679 0.016495 2.6547
0.09061 0.017273 2.5889
0.10446 0.017551 2.5483
0.11832 0.017524 2.5233
0.13221 0.017316 2.5080
0.14612 0.017003 2.4990
0.16006 0.016631 2.4940
0.17401 0.016226 2.4919
0.18799 0.015802 2.4918
0.20198 0.015367 2.4935
0.21599 0.014926 2.4965
0.23002 0.014479 2.5007
0.24406 0.014027 2.5062
0.25812 0.013570 2.5127
0.27219 0.013106 2.5206
0.28628 0.012634 2.5296
0.30038 0.012153 2.5401
0.31449 0.011662 2.5521
0.32862 0.011159 2.5658
0.34275 0.010642 2.5814
0.35689 0.010110 2.5992
0.37105 0.009562 2.6195
0.38521 0.008996 2.6426
0.39937 0.008412 2.6690
0.41354 0.007808 2.6993
0.42772 0.007186 2.7341
0.44190 0.006545 2.7742
0.45609 0.005887 2.8203
0.47028 0.005215 2.8737
0.48447 0.004533 2.9354
0.49866 0.003848 3.0068
0.51285 0.003168 3.0895
0.52704 0.002501 3.1852
0.54123 0.001861 3.2955
0.55542 0.001260 3.4224
0.56960 0.000711 3.5676
0.58378 0.000229 3.7324
0.59795 -0.000174 3.9177
0.61212 -0.000491 4.1235
0.62628 -0.000720 4.3488
0.64043 -0.000866 4.5932
0.65458 -0.000942 4.8580
0.66872 -0.000967 5.1433
0.68284 -0.000962 5.4493
0.69696 -0.000942 5.7759
0.71106 -0.000912 6.1228
0.72515 -0.000884 6.4898
0.73922 -0.000859 6.8766
0.75329 -0.000839 7.2830
0.76733 -0.000821 7.7086
0.78136 -0.000807 8.1531
0.79538 -0.000794 8.6162
0.80937 -0.000784 9.0976
0.82335 -0.000775 9.5970
0.83729 -0.000768 10.1142
0.85114 -0.000761 10.6446
0.86467 -0.000756 11.1972
0.87807 -0.000752 11.7963
0.89141 -0.000748 12.4388
0.90470 -0.000746 13.1240
0.91794 -0.000744 13.8499
0.93111 -0.000743 14.6149
0.94423 -0.000742 15.4168
0.95728 -0.000742 16.2531
0.97020 -0.000743 17.1197
0.98270 -0.000743 17.9976
0.99344 -0.000745 18.8004
1.00000 -0.000293 19.5345
