alpha cl cd cm xtrs xtri npan dcl dcd
-6.00 -0.6903 0.03540 0.0033 1.0000 0.3871 3 0.0008 0.00007
-5.75 -0.6728 0.03408 0.0060 1.0000 0.4237 3 0.0003 0.00001
-5.50 -0.6536 0.03317 0.0091 1.0000 0.4642 3 0.0020 0.00018
-5.25 -0.6341 0.03250 0.0126 1.0000 0.5076 3 0.0010 0.00009
-5.00 -0.6149 0.03200 0.0164 1.0000 0.5528 3 0.0003 0.00003
-4.75 -0.5929 0.03186 0.0204 1.0000 0.5978 3 0.0033 0.00026
-4.50 -0.5681 0.03197 0.0244 1.0000 0.6427 3 0.0037 0.00024
-4.25 -0.5436 0.03201 0.0282 1.0000 0.6870 3 0.0006 0.00004
-4.00 -0.5043 0.03265 0.0306 1.0000 0.7314 3 0.0079 0.00033
-3.75 -0.4518 0.03330 0.0304 1.0000 0.7768 3 0.0115 0.00034
-3.50 -0.3855 0.03366 0.0268 1.0000 0.8237 3 0.0062 0.00011
-3.25 -0.2941 0.03352 0.0172 1.0000 0.8719 3 0.0102 0.00004
-3.00 -0.2116 0.03253 0.0071 1.0000 0.9158 3 0.0044 0.00003
-2.75 -0.1296 0.03096 -0.0044 1.0000 0.9576 3 0.0012 0.00001
-2.50 -0.0370 0.02871 -0.0193 1.0000 0.9975 3 0.0023 0.00005
-2.25 -0.0215 0.02765 -0.0202 1.0000 1.0000 3 0.0000 0.00001
-2.00 -0.0122 0.02678 -0.0198 1.0000 1.0000 3 0.0001 0.00000
-1.75 -0.0038 0.02602 -0.0190 1.0000 1.0000 3 0.0001 0.00001
-1.50 0.0033 0.02536 -0.0177 1.0000 1.0000 3 0.0001 0.00000
-1.25 0.0086 0.02481 -0.0160 1.0000 1.0000 3 0.0000 0.00000
-1.00 0.0115 0.02436 -0.0138 1.0000 1.0000 3 0.0000 0.00000
-0.75 0.0118 0.02402 -0.0110 1.0000 1.0000 3 0.0000 0.00001
-0.50 0.0099 0.02377 -0.0077 1.0000 1.0000 3 0.0000 0.00000
-0.25 0.0057 0.02362 -0.0040 1.0000 1.0000 3 0.0000 0.00001
0.00 0.0000 0.02357 0.0000 1.0000 1.0000 3 0.0000 0.00001
0.25 -0.0057 0.02362 0.0040 1.0000 1.0000 3 0.0000 0.00000
0.50 -0.0099 0.02377 0.0077 1.0000 1.0000 3 0.0000 0.00001
0.75 -0.0118 0.02401 0.0110 1.0000 1.0000 3 0.0000 0.00001
1.00 -0.0115 0.02436 0.0138 1.0000 1.0000 3 0.0000 0.00001
1.25 -0.0086 0.02480 0.0160 1.0000 1.0000 3 0.0000 0.00001
1.50 -0.0033 0.02535 0.0177 1.0000 1.0000 3 0.0000 0.00001
1.75 0.0038 0.02601 0.0189 1.0000 1.0000 3 0.0001 0.00000
2.00 0.0123 0.02677 0.0197 1.0000 1.0000 3 0.0001 0.00000
2.25 0.0216 0.02764 0.0202 1.0000 1.0000 3 0.0001 0.00000
2.50 0.0370 0.02870 0.0193 0.9976 1.0000 3 0.0024 0.00004
2.75 0.1297 0.03095 0.0044 0.9577 1.0000 3 0.0012 0.00001
3.00 0.2117 0.03253 -0.0071 0.9159 1.0000 3 0.0043 0.00003
3.25 0.2943 0.03351 -0.0173 0.8719 1.0000 3 0.0103 0.00004
3.50 0.3855 0.03366 -0.0268 0.8237 1.0000 3 0.0061 0.00011
3.75 0.4519 0.03329 -0.0304 0.7768 1.0000 3 0.0115 0.00033
4.00 0.5042 0.03265 -0.0306 0.7314 1.0000 3 0.0078 0.00034
4.25 0.5437 0.03201 -0.0281 0.6870 1.0000 3 0.0006 0.00003
4.50 0.5681 0.03197 -0.0244 0.6427 1.0000 3 0.0038 0.00025
4.75 0.5928 0.03186 -0.0204 0.5978 1.0000 3 0.0034 0.00027
5.00 0.6148 0.03200 -0.0163 0.5528 1.0000 3 0.0004 0.00002
5.25 0.6340 0.03250 -0.0126 0.5076 1.0000 3 0.0011 0.00009
5.50 0.6535 0.03317 -0.0091 0.4642 1.0000 3 0.0021 0.00017
5.75 0.6727 0.03408 -0.0060 0.4237 1.0000 3 0.0004 0.00001
6.00 0.6902 0.03539 -0.0033 0.3871 1.0000 3 0.0008 0.00007
6.25 0.7089 0.03679 -0.0009 0.3552 1.0000 3 0.0003 0.00006
6.50 0.7257 0.03859 0.0013 0.3281 1.0000 3 0.0008 0.00007
6.75 0.7438 0.04043 0.0032 0.3047 1.0000 3 0.0032 0.00031
7.00 0.7564 0.04298 0.0051 0.2863 1.0000 3 0.0022 0.00027
7.25 0.7711 0.04540 0.0068 0.2701 1.0000 3 0.0055 0.00054
7.50 0.7826 0.04831 0.0084 0.2577 1.0000 2 0.0014 0.00015
7.75 0.7895 0.05169 0.0100 0.2477 1.0000 3 0.0044 0.00040
8.00 0.7977 0.05514 0.0114 0.2395 1.0000 3 0.0094 0.00094
8.25 0.7864 0.06032 0.0123 0.2364 1.0000 3 0.0089 0.00088
8.50 0.7705 0.06601 0.0125 0.2356 1.0000 3 0.0102 0.00098
8.75 0.7469 0.07257 0.0116 0.2376 1.0000 3 0.0118 0.00116
9.00 0.7219 0.07948 0.0096 0.2411 1.0000 3 0.0092 0.00080
9.25 0.6983 0.08674 0.0069 0.2445 1.0000 1 0.0000 0.00000
9.50 0.6516 0.09862 -0.0027 0.2661 1.0000 1 0.0000 0.00000
10.25 0.5382 0.12572 -0.0299 0.4660 1.0000 2 0.0025 0.00015
10.50 0.5477 0.12970 -0.0301 0.4533 1.0000 2 0.0080 0.00135
10.75 0.5585 0.13376 -0.0303 0.4400 1.0000 2 0.0184 0.00254
11.00 0.5553 0.13607 -0.0302 0.4285 1.0000 2 0.0005 0.00016
11.25 0.5626 0.13981 -0.0305 0.4175 1.0000 2 0.0004 0.00044
11.50 0.5754 0.14419 -0.0309 0.4051 1.0000 2 0.0094 0.00173
11.75 0.5813 0.14738 -0.0311 0.3930 1.0000 2 0.0007 0.00021
12.00 0.5876 0.15097 -0.0315 0.3828 1.0000 2 0.0143 0.00164
12.25 0.6003 0.15535 -0.0319 0.3711 1.0000 2 0.0007 0.00077
12.50 0.5993 0.15731 -0.0321 0.3599 1.0000 2 0.0023 0.00087
12.75 0.6016 0.16020 -0.0328 0.3509 1.0000 2 0.0016 0.00041
13.00 0.6221 0.16615 -0.0334 0.3411 1.0000 2 0.0148 0.00359
13.25 0.6228 0.16825 -0.0340 0.3312 1.0000 2 0.0182 0.00257
13.50 0.6286 0.17141 -0.0347 0.3222 1.0000 2 0.0063 0.00250
13.75 0.6316 0.17379 -0.0355 0.3132 1.0000 2 0.0010 0.00047
14.00 0.6461 0.17882 -0.0363 0.3051 1.0000 2 0.0098 0.00086
14.25 0.6462 0.18029 -0.0373 0.2959 1.0000 2 0.0019 0.00070
14.50 0.6559 0.18441 -0.0384 0.2894 1.0000 2 0.0019 0.00186
14.75 0.6654 0.18784 -0.0392 0.2800 1.0000 2 0.0117 0.00145
15.00 0.6697 0.19062 -0.0404 0.2737 1.0000 2 0.0034 0.00247
15.25 0.6798 0.19429 -0.0413 0.2654 1.0000 2 0.0124 0.00191
15.50 0.6893 0.19823 -0.0425 0.2588 1.0000 2 0.0104 0.00495
15.75 0.6926 0.20019 -0.0440 0.2528 1.0000 2 0.0104 0.00115
16.00 0.7040 0.20420 -0.0449 0.2450 1.0000 2 0.0080 0.00418
