alpha cl cd cm ld phi
-6.00 -0.2992 0.06089 0.0169 -4.91 nan
-5.75 -0.2891 0.05828 0.0161 -4.96 nan
-5.50 -0.3270 0.05947 0.0272 -5.50 nan
-5.25 -0.3878 0.06134 0.0408 -6.32 nan
-5.00 -0.4408 0.06160 0.0489 -7.16 nan
-4.75 -0.4918 0.06111 0.0537 -8.05 nan
-4.50 -0.5405 0.05980 0.0573 -9.04 nan
-4.25 -0.5834 0.05766 0.0576 -10.12 nan
-4.00 -0.5977 0.05334 0.0394 -11.21 nan
-3.75 -0.5337 0.04699 0.0133 -11.36 nan
-3.50 -0.5022 0.04335 0.0109 -11.58 nan
-3.25 -0.4747 0.04045 0.0106 -11.74 nan
-3.00 -0.4488 0.03779 0.0112 -11.88 nan
-2.75 -0.4218 0.03543 0.0119 -11.91 nan
-2.50 -0.3943 0.03319 0.0127 -11.88 nan
-2.25 -0.3662 0.03121 0.0134 -11.73 nan
-2.00 -0.3364 0.02943 0.0140 -11.43 nan
-1.75 -0.2994 0.02775 0.0133 -10.79 nan
-1.50 -0.2601 0.02625 0.0122 -9.91 nan
-1.25 -0.2205 0.02474 0.0109 -8.91 nan
-1.00 -0.1856 0.02340 0.0105 -7.93 nan
-0.75 -0.1544 0.02202 0.0106 -7.01 nan
-0.50 -0.1260 0.01982 0.0109 -6.36 nan
-0.25 -0.0235 0.01849 -0.0013 -1.27 nan
0.00 0.0000 0.01848 0.0000 0.00 nan
0.25 0.0235 0.01849 0.0013 1.27 nan
0.50 0.0474 0.01850 0.0028 2.56 nan
0.75 0.0743 0.01848 0.0047 4.02 13.967
1.00 0.1856 0.02339 -0.0105 7.94 7.183
1.25 0.2204 0.02474 -0.0109 8.91 6.405
1.50 0.2601 0.02625 -0.0122 9.91 5.763
1.75 0.2994 0.02775 -0.0133 10.79 5.295
2.00 0.3364 0.02943 -0.0140 11.43 5.000
2.25 0.3661 0.03121 -0.0134 11.73 4.873
2.50 0.3943 0.03319 -0.0127 11.88 4.812
2.75 0.4218 0.03543 -0.0119 11.91 4.801
3.00 0.4488 0.03778 -0.0112 11.88 4.812
3.25 0.4747 0.04045 -0.0106 11.74 4.871
3.50 0.5022 0.04335 -0.0109 11.58 4.934
3.75 0.5348 0.04692 -0.0139 11.40 5.014
4.00 0.5994 0.05359 -0.0417 11.18 5.109
4.25 0.5835 0.05765 -0.0576 10.12 5.643
4.50 0.5387 0.05966 -0.0568 9.03 6.320
4.75 0.4928 0.06109 -0.0542 8.07 7.067
5.00 0.4416 0.06158 -0.0491 7.17 7.939
5.25 0.3881 0.06131 -0.0408 6.33 8.977
5.50 0.3273 0.05944 -0.0273 5.51 10.293
5.75 0.2895 0.05825 -0.0162 4.97 11.377
6.00 0.2996 0.06086 -0.0170 4.92 11.483
6.25 0.3097 0.06352 -0.0178 4.88 11.591
6.50 0.3196 0.06624 -0.0187 4.82 11.709
6.75 0.3295 0.06900 -0.0195 4.78 11.827
7.00 0.5466 0.08894 -0.0507 6.15 9.242
7.25 0.5884 0.09433 -0.0472 6.24 9.108
7.50 0.6082 0.09838 -0.0439 6.18 9.188
7.75 0.6286 0.10335 -0.0401 6.08 9.337
8.00 0.6339 0.10594 -0.0383 5.98 9.488
8.25 0.6404 0.10950 -0.0357 5.85 9.703
8.50 0.6468 0.11311 -0.0334 5.72 9.919
8.75 0.6529 0.11644 -0.0322 5.61 10.112
9.00 0.6524 0.11907 -0.0311 5.48 10.343
9.25 0.6580 0.12246 -0.0300 5.37 10.543
9.50 0.6628 0.12623 -0.0296 5.25 10.783
9.75 0.6648 0.12933 -0.0293 5.14 11.009
10.00 0.6687 0.13273 -0.0290 5.04 11.227
10.25 0.6744 0.13640 -0.0286 4.94 11.434
10.50 0.6754 0.13884 -0.0285 4.86 11.616
10.75 0.6792 0.14310 -0.0282 4.75 11.898
11.00 0.6839 0.14558 -0.0292 4.70 12.017
11.25 0.6861 0.14923 -0.0291 4.60 12.271
11.50 0.7002 0.15445 -0.0285 4.53 12.439
11.75 0.6905 0.15507 -0.0301 4.45 12.657
12.00 0.7063 0.16095 -0.0295 4.39 12.837
12.25 0.6987 0.16251 -0.0306 4.30 13.094
12.50 0.7075 0.16470 -0.0310 4.30 13.105
12.75 0.7189 0.16964 -0.0322 4.24 13.277
13.00 0.7168 0.17177 -0.0323 4.17 13.476
13.25 0.7185 0.17484 -0.0338 4.11 13.677
13.50 0.7267 0.17758 -0.0346 4.09 13.732
13.75 0.7342 0.18228 -0.0347 4.03 13.943
14.00 0.7315 0.18358 -0.0365 3.98 14.088
14.25 0.7384 0.18778 -0.0365 3.93 14.268
14.50 0.7508 0.19168 -0.0377 3.92 14.322
14.75 0.7475 0.19266 -0.0395 3.88 14.453
15.00 0.7558 0.19640 -0.0401 3.85 14.567
15.25 0.7673 0.19969 -0.0403 3.84 14.588
15.50 0.7720 0.20240 -0.0425 3.81 14.691
15.75 0.7705 0.20720 -0.0436 3.72 15.052
16.00 0.7798 0.20801 -0.0446 3.75 14.936
