alpha cl cd cm fuente
-180.0 -0.1607 0.0255 -0.0804 3
-179.5 -0.1162 0.0278 -0.0578 3
-179.0 -0.0673 0.0309 -0.0332 3
-178.5 0.2202 0.0330 0.1096 3
-178.0 0.1753 0.0345 0.0872 3
-177.5 0.1275 0.0354 0.0636 3
-177.0 0.0878 0.0357 0.0441 3
-176.5 0.0566 0.0362 0.0288 3
-176.0 0.0689 0.0395 0.0349 3
-175.5 0.2787 0.0720 0.1382 3
-175.0 0.2869 0.0784 0.1423 3
-174.5 0.2964 0.0840 0.1469 3
-174.0 0.3059 0.0906 0.1516 3
-173.5 0.3119 0.0924 0.1544 3
-173.0 0.3161 0.0938 0.1563 3
-172.5 0.3184 0.0948 0.1572 3
-172.0 0.3189 0.0952 0.1572 3
-171.5 0.3178 0.0953 0.1564 3
-171.0 0.3151 0.0950 0.1549 3
-170.5 0.3110 0.0945 0.1527 3
-170.0 0.3058 0.0937 0.1499 3
-169.5 0.2996 0.0927 0.1466 3
-169.0 0.2926 0.0916 0.1430 3
-168.5 0.2850 0.0905 0.1392 3
-168.0 0.2772 0.0895 0.1352 3
-167.5 0.2693 0.0887 0.1313 3
-167.0 0.2616 0.0881 0.1275 3
-166.5 0.2544 0.0879 0.1239 3
-166.0 0.2478 0.0881 0.1207 3
-165.5 0.2421 0.0887 0.1180 3
-165.0 0.2375 0.0899 0.1158 3
-164.5 0.2341 0.0918 0.1143 3
-164.0 0.2322 0.0943 0.1135 3
-163.5 0.2319 0.0975 0.1136 3
-163.0 0.2332 0.1015 0.1144 3
-162.5 0.2363 0.1063 0.1162 3
-162.0 0.2412 0.1120 0.1188 3
-161.5 0.2469 0.1180 0.1219 3
-161.0 0.2526 0.1243 0.1249 3
-160.5 0.2582 0.1306 0.1280 3
-160.0 0.2638 0.1371 0.1310 3
-159.5 0.2692 0.1438 0.1340 3
-159.0 0.2746 0.1506 0.1370 3
-158.5 0.2799 0.1575 0.1401 3
-158.0 0.2850 0.1645 0.1430 3
-157.5 0.2902 0.1717 0.1460 3
-157.0 0.2952 0.1790 0.1490 3
-156.5 0.3001 0.1864 0.1520 3
-156.0 0.3049 0.1940 0.1549 3
-155.5 0.3097 0.2016 0.1578 3
-155.0 0.3143 0.2094 0.1608 3
-154.5 0.3189 0.2173 0.1637 3
-154.0 0.3234 0.2253 0.1666 3
-153.5 0.3277 0.2334 0.1695 3
-153.0 0.3320 0.2416 0.1723 3
-152.5 0.3361 0.2500 0.1752 3
-152.0 0.3402 0.2584 0.1780 3
-151.5 0.3441 0.2669 0.1809 3
-151.0 0.3480 0.2756 0.1837 3
-150.5 0.3517 0.2843 0.1865 3
-150.0 0.3554 0.2931 0.1893 3
-149.5 0.3589 0.3020 0.1921 3
-149.0 0.3623 0.3110 0.1948 3
-148.5 0.3656 0.3201 0.1976 3
-148.0 0.3688 0.3292 0.2003 3
-147.5 0.3719 0.3385 0.2030 3
-147.0 0.3749 0.3478 0.2057 3
-146.5 0.3777 0.3572 0.2084 3
-146.0 0.3805 0.3666 0.2111 3
-145.5 0.3831 0.3761 0.2137 3
-145.0 0.3856 0.3857 0.2163 3
-144.5 0.3880 0.3954 0.2189 3
-144.0 0.3903 0.4051 0.2215 3
-143.5 0.3924 0.4148 0.2241 3
-143.0 0.3944 0.4246 0.2266 3
-142.5 0.3964 0.4345 0.2292 3
-142.0 0.3982 0.4444 0.2317 3
-141.5 0.3998 0.4543 0.2342 3
-141.0 0.4014 0.4643 0.2366 3
-140.5 0.4028 0.4743 0.2391 3
-140.0 0.4041 0.4844 0.2415 3
-139.5 0.4053 0.4945 0.2439 3
-139.0 0.4063 0.5046 0.2462 3
-138.5 0.4073 0.5148 0.2486 3
-138.0 0.4081 0.5249 0.2509 3
-137.5 0.4088 0.5351 0.2532 3
-137.0 0.4093 0.5453 0.2555 3
-136.5 0.4098 0.5555 0.2577 3
-136.0 0.4101 0.5657 0.2599 3
-135.5 0.4103 0.5760 0.2621 3
-135.0 0.4103 0.5862 0.2642 3
-134.5 0.4103 0.5964 0.2664 3
-134.0 0.4101 0.6067 0.2685 3
-133.5 0.4098 0.6169 0.2705 3
-133.0 0.4093 0.6271 0.2726 3
-132.5 0.4088 0.6373 0.2746 3
-132.0 0.4081 0.6475 0.2766 3
-131.5 0.4073 0.6576 0.2785 3
-131.0 0.4063 0.6678 0.2804 3
-130.5 0.4053 0.6779 0.2823 3
-130.0 0.4041 0.6880 0.2841 3
-129.5 0.4028 0.6981 0.2859 3
-129.0 0.4014 0.7081 0.2877 3
-128.5 0.3998 0.7181 0.2894 3
-128.0 0.3982 0.7280 0.2911 3
-127.5 0.3964 0.7379 0.2928 3
-127.0 0.3944 0.7478 0.2944 3
-126.5 0.3924 0.7576 0.2960 3
-126.0 0.3903 0.7673 0.2976 3
-125.5 0.3880 0.7770 0.2991 3
-125.0 0.3856 0.7867 0.3006 3
-124.5 0.3831 0.7963 0.3020 3
-124.0 0.3805 0.8058 0.3034 3
-123.5 0.3777 0.8152 0.3047 3
-123.0 0.3749 0.8246 0.3061 3
-122.5 0.3719 0.8339 0.3073 3
-122.0 0.3688 0.8432 0.3086 3
-121.5 0.3656 0.8523 0.3097 3
-121.0 0.3623 0.8614 0.3109 3
-120.5 0.3589 0.8704 0.3120 3
-120.0 0.3554 0.8793 0.3131 3
-119.5 0.3517 0.8881 0.3141 3
-119.0 0.3480 0.8968 0.3151 3
-118.5 0.3441 0.9055 0.3160 3
-118.0 0.3402 0.9140 0.3169 3
-117.5 0.3361 0.9224 0.3177 3
-117.0 0.3320 0.9308 0.3185 3
-116.5 0.3277 0.9390 0.3193 3
-116.0 0.3234 0.9471 0.3200 3
-115.5 0.3189 0.9551 0.3206 3
-115.0 0.3143 0.9630 0.3212 3
-114.5 0.3097 0.9708 0.3218 3
-114.0 0.3049 0.9784 0.3223 3
-113.5 0.3001 0.9860 0.3228 3
-113.0 0.2952 0.9934 0.3232 3
-112.5 0.2902 1.0007 0.3236 3
-112.0 0.2850 1.0079 0.3239 3
-111.5 0.2799 1.0149 0.3242 3
-111.0 0.2746 1.0218 0.3245 3
-110.5 0.2692 1.0286 0.3247 3
-110.0 0.2638 1.0353 0.3248 3
-109.5 0.2582 1.0418 0.3249 3
-109.0 0.2526 1.0481 0.3250 3
-108.5 0.2469 1.0544 0.3250 3
-108.0 0.2412 1.0604 0.3249 3
-107.5 0.2354 1.0664 0.3248 3
-107.0 0.2295 1.0722 0.3247 3
-106.5 0.2235 1.0778 0.3245 3
-106.0 0.2174 1.0833 0.3243 3
-105.5 0.2113 1.0887 0.3240 3
-105.0 0.2052 1.0939 0.3237 3
-104.5 0.1989 1.0989 0.3233 3
-104.0 0.1926 1.1038 0.3229 3
-103.5 0.1863 1.1085 0.3224 3
-103.0 0.1799 1.1131 0.3219 3
-102.5 0.1734 1.1175 0.3213 3
-102.0 0.1669 1.1217 0.3207 3
-101.5 0.1603 1.1258 0.3201 3
-101.0 0.1537 1.1297 0.3194 3
-100.5 0.1471 1.1335 0.3186 3
-100.0 0.1403 1.1370 0.3178 3
-99.5 0.1336 1.1405 0.3170 3
-99.0 0.1268 1.1437 0.3161 3
-98.5 0.1200 1.1468 0.3152 3
-98.0 0.1131 1.1497 0.3142 3
-97.5 0.1062 1.1524 0.3132 3
-97.0 0.0993 1.1550 0.3121 3
-96.5 0.0923 1.1574 0.3110 3
-96.0 0.0853 1.1596 0.3099 3
-95.5 0.0783 1.1616 0.3087 3
-95.0 0.0713 1.1635 0.3075 3
-94.5 0.0642 1.1652 0.3062 3
-94.0 0.0571 1.1667 0.3049 3
-93.5 0.0500 1.1680 0.3036 3
-93.0 0.0429 1.1692 0.3022 3
-92.5 0.0358 1.1702 0.3008 3
-92.0 0.0286 1.1710 0.2993 3
-91.5 0.0215 1.1716 0.2978 3
-91.0 0.0143 1.1720 0.2963 3
-90.5 0.0072 1.1723 0.2947 3
-90.0 0.0000 1.1724 0.2931 3
-89.5 -0.0102 1.1723 0.2911 2
-89.0 -0.0205 1.1720 0.2892 2
-88.5 -0.0307 1.1716 0.2872 2
-88.0 -0.0409 1.1710 0.2851 2
-87.5 -0.0511 1.1702 0.2831 2
-87.0 -0.0613 1.1692 0.2810 2
-86.5 -0.0714 1.1680 0.2789 2
-86.0 -0.0816 1.1667 0.2768 2
-85.5 -0.0917 1.1652 0.2747 2
-85.0 -0.1018 1.1635 0.2726 2
-84.5 -0.1119 1.1616 0.2704 2
-84.0 -0.1219 1.1596 0.2682 2
-83.5 -0.1319 1.1574 0.2660 2
-83.0 -0.1418 1.1550 0.2638 2
-82.5 -0.1517 1.1524 0.2616 2
-82.0 -0.1616 1.1497 0.2594 2
-81.5 -0.1714 1.1468 0.2571 2
-81.0 -0.1811 1.1437 0.2548 2
-80.5 -0.1908 1.1405 0.2526 2
-80.0 -0.2005 1.1370 0.2503 2
-79.5 -0.2101 1.1335 0.2479 2
-79.0 -0.2196 1.1297 0.2456 2
-78.5 -0.2290 1.1258 0.2433 2
-78.0 -0.2384 1.1217 0.2409 2
-77.5 -0.2477 1.1175 0.2386 2
-77.0 -0.2570 1.1131 0.2362 2
-76.5 -0.2661 1.1085 0.2338 2
-76.0 -0.2752 1.1038 0.2314 2
-75.5 -0.2842 1.0989 0.2290 2
-75.0 -0.2931 1.0939 0.2266 2
-74.5 -0.3019 1.0887 0.2242 2
-74.0 -0.3106 1.0833 0.2218 2
-73.5 -0.3193 1.0778 0.2194 2
-73.0 -0.3278 1.0722 0.2169 2
-72.5 -0.3362 1.0664 0.2145 2
-72.0 -0.3446 1.0604 0.2120 2
-71.5 -0.3528 1.0544 0.2096 2
-71.0 -0.3609 1.0481 0.2071 2
-70.5 -0.3689 1.0418 0.2046 2
-70.0 -0.3768 1.0353 0.2022 2
-69.5 -0.3846 1.0286 0.1997 2
-69.0 -0.3922 1.0218 0.1972 2
-68.5 -0.3998 1.0149 0.1947 2
-68.0 -0.4072 1.0079 0.1922 2
-67.5 -0.4145 1.0007 0.1898 2
-67.0 -0.4217 0.9934 0.1873 2
-66.5 -0.4287 0.9860 0.1848 2
-66.0 -0.4356 0.9784 0.1823 2
-65.5 -0.4424 0.9708 0.1798 2
-65.0 -0.4491 0.9630 0.1773 2
-64.5 -0.4556 0.9551 0.1748 2
-64.0 -0.4619 0.9471 0.1723 2
-63.5 -0.4682 0.9390 0.1699 2
-63.0 -0.4742 0.9308 0.1674 2
-62.5 -0.4802 0.9224 0.1649 2
-62.0 -0.4860 0.9140 0.1624 2
-61.5 -0.4916 0.9055 0.1600 2
-61.0 -0.4971 0.8968 0.1575 2
-60.5 -0.5025 0.8881 0.1550 2
-60.0 -0.5077 0.8793 0.1526 2
-59.5 -0.5127 0.8704 0.1501 2
-59.0 -0.5176 0.8614 0.1477 2
-58.5 -0.5223 0.8523 0.1452 2
-58.0 -0.5269 0.8432 0.1428 2
-57.5 -0.5313 0.8339 0.1404 2
-57.0 -0.5355 0.8246 0.1379 2
-56.5 -0.5396 0.8152 0.1355 2
-56.0 -0.5435 0.8058 0.1331 2
-55.5 -0.5473 0.7963 0.1307 2
-55.0 -0.5508 0.7867 0.1283 2
-54.5 -0.5543 0.7770 0.1260 2
-54.0 -0.5575 0.7673 0.1236 2
-53.5 -0.5606 0.7576 0.1212 2
-53.0 -0.5635 0.7478 0.1189 2
-52.5 -0.5662 0.7379 0.1166 2
-52.0 -0.5688 0.7280 0.1142 2
-51.5 -0.5712 0.7181 0.1119 2
-51.0 -0.5734 0.7081 0.1096 2
-50.5 -0.5754 0.6981 0.1074 2
-50.0 -0.5773 0.6880 0.1051 2
-49.5 -0.5790 0.6779 0.1028 2
-49.0 -0.5805 0.6678 0.1006 2
-48.5 -0.5818 0.6576 0.0984 2
-48.0 -0.5830 0.6475 0.0962 2
-47.5 -0.5840 0.6373 0.0940 2
-47.0 -0.5848 0.6271 0.0918 2
-46.5 -0.5854 0.6169 0.0896 2
-46.0 -0.5858 0.6067 0.0875 2
-45.5 -0.5861 0.5964 0.0853 2
-45.0 -0.5862 0.5862 0.0832 2
-44.5 -0.5861 0.5760 0.0811 2
-44.0 -0.5858 0.5657 0.0791 2
-43.5 -0.5854 0.5555 0.0770 2
-43.0 -0.5848 0.5453 0.0750 2
-42.5 -0.5840 0.5351 0.0729 2
-42.0 -0.5830 0.5249 0.0709 2
-41.5 -0.5818 0.5148 0.0689 2
-41.0 -0.5805 0.5046 0.0670 2
-40.5 -0.5790 0.4945 0.0650 2
-40.0 -0.5773 0.4844 0.0631 2
-39.5 -0.5754 0.4743 0.0612 2
-39.0 -0.5734 0.4643 0.0594 2
-38.5 -0.5712 0.4543 0.0575 2
-38.0 -0.5688 0.4444 0.0557 2
-37.5 -0.5662 0.4345 0.0539 2
-37.0 -0.5635 0.4246 0.0521 2
-36.5 -0.5606 0.4148 0.0503 2
-36.0 -0.5575 0.4051 0.0486 2
-35.5 -0.5543 0.3954 0.0468 2
-35.0 -0.5508 0.3857 0.0452 2
-34.5 -0.5473 0.3761 0.0435 2
-34.0 -0.5435 0.3666 0.0418 2
-33.5 -0.5396 0.3572 0.0402 2
-33.0 -0.5355 0.3478 0.0386 2
-32.5 -0.5313 0.3385 0.0371 2
-32.0 -0.5269 0.3292 0.0355 2
-31.5 -0.5223 0.3201 0.0340 2
-31.0 -0.5176 0.3110 0.0325 2
-30.5 -0.5127 0.3020 0.0310 2
-30.0 -0.5077 0.2931 0.0296 2
-29.5 -0.5025 0.2843 0.0282 2
-29.0 -0.4971 0.2756 0.0268 2
-28.5 -0.4916 0.2669 0.0255 2
-28.0 -0.4860 0.2584 0.0241 2
-27.5 -0.4802 0.2500 0.0228 2
-27.0 -0.4742 0.2416 0.0216 2
-26.5 -0.4682 0.2334 0.0203 2
-26.0 -0.4619 0.2253 0.0191 2
-25.5 -0.4556 0.2173 0.0179 2
-25.0 -0.4491 0.2094 0.0168 2
-24.5 -0.4424 0.2016 0.0157 2
-24.0 -0.4356 0.1940 0.0146 2
-23.5 -0.4287 0.1864 0.0135 2
-23.0 -0.4217 0.1790 0.0125 2
-22.5 -0.4145 0.1717 0.0115 2
-22.0 -0.4072 0.1645 0.0105 2
-21.5 -0.3998 0.1575 0.0096 2
-21.0 -0.3922 0.1506 0.0087 2
-20.5 -0.3846 0.1438 0.0078 2
-20.0 -0.3768 0.1371 0.0069 2
-19.5 -0.3689 0.1306 0.0061 2
-19.0 -0.3609 0.1243 0.0053 2
-18.5 -0.3528 0.1180 0.0046 2
-18.0 -0.3446 0.1120 0.0038 2
-17.5 -0.3376 0.1063 0.0032 2
-17.0 -0.3332 0.1015 0.0025 2
-16.5 -0.3313 0.0975 0.0019 2
-16.0 -0.3317 0.0943 0.0014 2
-15.5 -0.3345 0.0918 0.0008 2
-15.0 -0.3392 0.0899 0.0002 2
-14.5 -0.3458 0.0887 -0.0004 2
-14.0 -0.3540 0.0881 -0.0010 2
-13.5 -0.3634 0.0879 -0.0016 2
-13.0 -0.3738 0.0881 -0.0023 2
-12.5 -0.3847 0.0887 -0.0030 2
-12.0 -0.3960 0.0895 -0.0038 2
-11.5 -0.4072 0.0905 -0.0046 2
-11.0 -0.4179 0.0916 -0.0054 2
-10.5 -0.4279 0.0927 -0.0063 2
-10.0 -0.4368 0.0937 -0.0071 2
-9.5 -0.4443 0.0945 -0.0080 2
-9.0 -0.4501 0.0950 -0.0089 2
-8.5 -0.4540 0.0953 -0.0097 2
-8.0 -0.4556 0.0952 -0.0105 2
-7.5 -0.4548 0.0948 -0.0113 2
-7.0 -0.4516 0.0938 -0.0119 2
-6.5 -0.4456 0.0924 -0.0125 2
-6.0 -0.4370 0.0906 -0.0130 0
-5.5 -0.4235 0.0840 -0.0117 0
-5.0 -0.4099 0.0784 -0.0108 0
-4.5 -0.3981 0.0720 -0.0063 0
-4.0 -0.0984 0.0395 -0.0246 0
-3.5 -0.0809 0.0362 -0.0248 0
-3.0 -0.1255 0.0357 -0.0099 0
-2.5 -0.1821 0.0354 0.0069 0
-2.0 -0.2504 0.0345 0.0245 0
-1.5 -0.3146 0.0330 0.0398 0
-1.0 0.0961 0.0309 -0.0757 0
-0.5 0.1660 0.0278 -0.0778 0
0.0 0.2296 0.0255 -0.0783 0
0.5 0.2900 0.0237 -0.0779 0
1.0 0.3440 0.0202 -0.0767 0
1.5 0.3919 0.0208 -0.0742 0
2.0 0.4359 0.0216 -0.0724 0
2.5 0.4788 0.0224 -0.0706 0
3.0 0.5157 0.0234 -0.0665 0
3.5 0.7199 0.0297 -0.0830 0
4.0 0.8167 0.0344 -0.0865 0
4.5 0.8864 0.0394 -0.0858 0
5.0 0.9438 0.0452 -0.0835 0
5.5 0.9949 0.0519 -0.0812 0
6.0 1.0403 0.0607 -0.0823 0
6.5 1.0401 0.0737 -0.0936 0
7.0 0.9799 0.0873 -0.1062 0
7.5 0.8700 0.0992 -0.1205 0
8.0 0.8427 0.1073 -0.1242 0
8.5 0.8423 0.1159 -0.1275 0
9.0 0.8641 0.1241 -0.1266 0
9.5 0.9039 0.1340 -0.1268 0
10.0 0.9375 0.1432 -0.1248 0
10.5 0.9484 0.1501 -0.1219 0
11.0 0.9733 0.1581 -0.1197 0
11.5 0.9899 0.1658 -0.1177 0
12.0 0.9985 0.1741 -0.1176 0
12.5 1.0089 0.1812 -0.1179 0
13.0 1.0217 0.1888 -0.1188 0
13.5 1.0330 0.1962 -0.1204 0
14.0 1.0418 0.2044 -0.1228 0
14.5 1.0550 0.2118 -0.1240 0
15.0 1.0626 0.2175 -0.1274 0
15.5 1.0744 0.2241 -0.1305 0
16.0 1.0882 0.2314 -0.1335 0
16.5 1.0701 0.2365 -0.1325 1
17.0 1.0533 0.2418 -0.1316 1
17.5 1.0378 0.2472 -0.1308 1
18.0 1.0235 0.2527 -0.1302 1
18.5 1.0102 0.2584 -0.1297 1
19.0 0.9978 0.2642 -0.1293 1
19.5 0.9863 0.2702 -0.1289 1
20.0 0.9756 0.2763 -0.1287 1
20.5 0.9657 0.2825 -0.1286 1
21.0 0.9564 0.2888 -0.1286 1
21.5 0.9476 0.2952 -0.1286 1
22.0 0.9395 0.3018 -0.1287 1
22.5 0.9319 0.3085 -0.1289 1
23.0 0.9247 0.3153 -0.1292 1
23.5 0.9179 0.3222 -0.1295 1
24.0 0.9116 0.3292 -0.1298 1
24.5 0.9055 0.3363 -0.1303 1
25.0 0.8999 0.3436 -0.1307 1
25.5 0.8945 0.3509 -0.1312 1
26.0 0.8894 0.3584 -0.1318 1
26.5 0.8845 0.3659 -0.1324 1
27.0 0.8799 0.3735 -0.1331 1
27.5 0.8754 0.3813 -0.1338 1
28.0 0.8711 0.3891 -0.1345 1
28.5 0.8671 0.3970 -0.1353 1
29.0 0.8631 0.4050 -0.1361 1
29.5 0.8593 0.4131 -0.1369 1
30.0 0.8556 0.4213 -0.1378 1
30.5 0.8520 0.4296 -0.1387 1
31.0 0.8485 0.4379 -0.1397 1
31.5 0.8450 0.4463 -0.1406 1
32.0 0.8417 0.4548 -0.1416 1
32.5 0.8383 0.4633 -0.1426 1
33.0 0.8351 0.4719 -0.1437 1
33.5 0.8318 0.4806 -0.1448 1
34.0 0.8286 0.4893 -0.1459 1
34.5 0.8254 0.4981 -0.1470 1
35.0 0.8222 0.5070 -0.1481 1
35.5 0.8190 0.5159 -0.1493 1
36.0 0.8158 0.5248 -0.1504 1
36.5 0.8126 0.5338 -0.1516 1
37.0 0.8093 0.5429 -0.1529 1
37.5 0.8060 0.5519 -0.1541 1
38.0 0.8027 0.5610 -0.1554 1
38.5 0.7994 0.5702 -0.1566 1
39.0 0.7960 0.5794 -0.1579 1
39.5 0.7925 0.5886 -0.1592 1
40.0 0.7890 0.5978 -0.1605 1
40.5 0.7855 0.6071 -0.1619 1
41.0 0.7819 0.6163 -0.1632 1
41.5 0.7782 0.6256 -0.1646 1
42.0 0.7744 0.6349 -0.1659 1
42.5 0.7706 0.6443 -0.1673 1
43.0 0.7667 0.6536 -0.1687 1
43.5 0.7627 0.6629 -0.1701 1
44.0 0.7586 0.6722 -0.1715 1
44.5 0.7545 0.6816 -0.1729 1
45.0 0.7502 0.6909 -0.1744 1
45.5 0.7459 0.7002 -0.1758 1
46.0 0.7414 0.7095 -0.1773 1
46.5 0.7369 0.7188 -0.1787 1
47.0 0.7323 0.7281 -0.1802 1
47.5 0.7276 0.7373 -0.1817 1
48.0 0.7227 0.7465 -0.1832 1
48.5 0.7178 0.7557 -0.1846 1
49.0 0.7128 0.7649 -0.1861 1
49.5 0.7076 0.7740 -0.1876 1
50.0 0.7024 0.7832 -0.1891 1
50.5 0.6970 0.7922 -0.1906 1
51.0 0.6916 0.8012 -0.1922 1
51.5 0.6860 0.8102 -0.1937 1
52.0 0.6804 0.8192 -0.1952 1
52.5 0.6746 0.8280 -0.1967 1
53.0 0.6687 0.8369 -0.1982 1
53.5 0.6627 0.8456 -0.1998 1
54.0 0.6566 0.8544 -0.2013 1
54.5 0.6503 0.8630 -0.2028 1
55.0 0.6440 0.8716 -0.2044 1
55.5 0.6376 0.8801 -0.2059 1
56.0 0.6310 0.8886 -0.2074 1
56.5 0.6243 0.8970 -0.2090 1
57.0 0.6176 0.9053 -0.2105 1
57.5 0.6107 0.9135 -0.2121 1
58.0 0.6037 0.9216 -0.2136 1
58.5 0.5966 0.9297 -0.2151 1
59.0 0.5894 0.9377 -0.2167 1
59.5 0.5820 0.9455 -0.2182 1
60.0 0.5746 0.9533 -0.2197 1
60.5 0.5671 0.9610 -0.2212 1
61.0 0.5595 0.9686 -0.2227 1
61.5 0.5517 0.9761 -0.2243 1
62.0 0.5439 0.9835 -0.2258 1
62.5 0.5359 0.9908 -0.2273 1
63.0 0.5279 0.9980 -0.2288 1
63.5 0.5198 1.0050 -0.2303 1
64.0 0.5115 1.0120 -0.2318 1
64.5 0.5032 1.0188 -0.2333 1
65.0 0.4948 1.0256 -0.2348 1
65.5 0.4862 1.0322 -0.2362 1
66.0 0.4776 1.0387 -0.2377 1
66.5 0.4689 1.0450 -0.2392 1
67.0 0.4601 1.0513 -0.2406 1
67.5 0.4513 1.0574 -0.2421 1
68.0 0.4423 1.0633 -0.2435 1
68.5 0.4333 1.0692 -0.2449 1
69.0 0.4242 1.0749 -0.2463 1
69.5 0.4150 1.0805 -0.2478 1
70.0 0.4057 1.0859 -0.2492 1
70.5 0.3963 1.0912 -0.2505 1
71.0 0.3869 1.0963 -0.2519 1
71.5 0.3774 1.1013 -0.2533 1
72.0 0.3678 1.1062 -0.2547 1
72.5 0.3582 1.1109 -0.2560 1
73.0 0.3485 1.1155 -0.2573 1
73.5 0.3388 1.1199 -0.2587 1
74.0 0.3290 1.1241 -0.2600 1
74.5 0.3191 1.1282 -0.2613 1
75.0 0.3092 1.1322 -0.2625 1
75.5 0.2992 1.1360 -0.2638 1
76.0 0.2892 1.1396 -0.2651 1
76.5 0.2791 1.1431 -0.2663 1
77.0 0.2690 1.1464 -0.2675 1
77.5 0.2589 1.1495 -0.2688 1
78.0 0.2487 1.1525 -0.2700 1
78.5 0.2385 1.1553 -0.2711 1
79.0 0.2282 1.1580 -0.2723 1
79.5 0.2179 1.1604 -0.2734 1
80.0 0.2076 1.1628 -0.2746 1
80.5 0.1973 1.1649 -0.2757 1
81.0 0.1869 1.1669 -0.2768 1
81.5 0.1765 1.1687 -0.2779 1
82.0 0.1661 1.1703 -0.2789 1
82.5 0.1557 1.1717 -0.2800 1
83.0 0.1453 1.1730 -0.2810 1
83.5 0.1349 1.1741 -0.2820 1
84.0 0.1244 1.1751 -0.2830 1
84.5 0.1140 1.1758 -0.2839 1
85.0 0.1036 1.1764 -0.2849 1
85.5 0.0931 1.1768 -0.2858 1
86.0 0.0827 1.1770 -0.2867 1
86.5 0.0723 1.1771 -0.2876 1
87.0 0.0619 1.1769 -0.2884 1
87.5 0.0515 1.1766 -0.2893 1
88.0 0.0412 1.1761 -0.2901 1
88.5 0.0308 1.1755 -0.2909 1
89.0 0.0205 1.1746 -0.2916 1
89.5 0.0102 1.1736 -0.2924 1
90.0 0.0000 1.1724 -0.2931 1
90.5 -0.0072 1.1736 -0.2950 3
91.0 -0.0144 1.1746 -0.2969 3
91.5 -0.0216 1.1755 -0.2988 3
92.0 -0.0288 1.1761 -0.3006 3
92.5 -0.0361 1.1766 -0.3024 3
93.0 -0.0433 1.1769 -0.3042 3
93.5 -0.0506 1.1771 -0.3059 3
94.0 -0.0579 1.1770 -0.3076 3
94.5 -0.0652 1.1768 -0.3093 3
95.0 -0.0725 1.1764 -0.3109 3
95.5 -0.0798 1.1758 -0.3125 3
96.0 -0.0871 1.1751 -0.3141 3
96.5 -0.0944 1.1741 -0.3156 3
97.0 -0.1017 1.1730 -0.3170 3
97.5 -0.1090 1.1717 -0.3185 3
98.0 -0.1163 1.1703 -0.3199 3
98.5 -0.1236 1.1687 -0.3212 3
99.0 -0.1308 1.1669 -0.3226 3
99.5 -0.1381 1.1649 -0.3238 3
100.0 -0.1453 1.1628 -0.3251 3
100.5 -0.1525 1.1604 -0.3263 3
101.0 -0.1597 1.1580 -0.3275 3
101.5 -0.1669 1.1553 -0.3286 3
102.0 -0.1741 1.1525 -0.3297 3
102.5 -0.1812 1.1495 -0.3307 3
103.0 -0.1883 1.1464 -0.3317 3
103.5 -0.1954 1.1431 -0.3327 3
104.0 -0.2024 1.1396 -0.3336 3
104.5 -0.2095 1.1360 -0.3345 3
105.0 -0.2164 1.1322 -0.3353 3
105.5 -0.2234 1.1282 -0.3361 3
106.0 -0.2303 1.1241 -0.3369 3
106.5 -0.2371 1.1199 -0.3376 3
107.0 -0.2440 1.1155 -0.3383 3
107.5 -0.2508 1.1109 -0.3389 3
108.0 -0.2575 1.1062 -0.3395 3
108.5 -0.2642 1.1013 -0.3400 3
109.0 -0.2708 1.0963 -0.3406 3
109.5 -0.2774 1.0912 -0.3410 3
110.0 -0.2840 1.0859 -0.3415 3
110.5 -0.2905 1.0805 -0.3419 3
111.0 -0.2969 1.0749 -0.3422 3
111.5 -0.3033 1.0692 -0.3425 3
112.0 -0.3096 1.0633 -0.3428 3
112.5 -0.3159 1.0574 -0.3430 3
113.0 -0.3221 1.0513 -0.3432 3
113.5 -0.3283 1.0450 -0.3434 3
114.0 -0.3343 1.0387 -0.3435 3
114.5 -0.3404 1.0322 -0.3436 3
115.0 -0.3463 1.0256 -0.3437 3
115.5 -0.3522 1.0188 -0.3437 3
116.0 -0.3581 1.0120 -0.3437 3
116.5 -0.3638 1.0050 -0.3436 3
117.0 -0.3695 0.9980 -0.3435 3
117.5 -0.3752 0.9908 -0.3434 3
118.0 -0.3807 0.9835 -0.3432 3
118.5 -0.3862 0.9761 -0.3430 3
119.0 -0.3916 0.9686 -0.3428 3
119.5 -0.3970 0.9610 -0.3425 3
120.0 -0.4022 0.9533 -0.3422 3
120.5 -0.4074 0.9455 -0.3419 3
121.0 -0.4126 0.9377 -0.3416 3
121.5 -0.4176 0.9297 -0.3412 3
122.0 -0.4226 0.9216 -0.3408 3
122.5 -0.4275 0.9135 -0.3403 3
123.0 -0.4323 0.9053 -0.3398 3
123.5 -0.4370 0.8970 -0.3393 3
124.0 -0.4417 0.8886 -0.3388 3
124.5 -0.4463 0.8801 -0.3383 3
125.0 -0.4508 0.8716 -0.3377 3
125.5 -0.4552 0.8630 -0.3371 3
126.0 -0.4596 0.8544 -0.3365 3
126.5 -0.4639 0.8456 -0.3358 3
127.0 -0.4681 0.8369 -0.3352 3
127.5 -0.4722 0.8280 -0.3345 3
128.0 -0.4762 0.8192 -0.3338 3
128.5 -0.4802 0.8102 -0.3330 3
129.0 -0.4841 0.8012 -0.3323 3
129.5 -0.4879 0.7922 -0.3315 3
130.0 -0.4917 0.7832 -0.3308 3
130.5 -0.4953 0.7740 -0.3300 3
131.0 -0.4989 0.7649 -0.3292 3
131.5 -0.5025 0.7557 -0.3284 3
132.0 -0.5059 0.7465 -0.3275 3
132.5 -0.5093 0.7373 -0.3267 3
133.0 -0.5126 0.7281 -0.3259 3
133.5 -0.5158 0.7188 -0.3250 3
134.0 -0.5190 0.7095 -0.3242 3
134.5 -0.5221 0.7002 -0.3233 3
135.0 -0.5251 0.6909 -0.3224 3
135.5 -0.5281 0.6816 -0.3216 3
136.0 -0.5310 0.6722 -0.3207 3
136.5 -0.5339 0.6629 -0.3199 3
137.0 -0.5367 0.6536 -0.3190 3
137.5 -0.5394 0.6443 -0.3181 3
138.0 -0.5421 0.6349 -0.3173 3
138.5 -0.5447 0.6256 -0.3164 3
139.0 -0.5473 0.6163 -0.3156 3
139.5 -0.5498 0.6071 -0.3148 3
140.0 -0.5523 0.5978 -0.3140 3
140.5 -0.5548 0.5886 -0.3132 3
141.0 -0.5572 0.5794 -0.3124 3
141.5 -0.5596 0.5702 -0.3116 3
142.0 -0.5619 0.5610 -0.3109 3
142.5 -0.5642 0.5519 -0.3102 3
143.0 -0.5665 0.5429 -0.3095 3
143.5 -0.5688 0.5338 -0.3088 3
144.0 -0.5711 0.5248 -0.3082 3
144.5 -0.5733 0.5159 -0.3076 3
145.0 -0.5755 0.5070 -0.3070 3
145.5 -0.5778 0.4981 -0.3065 3
146.0 -0.5800 0.4893 -0.3060 3
146.5 -0.5823 0.4806 -0.3055 3
147.0 -0.5845 0.4719 -0.3051 3
147.5 -0.5868 0.4633 -0.3048 3
148.0 -0.5892 0.4548 -0.3045 3
148.5 -0.5915 0.4463 -0.3042 3
149.0 -0.5939 0.4379 -0.3041 3
149.5 -0.5964 0.4296 -0.3039 3
150.0 -0.5989 0.4213 -0.3039 3
150.5 -0.6015 0.4131 -0.3039 3
151.0 -0.6042 0.4050 -0.3040 3
151.5 -0.6069 0.3970 -0.3042 3
152.0 -0.6098 0.3891 -0.3045 3
152.5 -0.6128 0.3813 -0.3048 3
153.0 -0.6159 0.3735 -0.3053 3
153.5 -0.6191 0.3659 -0.3059 3
154.0 -0.6226 0.3584 -0.3066 3
154.5 -0.6261 0.3509 -0.3074 3
155.0 -0.6299 0.3436 -0.3083 3
155.5 -0.6339 0.3363 -0.3094 3
156.0 -0.6381 0.3292 -0.3106 3
156.5 -0.6425 0.3222 -0.3120 3
157.0 -0.6473 0.3153 -0.3136 3
157.5 -0.6523 0.3085 -0.3153 3
158.0 -0.6576 0.3018 -0.3172 3
158.5 -0.6634 0.2952 -0.3194 3
159.0 -0.6694 0.2888 -0.3217 3
159.5 -0.6760 0.2825 -0.3244 3
160.0 -0.6829 0.2763 -0.3272 3
160.5 -0.6904 0.2702 -0.3304 3
161.0 -0.6985 0.2642 -0.3338 3
161.5 -0.7071 0.2584 -0.3376 3
162.0 -0.7164 0.2527 -0.3418 3
162.5 -0.7265 0.2472 -0.3463 3
163.0 -0.7373 0.2418 -0.3513 3
163.5 -0.7490 0.2365 -0.3567 3
164.0 -0.7617 0.2314 -0.3626 3
164.5 -0.7521 0.2241 -0.3585 3
165.0 -0.7438 0.2175 -0.3551 3
165.5 -0.7385 0.2118 -0.3531 3
166.0 -0.7293 0.2044 -0.3491 3
166.5 -0.7231 0.1962 -0.3464 3
167.0 -0.7152 0.1888 -0.3430 3
167.5 -0.7062 0.1812 -0.3391 3
168.0 -0.6989 0.1741 -0.3359 3
168.5 -0.6929 0.1658 -0.3333 3
169.0 -0.6813 0.1581 -0.3281 3
169.5 -0.6639 0.1501 -0.3202 3
170.0 -0.6562 0.1432 -0.3169 3
170.5 -0.6327 0.1340 -0.3060 3
171.0 -0.6049 0.1241 -0.2930 3
171.5 -0.5896 0.1159 -0.2860 3
172.0 -0.5899 0.1073 -0.2862 3
172.5 -0.6090 0.0992 -0.2955 3
173.0 -0.6859 0.0873 -0.3323 3
173.5 -0.7281 0.0737 -0.3527 3
174.0 -0.7282 0.0607 -0.3531 3
174.5 -0.6964 0.0519 -0.3384 3
175.0 -0.6607 0.0452 -0.3218 3
175.5 -0.6205 0.0394 -0.3031 3
176.0 -0.5717 0.0344 -0.2800 3
176.5 -0.5039 0.0297 -0.2475 3
177.0 -0.3610 0.0234 -0.1778 3
177.5 -0.3352 0.0224 -0.1656 3
178.0 -0.3051 0.0216 -0.1512 3
178.5 -0.2743 0.0208 -0.1362 3
179.0 -0.2408 0.0202 -0.1199 3
179.5 -0.2030 0.0237 -0.1013 3
180.0 -0.1607 0.0255 -0.0804 3
