x cf H
0.00121 0.023457 2.2295
0.00069 0.129875 2.4178
0.00193 0.032167 3.0216
0.00375 -0.007752 5.0423
0.00624 -0.005752 8.3905
0.00977 -0.004847 12.9067
0.01514 -0.004284 18.3140
0.02376 -0.003730 23.3509
0.03583 -0.003170 25.4650
0.04928 -0.002707 24.2886
0.06301 -0.000527 13.4877
0.07679 -0.000429 5.5080
0.09061 0.000786 3.2835
0.10446 0.003254 2.3904
0.11832 0.005448 1.9499
0.13221 0.007202 1.7089
0.14612 0.008527 1.5675
0.16006 0.009484 1.4794
0.17401 0.010329 1.4224
0.18799 0.011010 1.3848
0.20198 0.011483 1.3600
0.21599 0.011799 1.3437
0.23002 0.011997 1.3332
0.24406 0.012108 1.3269
0.25812 0.012153 1.3235
0.27219 0.012147 1.3222
0.28628 0.012103 1.3226
0.30038 0.012029 1.3242
0.31449 0.011932 1.3267
0.32862 0.011818 1.3300
0.34275 0.011689 1.3338
0.35689 0.011549 1.3380
0.37105 0.011408 1.3420
0.38521 0.011264 1.3460
0.39937 0.011114 1.3503
0.41354 0.010958 1.3547
0.42772 0.010796 1.3594
0.44190 0.010630 1.3642
0.45609 0.010460 1.3691
0.47028 0.010287 1.3741
0.48447 0.010109 1.3793
0.49866 0.009929 1.3845
0.51285 0.009745 1.3899
0.52704 0.009558 1.3955
0.54123 0.009369 1.4011
0.55542 0.009176 1.4069
0.56960 0.008980 1.4129
0.58378 0.008780 1.4191
0.59795 0.008578 1.4254
0.61212 0.008371 1.4320
0.62628 0.008162 1.4389
0.64043 0.007948 1.4460
0.65458 0.007730 1.4535
0.66872 0.007508 1.4614
0.68284 0.007282 1.4697
0.69696 0.007052 1.4786
0.71106 0.006816 1.4880
0.72515 0.006576 1.4980
0.73922 0.006330 1.5088
0.75329 0.006079 1.5205
0.76733 0.005823 1.5331
0.78136 0.005562 1.5469
0.79538 0.005296 1.5619
0.80937 0.005025 1.5783
0.82335 0.004750 1.5964
0.83729 0.004473 1.6162
0.85114 0.004202 1.6372
0.86467 0.003905 1.6630
0.87807 0.003553 1.6981
0.89141 0.003170 1.7424
0.90470 0.002771 1.7970
0.91794 0.002371 1.8632
0.93111 0.001984 1.9424
0.94423 0.001619 2.0362
0.95728 0.001287 2.1464
0.97020 0.000993 2.2745
0.98270 0.000747 2.4187
0.99344 0.000563 2.5616
1.00000 0.000453 2.6696
