x cf H
0.00392 0.007692 2.2295
0.00274 0.020311 2.2143
0.00174 0.033858 2.2272
0.00092 0.048486 2.2214
0.00075 0.081174 2.3468
0.00144 0.075602 2.3682
0.00228 0.069889 2.3895
0.00326 0.064291 2.4104
0.00440 0.058975 2.4308
0.00570 0.054023 2.4504
0.00717 0.049470 2.4692
0.00883 0.045315 2.4870
0.01069 0.041540 2.5039
0.01277 0.038119 2.5199
0.01511 0.035018 2.5349
0.01773 0.032202 2.5490
0.02068 0.029641 2.5623
0.02400 0.027302 2.5749
0.02774 0.025158 2.5869
0.03197 0.023183 2.5986
0.03674 0.021353 2.6101
0.04210 0.019645 2.6220
0.04812 0.018039 2.6349
0.05482 0.016513 2.6494
0.06220 0.015047 2.6666
0.07023 0.013619 2.6879
0.07887 0.012206 2.7151
0.08804 0.010787 2.7505
0.09766 0.009338 2.7973
0.10767 0.007843 2.8599
0.11799 0.006297 2.9447
0.12859 0.004711 3.0599
0.13940 0.003131 3.2172
0.15041 0.001640 3.4307
0.16157 0.000360 3.7161
0.17288 -0.000576 4.0853
0.18431 -0.001091 4.5396
0.19585 -0.001244 5.0826
0.20748 -0.001214 5.7185
0.21920 -0.001133 6.4479
0.23100 -0.001069 7.2704
0.24287 -0.001023 8.1853
0.25480 -0.000991 9.1924
0.26679 -0.000968 10.2915
0.27883 -0.000951 11.4828
0.29092 -0.000940 12.7666
0.30305 -0.000932 14.1434
0.31522 -0.000927 15.6137
0.32743 -0.000925 17.1782
0.33967 -0.000924 18.8379
0.35195 -0.000925 20.5940
0.36427 -0.000927 22.4481
0.37664 -0.000931 24.4030
0.38908 -0.000935 26.4610
0.40162 -0.000940 28.6360
0.41434 -0.000946 30.9052
0.42717 -0.000952 33.2304
0.44007 -0.000958 35.6099
0.45302 -0.000964 38.0350
0.46600 -0.000970 40.5001
0.47900 -0.000976 42.9993
0.49202 -0.000981 45.5268
0.50504 -0.000987 48.0763
0.51807 -0.000992 50.6414
0.53111 -0.000997 53.2145
0.54415 -0.001002 55.7876
0.55719 -0.001006 58.3516
0.57023 -0.001009 60.8956
0.58327 -0.001012 63.4070
0.59631 -0.001015 65.8696
0.60934 -0.001016 68.2600
0.62237 -0.000373 68.9995
0.63540 -0.000362 32.4019
0.64842 -0.000329 25.0069
0.66143 -0.000270 21.2754
0.67443 -0.000232 18.9508
0.68743 -0.000205 17.3662
0.70042 -0.000185 16.2041
0.71339 -0.000169 15.3079
0.72635 -0.000156 14.5961
0.73930 -0.000146 14.0178
0.75224 -0.000137 13.5400
0.76516 -0.000129 13.1398
0.77806 -0.000122 12.8010
0.79095 -0.000116 12.5115
0.80382 -0.000110 12.2623
0.81668 -0.000105 12.0466
0.82951 -0.000101 11.8589
0.84232 -0.000097 11.6949
0.85511 -0.000093 11.5510
0.86786 -0.000090 11.4244
0.88059 -0.000087 11.3127
0.89326 -0.000084 11.2139
0.90588 -0.000081 11.1262
0.91840 -0.000079 11.0484
0.93077 -0.000076 10.9792
0.94290 -0.000074 10.9175
0.95465 -0.000072 10.8628
0.96584 -0.000071 10.8143
0.97623 -0.000069 10.7715
0.98564 -0.000068 10.7339
0.99394 -0.000067 10.6998
1.00025 -0.000066 10.6758
