x cf H
0.00053 0.053800 2.2425
0.00123 0.069927 2.2660
0.00218 0.069454 2.3093
0.00338 0.060002 2.3595
0.00486 0.048447 2.4135
0.00670 0.038330 2.4633
0.00902 0.030606 2.5018
0.01205 0.025224 2.5203
0.01618 0.021854 2.5120
0.02187 0.020014 2.4792
0.02926 0.018973 2.4419
0.03776 0.018119 2.4180
0.04672 0.017328 2.4062
0.05581 0.016627 2.4002
0.06496 0.016019 2.3970
0.07413 0.015490 2.3951
0.08331 0.015024 2.3939
0.09250 0.014609 2.3933
0.10170 0.014235 2.3930
0.11091 0.013893 2.3930
0.12014 0.013579 2.3932
0.12937 0.013286 2.3936
0.13861 0.013013 2.3941
0.14787 0.012755 2.3949
0.15713 0.012511 2.3958
0.16640 0.012277 2.3969
0.17568 0.012054 2.3981
0.18497 0.011838 2.3995
0.19427 0.011630 2.4010
0.20358 0.011427 2.4027
0.21289 0.011229 2.4046
0.22221 0.011036 2.4066
0.23154 0.010846 2.4088
0.24088 0.010660 2.4112
0.25022 0.010475 2.4138
0.25957 0.010293 2.4165
0.26892 0.010112 2.4195
0.27829 0.009932 2.4227
0.28765 0.009753 2.4261
0.29703 0.009574 2.4298
0.30641 0.009394 2.4338
0.31579 0.009215 2.4380
0.32518 0.009034 2.4425
0.33457 0.008852 2.4474
0.34397 0.008669 2.4526
0.35337 0.008484 2.4582
0.36278 0.008297 2.4643
0.37219 0.008107 2.4708
0.38160 0.007914 2.4778
0.39102 0.007718 2.4854
0.40044 0.007518 2.4935
0.40986 0.007314 2.5024
0.41929 0.007106 2.5120
0.42871 0.006892 2.5225
0.43814 0.006673 2.5340
0.44757 0.006448 2.5465
0.45700 0.006216 2.5603
0.46644 0.005977 2.5754
0.47587 0.005729 2.5922
0.48530 0.005474 2.6107
0.49474 0.005209 2.6313
0.50417 0.004935 2.6542
0.51361 0.004651 2.6800
0.52304 0.004356 2.7088
0.53248 0.004050 2.7414
0.54191 0.003735 2.7781
0.55134 0.003409 2.8198
0.56077 0.003073 2.8672
0.57020 0.002730 2.9212
0.57963 0.002382 2.9828
0.58905 0.002030 3.0533
0.59847 0.001680 3.1337
0.60789 0.001335 3.2256
0.61731 0.001001 3.3305
0.62672 0.000685 3.4498
0.63613 0.000392 3.5849
0.64554 0.000132 3.7369
0.65494 -0.000092 3.9065
0.66434 -0.000274 4.0939
0.67374 -0.000411 4.2984
0.68313 -0.000505 4.5192
0.69251 -0.000562 4.7578
0.70189 -0.000588 5.0145
0.71126 -0.000593 5.2896
0.72063 -0.000588 5.5832
0.73000 -0.000574 5.8953
0.73935 -0.000558 6.2259
0.74870 -0.000543 6.5751
0.75805 -0.000530 6.9428
0.76738 -0.000519 7.3288
0.77671 -0.000510 7.7333
0.78604 -0.000502 8.1562
0.79535 -0.000496 8.5974
0.80466 -0.000490 9.0571
0.81395 -0.000485 9.5352
0.82324 -0.000481 10.0317
0.83252 -0.000478 10.5467
0.84177 -0.000475 11.0798
0.85097 -0.000473 11.6280
0.85998 -0.000471 12.1965
0.86892 -0.000470 12.8055
0.87782 -0.000469 13.4536
0.88670 -0.000468 14.1419
0.89555 -0.000468 14.8702
0.90438 -0.000468 15.6382
0.91319 -0.000469 16.4457
0.92197 -0.000469 17.2925
0.93073 -0.000471 18.1780
0.93945 -0.000472 19.1018
0.94815 -0.000473 20.0632
0.95682 -0.000475 21.0612
0.96544 -0.000477 22.0937
0.97396 -0.000479 23.1547
0.98222 -0.000481 24.2247
0.98977 -0.000484 25.2525
0.99595 -0.000486 26.1549
1.00000 -0.000257 27.1056
