x y
1.000000 0.000000
0.999906 0.000037
0.999625 0.000147
0.999157 0.000331
0.998501 0.000587
0.997658 0.000916
0.996628 0.001316
0.995411 0.001786
0.994008 0.002327
0.992418 0.002935
0.990643 0.003611
0.988682 0.004352
0.986537 0.005157
0.984207 0.006023
0.981693 0.006950
0.978995 0.007934
0.976115 0.008974
0.973053 0.010067
0.969810 0.011211
0.966386 0.012403
0.962783 0.013640
0.959001 0.014919
0.955042 0.016237
0.950906 0.017591
0.946594 0.018979
0.942109 0.020396
0.937451 0.021839
0.932621 0.023304
0.927622 0.024789
0.922453 0.026289
0.917118 0.027801
0.911618 0.029320
0.905955 0.030843
0.900130 0.032367
0.894145 0.033886
0.888003 0.035398
0.881706 0.036898
0.875255 0.038381
0.868654 0.039845
0.861904 0.041285
0.855009 0.042696
0.847971 0.044079
0.840798 0.045455
0.833494 0.046825
0.826062 0.048189
0.818503 0.049542
0.810822 0.050884
0.803021 0.052213
0.795103 0.053526
0.787072 0.054821
0.778929 0.056097
0.770680 0.057351
0.762325 0.058582
0.753870 0.059788
0.745317 0.060966
0.736669 0.062116
0.727930 0.063236
0.719103 0.064323
0.710192 0.065377
0.701200 0.066395
0.692130 0.067376
0.682986 0.068319
0.673771 0.069223
0.664490 0.070085
0.655145 0.070905
0.645740 0.071682
0.636279 0.072414
0.626766 0.073100
0.617203 0.073739
0.607596 0.074331
0.597947 0.074874
0.588260 0.075368
0.578539 0.075812
0.568788 0.076205
0.559011 0.076547
0.549210 0.076838
0.539391 0.077076
0.529557 0.077261
0.519711 0.077394
0.509857 0.077473
0.500000 0.077500
0.490143 0.077473
0.480289 0.077394
0.470443 0.077261
0.460609 0.077076
0.450790 0.076838
0.440989 0.076547
0.431212 0.076205
0.421461 0.075812
0.411740 0.075368
0.402053 0.074874
0.392404 0.074331
0.382797 0.073739
0.373234 0.073100
0.363721 0.072414
0.354260 0.071682
0.344855 0.070905
0.335510 0.070085
0.326229 0.069223
0.317014 0.068319
0.307870 0.067376
0.298800 0.066395
0.289808 0.065377
0.280897 0.064323
0.272070 0.063236
0.263331 0.062116
0.254683 0.060966
0.246130 0.059788
0.237675 0.058582
0.229320 0.057351
0.221071 0.056097
0.212928 0.054821
0.204897 0.053526
0.196979 0.052213
0.189178 0.050884
0.181497 0.049542
0.173938 0.048189
0.166506 0.046825
0.159202 0.045455
0.152029 0.044079
0.144990 0.042700
0.138089 0.041320
0.131326 0.039941
0.124706 0.038565
0.118231 0.037195
0.111903 0.035832
0.105724 0.034479
0.099697 0.033137
0.093825 0.031809
0.088110 0.030497
0.082553 0.029203
0.077157 0.027929
0.071924 0.026676
0.066856 0.025448
0.061955 0.024245
0.057223 0.023070
0.052662 0.021924
0.048274 0.020809
0.044060 0.019725
0.040023 0.018675
0.036163 0.017657
0.032484 0.016673
0.028988 0.015720
0.025676 0.014799
0.022551 0.013905
0.019616 0.013035
0.016873 0.012184
0.014326 0.011347
0.011978 0.010517
0.009832 0.009688
0.007891 0.008854
0.006157 0.008008
0.004634 0.007148
0.003322 0.006270
0.002222 0.005376
0.001334 0.004466
0.000656 0.003549
0.000188 0.002631
-0.000075 0.001724
-0.000136 0.000842
0.000000 0.000000
0.000329 -0.000787
0.000846 -0.001504
0.001547 -0.002136
0.002426 -0.002670
0.003482 -0.003095
0.004710 -0.003403
0.006109 -0.003591
0.007678 -0.003655
0.009416 -0.003598
0.011324 -0.003423
0.013402 -0.003136
0.015652 -0.002743
0.018075 -0.002255
0.020672 -0.001678
0.023444 -0.001022
0.026393 -0.000295
0.029518 0.000496
0.032821 0.001345
0.036301 0.002246
0.039957 0.003193
0.043789 0.004184
0.047797 0.005215
0.051978 0.006283
0.056331 0.007385
0.060855 0.008519
0.065549 0.009684
0.070410 0.010876
0.075436 0.012094
0.080626 0.013336
0.085978 0.014599
0.091489 0.015883
0.097158 0.017184
0.102982 0.018501
0.108959 0.019832
0.115087 0.021174
0.121363 0.022526
0.127785 0.023885
0.134351 0.025249
0.141058 0.026617
0.147903 0.027986
0.154884 0.029353
0.161998 0.030718
0.169242 0.032077
0.176614 0.033429
0.184110 0.034772
0.191728 0.036103
0.199465 0.037420
0.207318 0.038722
0.215284 0.040007
0.223359 0.041272
0.231541 0.042516
0.239827 0.043737
0.248213 0.044933
0.256696 0.046102
0.265273 0.047243
0.273940 0.048353
0.282694 0.049431
0.291532 0.050476
0.300451 0.051486
0.309446 0.052459
0.318515 0.053395
0.327654 0.054291
0.336860 0.055146
0.346128 0.055959
0.355456 0.056729
0.364839 0.057455
0.374274 0.058136
0.383758 0.058770
0.393287 0.059357
0.402857 0.059896
0.412464 0.060386
0.422105 0.060826
0.431776 0.061216
0.441473 0.061555
0.451193 0.061843
0.460932 0.062079
0.470686 0.062263
0.480451 0.062395
0.490224 0.062474
0.500000 0.062500
0.509776 0.062474
0.519549 0.062395
0.529314 0.062263
0.539068 0.062079
0.548807 0.061843
0.558527 0.061555
0.568224 0.061216
0.577895 0.060826
0.587536 0.060386
0.597143 0.059896
0.606713 0.059357
0.616242 0.058770
0.625726 0.058136
0.635161 0.057455
0.644544 0.056729
0.653872 0.055959
0.663140 0.055146
0.672346 0.054291
0.681485 0.053395
0.690554 0.052459
0.699549 0.051486
0.708468 0.050476
0.717306 0.049431
0.726060 0.048353
0.734727 0.047243
0.743304 0.046102
0.751787 0.044933
0.760173 0.043737
0.768459 0.042516
0.776641 0.041272
0.784716 0.040007
0.792682 0.038722
0.800535 0.037420
0.808272 0.036103
0.815890 0.034772
0.823386 0.033429
0.830758 0.032077
0.838002 0.030718
0.845116 0.029353
0.852098 0.027990
0.858949 0.026653
0.865669 0.025346
0.872253 0.024069
0.878700 0.022823
0.885007 0.021608
0.891172 0.020424
0.897191 0.019271
0.903062 0.018150
0.908783 0.017060
0.914351 0.016001
0.919764 0.014975
0.925019 0.013981
0.930113 0.013019
0.935045 0.012090
0.939812 0.011194
0.944412 0.010330
0.948843 0.009500
0.953102 0.008703
0.957187 0.007940
0.961097 0.007211
0.964829 0.006515
0.968381 0.005854
0.971753 0.005227
0.974941 0.004635
0.977945 0.004078
0.980762 0.003556
0.983392 0.003068
0.985833 0.002617
0.988083 0.002200
0.990142 0.001820
0.992008 0.001475
0.993681 0.001166
0.995158 0.000893
0.996441 0.000657
0.997527 0.000456
0.998417 0.000292
0.999109 0.000164
0.999604 0.000073
0.999901 0.000018
1.000000 0.000000
