alpha cl cd cm ld phi
-6.00 -0.2170 0.07410 -0.0785 -2.93 nan
-5.75 -0.1940 0.06800 -0.0866 -2.85 nan
-5.50 -0.1646 0.06073 -0.0954 -2.71 nan
-5.25 -0.1349 0.05723 -0.0991 -2.36 nan
-5.00 -0.1056 0.05335 -0.1039 -1.98 nan
-4.75 -0.0683 0.04745 -0.1111 -1.44 nan
-4.50 -0.0333 0.04439 -0.1149 -0.75 nan
-4.25 0.0027 0.04196 -0.1184 0.06 nan
-4.00 0.0376 0.03947 -0.1207 0.95 nan
-3.75 0.0722 0.03775 -0.1229 1.91 27.603
-3.50 0.1045 0.03631 -0.1243 2.88 19.161
-3.25 0.1384 0.03506 -0.1257 3.95 14.215
-3.00 0.1727 0.03409 -0.1271 5.07 11.166
-2.75 0.2020 0.03342 -0.1275 6.04 9.394
-2.50 0.2358 0.03266 -0.1286 7.22 7.886
-2.25 0.2674 0.03205 -0.1292 8.34 6.835
-2.00 0.2977 0.03154 -0.1296 9.44 6.048
-1.75 0.3293 0.03111 -0.1301 10.59 5.397
-1.50 0.3646 0.03059 -0.1312 11.92 4.796
-1.25 0.3922 0.03035 -0.1311 12.92 4.425
-1.00 0.4219 0.03005 -0.1313 14.04 4.074
-0.75 0.4511 0.02977 -0.1315 15.15 3.776
-0.50 0.4839 0.02930 -0.1322 16.52 3.465
-0.25 0.5097 0.02909 -0.1319 17.52 3.266
0.00 0.5417 0.02841 -0.1325 19.07 3.002
0.25 0.5568 0.02710 -0.1291 20.55 2.786
0.50 0.5877 0.02721 -0.1293 21.60 2.651
0.75 0.6148 0.02748 -0.1292 22.37 2.559
1.00 0.6443 0.02766 -0.1293 23.29 2.458
1.25 0.6741 0.02780 -0.1295 24.25 2.362
1.50 0.6985 0.02821 -0.1289 24.76 2.313
1.75 0.7249 0.02853 -0.1287 25.41 2.254
2.00 0.7544 0.02870 -0.1288 26.29 2.179
2.25 0.7793 0.02910 -0.1284 26.78 2.138
2.50 0.8038 0.02954 -0.1279 27.21 2.105
2.75 0.8364 0.02958 -0.1284 28.28 2.025
3.00 0.8566 0.03025 -0.1274 28.32 2.023
3.25 0.8797 0.03079 -0.1268 28.57 2.005
3.50 0.9048 0.03124 -0.1264 28.96 1.977
3.75 0.9298 0.03168 -0.1260 29.35 1.951
4.00 0.9496 0.03242 -0.1250 29.29 1.955
4.25 0.9784 0.03268 -0.1250 29.94 1.913
4.50 0.9985 0.03341 -0.1240 29.89 1.916
4.75 1.0195 0.03410 -0.1231 29.90 1.916
5.00 1.0484 0.03436 -0.1232 30.51 1.877
5.25 1.0623 0.03545 -0.1215 29.97 1.911
5.50 1.0840 0.03611 -0.1207 30.02 1.908
5.75 1.1094 0.03656 -0.1203 30.34 1.887
6.00 1.1193 0.03789 -0.1183 29.54 1.939
6.25 1.1424 0.03846 -0.1176 29.70 1.928
6.50 1.1523 0.03974 -0.1155 29.00 1.975
6.75 1.1710 0.04053 -0.1143 28.89 1.982
7.00 1.1862 0.04154 -0.1128 28.56 2.006
7.25 1.2144 0.04178 -0.1126 29.07 1.970
7.50 1.2176 0.04351 -0.1100 27.98 2.047
7.75 1.2266 0.04493 -0.1079 27.30 2.098
8.00 1.2282 0.04693 -0.1055 26.17 2.188
8.25 1.2638 0.04642 -0.1056 27.23 2.104
8.50 1.2551 0.04918 -0.1024 25.52 2.244
8.75 1.2776 0.04956 -0.1014 25.78 2.221
9.00 1.2788 0.05162 -0.0992 24.77 2.312
9.25 1.2846 0.05326 -0.0971 24.12 2.374
9.50 1.2889 0.05507 -0.0951 23.40 2.447
9.75 1.3246 0.05385 -0.0945 24.60 2.328
10.00 1.3280 0.05553 -0.0923 23.92 2.394
10.25 1.3221 0.05815 -0.0900 22.74 2.518
10.50 1.3195 0.06050 -0.0880 21.81 2.625
10.75 1.3119 0.06351 -0.0861 20.66 2.772
11.00 1.3230 0.06414 -0.0843 20.63 2.776
11.25 1.3303 0.06520 -0.0825 20.40 2.806
11.50 1.3365 0.06639 -0.0809 20.13 2.844
11.75 1.3288 0.06952 -0.0795 19.11 2.995
12.00 1.3280 0.07172 -0.0782 18.52 3.091
12.25 1.3317 0.07333 -0.0768 18.16 3.152
12.50 1.3392 0.07445 -0.0755 17.99 3.182
12.75 1.3442 0.07578 -0.0742 17.74 3.227
13.00 1.3449 0.07807 -0.0732 17.23 3.322
13.25 1.3413 0.08113 -0.0725 16.53 3.461
13.50 1.3421 0.08333 -0.0715 16.11 3.553
13.75 1.3401 0.08627 -0.0709 15.53 3.683
14.00 1.3352 0.08973 -0.0706 14.88 3.845
14.25 1.3303 0.09324 -0.0704 14.27 4.009
14.50 1.3246 0.09707 -0.0704 13.65 4.191
14.75 1.3201 0.10077 -0.0705 13.10 4.365
15.00 1.3164 0.10442 -0.0707 12.61 4.535
15.25 1.3138 0.10798 -0.0710 12.17 4.699
15.50 1.3126 0.11139 -0.0713 11.78 4.851
15.75 1.3132 0.11445 -0.0716 11.47 4.981
16.00 1.3136 0.11765 -0.0721 11.17 5.118
