perfil tmax xt fmax xf rle te
placa7 0.01553 0.026 0.07000 0.500 0.00640 0.00000
placa4 0.01517 0.030 0.04000 0.500 0.00701 0.00000
plana3 0.03000 0.278 0.00000 0.002 0.01481 0.00000
clarky 0.11700 0.296 0.03577 0.419 0.01212 0.00120
naca6412 0.12038 0.295 0.06000 0.403 0.01684 0.00247
naca0012 0.12003 0.299 0.00000 0.002 0.01580 0.00252
placa7_t11 0.01140 0.020 0.07000 0.500 0.00495 0.00000
placa7_t20 0.02068 0.032 0.07000 0.500 0.00871 0.00000
placa7_ba4 0.01547 0.048 0.07000 0.500 0.00387 0.00000
