alpha cl cd cm xtrs xtri npan dcl dcd
-6.00 -0.3708 0.10483 -0.0209 1.0000 0.0529 1 0.0000 0.00000
-5.75 -0.3592 0.10427 -0.0255 1.0000 0.0524 2 0.0022 0.00154
-5.50 -0.3594 0.09950 -0.0218 1.0000 0.0534 2 0.0007 0.00075
-5.25 -0.3548 0.09631 -0.0209 1.0000 0.0548 2 0.0014 0.00059
-5.00 -0.3469 0.09362 -0.0215 1.0000 0.0565 2 0.0027 0.00048
-4.75 -0.3359 0.09106 -0.0233 1.0000 0.0586 2 0.0049 0.00036
-4.50 -0.3165 0.08887 -0.0282 1.0000 0.0610 2 0.0178 0.00040
-4.25 -0.3014 0.08596 -0.0307 1.0000 0.0630 2 0.0073 0.00073
-4.00 -0.2681 0.08405 -0.0390 1.0000 0.0657 2 0.0387 0.00310
-3.75 -0.2545 0.08022 -0.0401 0.9994 0.0688 2 0.0014 0.00021
-3.50 -0.2314 0.07637 -0.0430 0.9960 0.0723 2 0.0086 0.00046
-3.25 -0.1745 0.07355 -0.0562 0.9925 0.0794 2 0.0228 0.00130
-3.00 -0.1529 0.06956 -0.0582 0.9892 0.0825 2 0.0042 0.00060
-2.75 -0.1069 0.06647 -0.0671 0.9859 0.0902 2 0.0137 0.00072
-2.50 -0.0628 0.06315 -0.0751 0.9830 0.0975 2 0.0122 0.00042
-2.25 -0.0149 0.06032 -0.0835 0.9799 0.1084 2 0.0107 0.00104
-2.00 0.0145 0.05718 -0.0867 0.9768 0.1175 2 0.0086 0.00050
-1.75 0.0635 0.05441 -0.0948 0.9742 0.1315 2 0.0131 0.00044
-1.50 0.1156 0.05206 -0.1033 0.9718 0.1521 2 0.0008 0.00076
-1.25 0.1424 0.04978 -0.1051 0.9677 0.1678 1 0.0000 0.00000
-0.50 0.3298 0.04094 -0.1316 0.9629 0.0719 3 0.0202 0.00081
-0.25 0.3766 0.03890 -0.1365 0.9605 0.0620 3 0.0185 0.00071
0.00 0.4233 0.03715 -0.1408 0.9584 0.0614 3 0.0158 0.00052
0.25 0.4635 0.03578 -0.1438 0.9555 0.0607 3 0.0210 0.00063
0.50 0.5004 0.03475 -0.1460 0.9517 0.0613 3 0.0188 0.00060
0.75 0.5402 0.03393 -0.1485 0.9487 0.0640 3 0.0177 0.00043
1.00 0.5766 0.03332 -0.1504 0.9454 0.0658 3 0.0134 0.00029
1.25 0.6074 0.03297 -0.1512 0.9404 0.0703 3 0.0179 0.00024
1.50 0.6422 0.03271 -0.1527 0.9370 0.0793 3 0.0181 0.00026
1.75 0.6712 0.03256 -0.1531 0.9316 0.0868 3 0.0129 0.00015
2.00 0.7046 0.03250 -0.1545 0.9273 0.1099 3 0.0193 0.00018
2.25 0.7368 0.03229 -0.1558 0.9226 0.1882 3 0.0200 0.00060
2.50 0.7650 0.03156 -0.1564 0.9167 1.0000 3 0.0157 0.00004
2.75 0.7902 0.03212 -0.1562 0.9097 1.0000 3 0.0177 0.00005
3.00 0.9191 0.02518 -0.1586 0.0962 1.0000 3 0.0067 0.00005
3.25 0.9357 0.02665 -0.1565 0.0714 1.0000 3 0.0067 0.00003
3.50 0.9532 0.02788 -0.1545 0.0623 1.0000 3 0.0067 0.00003
3.75 0.9706 0.02907 -0.1525 0.0567 1.0000 3 0.0059 0.00011
4.00 0.9862 0.03045 -0.1502 0.0534 1.0000 3 0.0057 0.00018
4.25 1.0033 0.03182 -0.1481 0.0499 1.0000 3 0.0077 0.00029
4.50 1.0233 0.03331 -0.1463 0.0474 1.0000 3 0.0053 0.00015
4.75 1.0562 0.03494 -0.1466 0.0446 1.0000 3 0.0058 0.00017
5.00 1.1166 0.03718 -0.1505 0.0427 1.0000 3 0.0081 0.00068
5.25 1.1672 0.03987 -0.1535 0.0416 1.0000 3 0.0052 0.00080
5.50 1.2048 0.04248 -0.1545 0.0414 1.0000 3 0.0046 0.00076
5.75 1.2361 0.04556 -0.1543 0.0404 1.0000 3 0.0038 0.00046
6.00 1.2622 0.04831 -0.1532 0.0395 1.0000 3 0.0035 0.00036
6.25 1.2861 0.05130 -0.1518 0.0400 1.0000 3 0.0030 0.00041
6.50 1.3070 0.05455 -0.1499 0.0410 1.0000 3 0.0029 0.00073
6.75 1.3262 0.05805 -0.1476 0.0428 1.0000 3 0.0033 0.00139
7.00 1.3424 0.06162 -0.1451 0.0449 1.0000 3 0.0045 0.00032
7.25 1.3547 0.06597 -0.1418 0.0469 1.0000 3 0.0102 0.00173
7.50 1.3676 0.06959 -0.1393 0.0512 1.0000 3 0.0031 0.00243
7.75 1.3759 0.07366 -0.1355 0.0577 1.0000 3 0.0058 0.00039
8.00 1.3835 0.07791 -0.1323 0.0668 1.0000 2 0.0015 0.00069
