alpha cl cd cm ld phi
-6.00 -0.3981 0.11009 0.0009 -3.62 nan
-5.75 -0.4005 0.10731 0.0033 -3.73 nan
-5.50 -0.4095 0.10584 0.0055 -3.87 nan
-5.25 -0.4168 0.10396 0.0076 -4.01 nan
-5.00 -0.4285 0.10253 0.0092 -4.18 nan
-4.75 -0.4277 0.09971 0.0127 -4.29 nan
-4.50 -0.4307 0.09748 0.0154 -4.42 nan
-4.25 -0.4319 0.09510 0.0192 -4.54 nan
-4.00 -0.4312 0.09253 0.0238 -4.66 nan
-3.75 -0.4275 0.09001 0.0292 -4.75 nan
-3.50 -0.0155 0.06555 -0.0219 -0.24 nan
-3.25 -0.0705 0.06720 -0.0089 -1.05 nan
-3.00 -0.1189 0.06822 0.0020 -1.74 nan
-2.75 -0.1652 0.06894 0.0118 -2.40 nan
-2.50 -0.2154 0.06942 0.0218 -3.10 nan
-2.25 -0.2622 0.06943 0.0303 -3.78 nan
-2.00 -0.3141 0.06929 0.0396 -4.53 nan
-1.75 -0.3698 0.06889 0.0490 -5.37 nan
-1.50 -0.4183 0.06784 0.0554 -6.17 nan
-1.25 -0.1005 0.05717 -0.0691 -1.76 nan
-1.00 -0.0667 0.05581 -0.0731 -1.20 nan
-0.75 -0.0375 0.05490 -0.0757 -0.68 nan
-0.50 -0.0085 0.05428 -0.0782 -0.16 nan
-0.25 0.0199 0.05397 -0.0803 0.37 nan
0.00 0.0462 0.05387 -0.0820 0.86 nan
0.25 0.0731 0.05405 -0.0836 1.35 36.479
0.50 0.0990 0.05434 -0.0849 1.82 28.762
0.75 0.1245 0.05478 -0.0860 2.27 23.749
1.00 0.1503 0.05532 -0.0871 2.72 20.207
1.25 0.1770 0.05594 -0.0883 3.16 17.539
1.50 0.2068 0.05647 -0.0898 3.66 15.273
1.75 0.2068 0.05503 -0.0853 3.76 14.901
2.00 0.2340 0.05669 -0.0879 4.13 13.618
2.25 0.2529 0.05833 -0.0884 4.34 12.988
2.50 0.2703 0.05999 -0.0888 4.51 12.513
2.75 0.2870 0.06170 -0.0891 4.65 12.133
3.00 0.3034 0.06344 -0.0894 4.78 11.810
3.25 0.3194 0.06522 -0.0897 4.90 11.541
3.50 0.3350 0.06705 -0.0899 5.00 11.318
3.75 0.3504 0.06892 -0.0902 5.08 11.127
4.00 0.3656 0.07084 -0.0906 5.16 10.966
4.25 0.3805 0.07280 -0.0909 5.23 10.831
4.50 0.3995 0.07508 -0.0921 5.32 10.644
4.75 0.4303 0.07830 -0.0957 5.50 10.313
5.00 0.4568 0.08138 -0.0984 5.61 10.101
5.25 0.4811 0.08410 -0.1007 5.72 9.916
5.50 0.5035 0.08688 -0.1026 5.80 9.790
5.75 0.5227 0.08938 -0.1040 5.85 9.704
6.00 0.5412 0.09197 -0.1052 5.88 9.645
6.25 0.5673 0.09521 -0.1077 5.96 9.527
6.50 0.5834 0.09782 -0.1085 5.96 9.518
6.75 0.5949 0.09988 -0.1085 5.96 9.531
7.00 0.6126 0.10259 -0.1096 5.97 9.507
7.25 0.6308 0.10545 -0.1107 5.98 9.490
7.50 0.6492 0.10841 -0.1118 5.99 9.480
7.75 0.6635 0.11065 -0.1123 6.00 9.468
8.00 0.6816 0.11367 -0.1134 6.00 9.468
8.25 0.7022 0.11738 -0.1150 5.98 9.490
8.50 0.7123 0.11972 -0.1148 5.95 9.541
8.75 0.7194 0.12167 -0.1144 5.91 9.599
9.00 0.7334 0.12431 -0.1149 5.90 9.620
9.25 0.7497 0.12779 -0.1159 5.87 9.673
9.50 0.7702 0.13133 -0.1173 5.86 9.677
9.75 0.7790 0.13391 -0.1172 5.82 9.754
10.00 0.7855 0.13594 -0.1170 5.78 9.818
10.25 0.7997 0.13859 -0.1177 5.77 9.832
10.50 0.8148 0.14198 -0.1185 5.74 9.885
10.75 0.8231 0.14487 -0.1185 5.68 9.982
11.00 0.8345 0.14755 -0.1191 5.66 10.027
11.25 0.8522 0.15043 -0.1202 5.67 10.011
11.50 0.8615 0.15326 -0.1203 5.62 10.087
11.75 0.8686 0.15646 -0.1203 5.55 10.211
12.00 0.8849 0.16009 -0.1213 5.53 10.255
12.25 0.8914 0.16286 -0.1220 5.47 10.354
12.50 0.8999 0.16593 -0.1220 5.42 10.447
12.75 0.9074 0.16857 -0.1224 5.38 10.524
13.00 0.9184 0.17216 -0.1227 5.33 10.617
13.25 0.9341 0.17539 -0.1241 5.33 10.634
13.50 0.9407 0.17867 -0.1244 5.27 10.754
13.75 0.9472 0.18132 -0.1250 5.22 10.837
14.00 0.9668 0.18524 -0.1258 5.22 10.846
14.25 0.9728 0.18852 -0.1266 5.16 10.967
14.50 0.9801 0.19189 -0.1274 5.11 11.078
14.75 0.9859 0.19517 -0.1283 5.05 11.198
15.00 0.9935 0.19846 -0.1293 5.01 11.297
15.25 1.0053 0.20179 -0.1303 4.98 11.350
15.50 1.0207 0.20547 -0.1314 4.97 11.382
15.75 1.0210 0.20920 -0.1325 4.88 11.579
16.00 1.0320 0.21342 -0.1336 4.84 11.684
