alpha cl cd cm xtrs xtri npan dcl dcd
-6.00 -0.1735 0.05874 -0.0225 1.0000 1.0000 2 0.0013 0.00022
-5.75 -0.1648 0.05664 -0.0230 1.0000 1.0000 2 0.0013 0.00022
-5.50 -0.1559 0.05460 -0.0234 1.0000 1.0000 2 0.0013 0.00023
-5.25 -0.1472 0.05260 -0.0238 1.0000 1.0000 2 0.0012 0.00023
-5.00 -0.1385 0.05067 -0.0241 1.0000 1.0000 2 0.0011 0.00023
-4.75 -0.1341 0.04906 -0.0233 1.0000 0.9975 2 0.0061 0.00011
-4.50 -0.1686 0.05007 -0.0129 1.0000 0.9698 2 0.0061 0.00009
-4.25 -0.2001 0.05067 -0.0040 1.0000 0.9402 2 0.0053 0.00001
-4.00 -0.2310 0.05105 0.0040 1.0000 0.9114 2 0.0058 0.00004
-3.75 -0.2594 0.05110 0.0109 1.0000 0.8821 2 0.0037 0.00011
-3.50 -0.2887 0.05107 0.0177 1.0000 0.8556 2 0.0050 0.00002
-3.25 -0.3179 0.05087 0.0241 1.0000 0.8310 2 0.0067 0.00007
-3.00 -0.3465 0.05039 0.0295 1.0000 0.8039 1 0.0000 0.00000
-2.75 -0.3642 0.04978 0.0310 1.0000 0.7685 1 0.0000 0.00000
-2.50 -0.3538 0.04913 0.0220 1.0000 0.6993 1 0.0000 0.00000
-2.25 -0.2140 0.04736 -0.0255 1.0000 0.4996 3 0.0280 0.00053
-2.00 -0.1144 0.04428 -0.0495 1.0000 0.3972 2 0.0044 0.00020
-1.75 -0.0521 0.04165 -0.0605 1.0000 0.3473 3 0.0061 0.00040
-1.50 -0.0007 0.03930 -0.0672 1.0000 0.3208 3 0.0067 0.00040
-1.25 0.0431 0.03723 -0.0715 1.0000 0.3105 3 0.0099 0.00033
-1.00 0.0826 0.03535 -0.0743 1.0000 0.3048 3 0.0084 0.00037
-0.75 0.1225 0.03376 -0.0768 1.0000 0.3012 3 0.0088 0.00029
-0.50 0.1583 0.03231 -0.0781 1.0000 0.3083 3 0.0074 0.00029
-0.25 0.1919 0.03096 -0.0789 1.0000 0.3262 3 0.0079 0.00031
0.00 0.2251 0.02969 -0.0794 1.0000 0.3486 3 0.0086 0.00029
0.25 0.2566 0.02829 -0.0795 1.0000 0.3989 3 0.0081 0.00038
0.50 0.2864 0.02587 -0.0791 1.0000 0.5420 3 0.0068 0.00109
0.75 0.3125 0.02515 -0.0770 1.0000 1.0000 3 0.0085 0.00001
1.00 0.3381 0.02543 -0.0757 1.0000 1.0000 3 0.0073 0.00001
1.25 0.3615 0.02573 -0.0748 1.0000 1.0000 3 0.0075 0.00001
1.50 0.3843 0.02606 -0.0740 1.0000 1.0000 3 0.0077 0.00001
1.75 0.4067 0.02642 -0.0731 1.0000 1.0000 3 0.0080 0.00000
2.00 0.4287 0.02682 -0.0723 1.0000 1.0000 3 0.0083 0.00000
2.25 0.4505 0.02724 -0.0714 1.0000 1.0000 3 0.0085 0.00001
2.50 0.4720 0.02771 -0.0705 1.0000 1.0000 3 0.0088 0.00001
2.75 0.4933 0.02821 -0.0696 1.0000 1.0000 3 0.0091 0.00002
3.00 0.5145 0.02874 -0.0686 1.0000 1.0000 3 0.0095 0.00001
3.25 0.5361 0.02929 -0.0675 1.0000 1.0000 3 0.0099 0.00002
3.50 0.5595 0.02979 -0.0660 1.0000 1.0000 3 0.0104 0.00001
3.75 0.5851 0.03007 -0.0635 1.0000 1.0000 2 0.0067 0.00001
4.00 0.7554 0.03601 -0.0760 0.2492 1.0000 3 0.0026 0.00007
4.25 0.7944 0.03865 -0.0763 0.2347 1.0000 3 0.0006 0.00006
4.50 0.8373 0.04160 -0.0773 0.2258 1.0000 3 0.0023 0.00017
4.75 0.8797 0.04454 -0.0783 0.2253 1.0000 3 0.0035 0.00010
5.00 0.9176 0.04778 -0.0790 0.2257 1.0000 3 0.0038 0.00017
5.25 0.9518 0.05119 -0.0794 0.2291 1.0000 3 0.0012 0.00036
5.50 0.9782 0.05471 -0.0793 0.2359 1.0000 3 0.0035 0.00014
5.75 1.0032 0.05862 -0.0792 0.2448 1.0000 3 0.0024 0.00017
6.00 1.0233 0.06283 -0.0793 0.2543 1.0000 3 0.0009 0.00036
6.25 1.0394 0.06736 -0.0798 0.2649 1.0000 3 0.0053 0.00018
6.50 1.0476 0.07211 -0.0809 0.2771 1.0000 3 0.0073 0.00016
6.75 1.0505 0.07728 -0.0826 0.2909 1.0000 3 0.0062 0.00009
7.00 1.0540 0.08277 -0.0847 0.3059 1.0000 3 0.0130 0.00018
7.25 1.0435 0.08841 -0.0877 0.3215 1.0000 3 0.0146 0.00025
7.50 1.0349 0.09439 -0.0911 0.3394 1.0000 3 0.0062 0.00022
7.75 1.0155 0.09998 -0.0950 0.3578 1.0000 3 0.0130 0.00063
8.00 0.9992 0.10580 -0.0993 0.3787 1.0000 3 0.0092 0.00060
8.25 0.9758 0.11178 -0.1051 0.4088 1.0000 2 0.0077 0.00068
8.50 0.9630 0.11773 -0.1105 0.4456 1.0000 3 0.0129 0.00123
8.75 0.9353 0.12309 -0.1171 0.5054 1.0000 3 0.0086 0.00117
9.00 0.8755 0.12715 -0.1268 0.6614 1.0000 3 0.0110 0.00051
9.50 0.8087 0.13064 -0.1265 0.8371 1.0000 1 0.0000 0.00000
9.75 0.8108 0.13432 -0.1283 0.8605 1.0000 3 0.0082 0.00073
10.00 0.8153 0.13797 -0.1290 0.8632 1.0000 3 0.0107 0.00107
10.25 0.8271 0.14232 -0.1309 0.8604 1.0000 3 0.0112 0.00158
10.50 0.8374 0.14649 -0.1324 0.8506 1.0000 3 0.0081 0.00075
10.75 0.8499 0.15128 -0.1343 0.8384 1.0000 2 0.0045 0.00014
11.00 0.8599 0.15547 -0.1351 0.8229 1.0000 3 0.0106 0.00027
11.25 0.8724 0.15986 -0.1365 0.8035 1.0000 3 0.0143 0.00084
11.50 0.8903 0.16455 -0.1386 0.7813 1.0000 3 0.0112 0.00105
11.75 0.9048 0.16902 -0.1400 0.7572 1.0000 3 0.0151 0.00206
12.00 0.9158 0.17299 -0.1406 0.7332 1.0000 3 0.0138 0.00128
12.25 0.9265 0.17756 -0.1411 0.7087 1.0000 3 0.0162 0.00095
12.50 0.9407 0.18187 -0.1419 0.6835 1.0000 3 0.0080 0.00166
12.75 0.9586 0.18694 -0.1430 0.6571 1.0000 3 0.0105 0.00162
13.00 0.9667 0.19038 -0.1430 0.6318 1.0000 3 0.0197 0.00133
13.25 0.9784 0.19424 -0.1433 0.6067 1.0000 3 0.0130 0.00112
13.50 0.9921 0.19881 -0.1437 0.5817 1.0000 3 0.0097 0.00230
13.75 1.0042 0.20293 -0.1441 0.5584 1.0000 3 0.0206 0.00090
14.00 1.0138 0.20661 -0.1444 0.5365 1.0000 3 0.0106 0.00282
14.25 1.0229 0.21003 -0.1448 0.5153 1.0000 3 0.0172 0.00078
14.50 1.0332 0.21400 -0.1452 0.4953 1.0000 3 0.0137 0.00237
14.75 1.0460 0.21860 -0.1457 0.4754 1.0000 3 0.0225 0.00105
15.00 1.0566 0.22282 -0.1461 0.4544 1.0000 3 0.0133 0.00286
15.25 1.0616 0.22498 -0.1466 0.4370 1.0000 3 0.0177 0.00143
15.50 1.0752 0.22888 -0.1471 0.4194 1.0000 3 0.0177 0.00303
15.75 1.0794 0.23207 -0.1478 0.4033 1.0000 3 0.0153 0.00240
16.00 1.0936 0.23802 -0.1483 0.3858 1.0000 3 0.0106 0.00494
