alpha cl cd cm ld phi
-6.00 -0.4185 0.08736 -0.0203 -4.79 nan
-5.75 -0.4092 0.08478 -0.0210 -4.83 nan
-5.50 -0.3962 0.08149 -0.0241 -4.86 nan
-5.25 -0.3779 0.07942 -0.0297 -4.76 nan
-5.00 -0.3721 0.07521 -0.0262 -4.95 nan
-4.75 -0.3573 0.07206 -0.0280 -4.96 nan
-4.50 -0.3411 0.06900 -0.0301 -4.94 nan
-4.25 -0.3225 0.06616 -0.0326 -4.87 nan
-4.00 -0.3056 0.06289 -0.0337 -4.86 nan
-3.75 -0.2841 0.06008 -0.0365 -4.73 nan
-3.50 -0.2670 0.05704 -0.0372 -4.68 nan
-3.25 -0.2550 0.05383 -0.0353 -4.74 nan
-3.00 -0.2427 0.05090 -0.0335 -4.77 nan
nan nan nan nan nan nan
-2.25 -0.2348 0.04260 -0.0173 -5.51 nan
-2.00 -0.2385 0.03965 -0.0093 -6.02 nan
nan nan nan nan nan nan
-1.50 -0.2350 0.03416 0.0028 -6.88 nan
-1.25 -0.2249 0.03129 0.0050 -7.19 nan
-1.00 -0.1885 0.02860 0.0019 -6.59 nan
-0.75 0.1358 0.02692 -0.0766 5.04 11.213
-0.50 0.1696 0.02549 -0.0769 6.65 8.547
-0.25 0.1987 0.02419 -0.0768 8.21 6.941
0.00 0.2280 0.02315 -0.0767 9.85 5.798
0.25 0.2583 0.02227 -0.0765 11.60 4.928
0.50 0.2874 0.02146 -0.0763 13.39 4.270
0.75 0.3159 0.02077 -0.0761 15.21 3.762
1.00 0.3445 0.02012 -0.0760 17.12 3.342
1.25 0.3718 0.01791 -0.0752 20.76 2.758
1.50 0.3946 0.01824 -0.0741 21.63 2.647
1.75 0.4127 0.01861 -0.0725 22.18 2.582
2.00 0.4343 0.01900 -0.0715 22.86 2.505
2.25 0.4514 0.01944 -0.0697 23.22 2.466
2.50 0.4727 0.01988 -0.0686 23.78 2.408
2.75 0.6590 0.02326 -0.0902 28.33 2.021
3.00 0.6878 0.02475 -0.0895 27.79 2.061
3.25 0.7280 0.02652 -0.0903 27.45 2.086
3.50 0.7672 0.02863 -0.0909 26.80 2.137
3.75 0.8020 0.03079 -0.0908 26.05 2.199
4.00 0.8334 0.03326 -0.0902 25.06 2.285
4.25 0.8639 0.03535 -0.0889 24.44 2.343
4.50 0.8942 0.03789 -0.0875 23.60 2.426
4.75 0.9242 0.04062 -0.0860 22.75 2.517
5.00 0.9567 0.04387 -0.0845 21.81 2.625
5.25 0.9930 0.04755 -0.0844 20.88 2.742
5.50 1.0282 0.05432 -0.0946 18.93 3.024
5.75 1.0029 0.06375 -0.1081 15.73 3.637
6.00 0.9139 0.06843 -0.1045 13.36 4.282
6.25 0.9089 0.07605 -0.1157 11.95 4.783
6.50 0.8452 0.08149 -0.1196 10.37 5.507
nan nan nan nan nan nan
7.25 0.8267 0.09324 -0.1205 8.87 6.435
7.50 0.8486 0.09792 -0.1218 8.67 6.582
7.75 0.8930 0.10344 -0.1227 8.63 6.607
8.00 0.9190 0.10723 -0.1194 8.57 6.655
8.25 0.9419 0.11055 -0.1143 8.52 6.694
8.50 0.9576 0.11357 -0.1095 8.43 6.764
8.75 0.9751 0.11703 -0.1055 8.33 6.844
9.00 0.9763 0.12030 -0.1027 8.12 7.025
9.25 0.9895 0.12448 -0.1001 7.95 7.170
9.50 0.9916 0.12813 -0.0983 7.74 7.363
9.75 0.9978 0.13237 -0.0978 7.54 7.557
10.00 0.9912 0.13602 -0.0981 7.29 7.814
10.25 0.9997 0.14028 -0.0975 7.13 7.988
10.50 1.0042 0.14481 -0.0960 6.93 8.206
10.75 0.9930 0.14798 -0.0983 6.71 8.476
11.00 0.9951 0.15214 -0.0988 6.54 8.693
11.25 1.0040 0.15749 -0.0984 6.38 8.915
11.50 0.9960 0.16013 -0.1019 6.22 9.133
11.75 1.0040 0.16480 -0.1024 6.09 9.322
12.00 1.0081 0.16916 -0.1024 5.96 9.526
12.25 1.0064 0.17270 -0.1051 5.83 9.737
12.50 1.0121 0.17689 -0.1062 5.72 9.914
12.75 1.0185 0.18166 -0.1064 5.61 10.113
13.00 1.0201 0.18430 -0.1101 5.53 10.241
13.25 1.0303 0.19065 -0.1085 5.40 10.484
13.50 1.0261 0.19212 -0.1130 5.34 10.605
13.75 1.0304 0.19550 -0.1147 5.27 10.743
14.00 1.0448 0.20170 -0.1145 5.18 10.927
14.25 1.0400 0.20309 -0.1184 5.12 11.050
14.50 1.0457 0.20670 -0.1198 5.06 11.181
14.75 1.0624 0.21252 -0.1207 5.00 11.312
15.00 1.0631 0.21568 -0.1227 4.93 11.468
15.25 1.0653 0.21819 -0.1253 4.88 11.575
15.50 1.0722 0.22215 -0.1261 4.83 11.706
15.75 1.0770 0.22468 -0.1289 4.79 11.784
16.00 1.0905 0.22865 -0.1308 4.77 11.842
