alpha phin
-6.00 nan
-5.75 nan
-5.50 nan
-5.25 nan
-5.00 nan
-4.75 nan
-4.50 nan
-4.25 nan
-4.00 nan
-3.75 nan
-3.50 nan
-3.25 nan
-3.00 nan
-2.75 nan
-2.50 nan
-2.25 nan
-2.00 nan
-1.75 42.203
-1.50 25.869
-1.25 18.602
-1.00 14.274
-0.75 9.259
-0.50 9.716
-0.25 5.897
0.00 5.016
0.25 4.414
0.50 3.972
0.75 3.594
1.00 3.307
1.25 3.107
1.50 2.916
1.75 2.777
2.00 2.641
2.25 2.509
2.50 2.362
2.75 2.328
3.00 1.572
3.25 1.635
3.50 1.678
3.75 1.719
4.00 1.771
4.25 1.821
4.50 1.866
4.75 1.895
5.00 1.907
5.25 1.956
5.50 2.019
5.75 2.111
6.00 2.192
6.25 2.284
6.50 2.391
6.75 2.509
7.00 2.632
7.25 2.790
7.50 2.913
7.75 3.060
8.00 3.215
8.25 3.557
8.50 4.009
8.75 4.193
9.00 4.588
9.25 5.044
9.50 5.653
9.75 6.381
10.00 7.323
nan nan
10.50 6.630
nan nan
11.00 6.985
11.25 7.287
11.50 7.460
11.75 7.643
12.00 7.912
12.25 8.131
12.50 8.345
12.75 8.434
13.00 8.759
13.25 8.895
13.50 9.092
13.75 9.261
14.00 9.448
14.25 9.633
14.50 9.767
14.75 9.879
15.00 10.070
15.25 10.235
15.50 10.332
15.75 10.511
16.00 10.523
