x cf H
0.00099 0.034532 2.2589
0.00195 0.038222 2.2671
0.00314 0.040061 2.2790
0.00457 0.040691 2.2899
0.00625 0.040452 2.3008
0.00820 0.039641 2.3112
0.01047 0.038456 2.3212
0.01309 0.037045 2.3307
0.01610 0.035499 2.3397
0.01960 0.033885 2.3482
0.02364 0.032244 2.3563
0.02834 0.030608 2.3638
0.03381 0.028995 2.3710
0.04017 0.027422 2.3777
0.04752 0.025905 2.3841
0.05593 0.024456 2.3901
0.06541 0.023086 2.3961
0.07588 0.021803 2.4020
0.08722 0.020607 2.4081
0.09929 0.019492 2.4146
0.11194 0.018448 2.4217
0.12505 0.017462 2.4297
0.13854 0.016522 2.4386
0.15233 0.015614 2.4489
0.16636 0.014728 2.4609
0.18060 0.013852 2.4748
0.19502 0.012976 2.4913
0.20960 0.012090 2.5110
0.22430 0.011184 2.5348
0.23912 0.010245 2.5639
0.25405 0.009263 2.6002
0.26906 0.008225 2.6461
0.28416 0.007122 2.7052
0.29932 0.005947 2.7829
0.31455 0.004706 2.8866
0.32984 0.003423 3.0266
0.34518 0.002151 3.2168
0.36058 0.000982 3.4743
0.37606 0.000030 3.8161
0.39164 -0.000595 4.2509
0.40741 -0.000873 4.7837
0.42343 -0.000908 5.3734
0.43957 -0.000865 6.0123
0.45579 -0.000815 6.7005
0.47205 -0.000777 7.4352
0.48834 -0.000749 8.2142
0.50464 -0.000729 9.0354
0.52096 -0.000713 9.8965
0.53728 -0.000701 10.7956
0.55361 -0.000691 11.7302
0.56993 -0.000684 12.6980
0.58626 -0.000678 13.6965
0.60258 -0.000674 14.7229
0.61890 -0.000670 15.7743
0.63521 -0.000668 16.8475
0.65151 -0.000665 17.9387
0.66780 -0.000664 19.0440
0.68407 -0.000662 20.1586
0.70033 -0.000661 21.2769
0.71657 -0.000661 22.3924
0.73280 -0.000660 23.4966
0.74900 -0.000659 24.5787
0.76518 -0.000658 25.6227
0.78133 -0.000657 26.6032
0.79746 -0.000321 20.8760
0.81356 -0.000310 15.3381
0.82963 -0.000273 12.7328
0.84567 -0.000230 11.1674
0.86166 -0.000201 10.1127
0.87761 -0.000179 9.3656
0.89349 -0.000162 8.8066
0.90927 -0.000149 8.3748
0.92487 -0.000138 8.0360
0.94018 -0.000129 7.7680
0.95495 -0.000121 7.5564
0.96881 -0.000115 7.3906
0.98134 -0.000110 7.2627
0.99221 -0.000106 7.1639
1.00025 -0.000103 7.0960
