x y
1.000000 0.000000
0.999904 0.000019
0.999615 0.000077
0.999133 0.000173
0.998459 0.000307
0.997592 0.000478
0.996534 0.000685
0.995285 0.000928
0.993844 0.001206
0.992213 0.001517
0.990393 0.001860
0.988383 0.002233
0.986185 0.002636
0.983800 0.003065
0.981228 0.003520
0.978470 0.003997
0.975528 0.004495
0.972403 0.005012
0.969096 0.005544
0.965607 0.006090
0.961940 0.006646
0.958094 0.007210
0.954072 0.007779
0.949874 0.008350
0.945503 0.008919
0.940961 0.009484
0.936248 0.010041
0.931367 0.010586
0.926320 0.011117
0.921109 0.011629
0.915735 0.012119
0.910201 0.012584
0.904508 0.013019
0.898660 0.013421
0.892658 0.013787
0.886505 0.014112
0.880203 0.014392
0.873754 0.014624
0.867161 0.014804
0.860427 0.014928
0.853553 0.014992
0.846544 0.015000
0.839400 0.015000
0.832126 0.015000
0.824724 0.015000
0.817197 0.015000
0.809547 0.015000
0.801778 0.015000
0.793893 0.015000
0.785894 0.015000
0.777785 0.015000
0.769569 0.015000
0.761249 0.015000
0.752829 0.015000
0.744311 0.015000
0.735698 0.015000
0.726995 0.015000
0.718205 0.015000
0.709330 0.015000
0.700374 0.015000
0.691342 0.015000
0.682235 0.015000
0.673059 0.015000
0.663815 0.015000
0.654508 0.015000
0.645142 0.015000
0.635720 0.015000
0.626246 0.015000
0.616723 0.015000
0.607155 0.015000
0.597545 0.015000
0.587898 0.015000
0.578217 0.015000
0.568506 0.015000
0.558769 0.015000
0.549009 0.015000
0.539230 0.015000
0.529435 0.015000
0.519630 0.015000
0.509817 0.015000
0.500000 0.015000
0.490183 0.015000
0.480370 0.015000
0.470565 0.015000
0.460770 0.015000
0.450991 0.015000
0.441231 0.015000
0.431494 0.015000
0.421783 0.015000
0.412102 0.015000
0.402455 0.015000
0.392845 0.015000
0.383277 0.015000
0.373754 0.015000
0.364280 0.015000
0.354858 0.015000
0.345492 0.015000
0.336185 0.015000
0.326941 0.015000
0.317765 0.015000
0.308658 0.015000
0.299626 0.015000
0.290670 0.015000
0.281795 0.015000
0.273005 0.015000
0.264302 0.015000
0.255689 0.015000
0.247171 0.015000
0.238751 0.015000
0.230431 0.015000
0.222215 0.015000
0.214106 0.015000
0.206107 0.015000
0.198222 0.015000
0.190453 0.015000
0.182803 0.015000
0.175276 0.015000
0.167874 0.015000
0.160600 0.015000
0.153456 0.015000
0.146447 0.015000
0.139573 0.015000
0.132839 0.015000
0.126246 0.015000
0.119797 0.015000
0.113495 0.015000
0.107342 0.015000
0.101340 0.015000
0.095492 0.015000
0.089799 0.015000
0.084265 0.015000
0.078891 0.015000
0.073680 0.015000
0.068633 0.014999
0.063752 0.014998
0.059039 0.014997
0.054497 0.014995
0.050126 0.014991
0.045928 0.014984
0.041906 0.014972
0.038060 0.014953
0.034393 0.014923
0.030904 0.014878
0.027597 0.014810
0.024472 0.014710
0.021530 0.014569
0.018772 0.014373
0.016200 0.014109
0.013815 0.013760
0.011617 0.013311
0.009607 0.012748
0.007787 0.012055
0.006156 0.011224
0.004715 0.010248
0.003466 0.009125
0.002408 0.007860
0.001541 0.006465
0.000867 0.004957
0.000385 0.003357
0.000096 0.001695
0.000000 0.000000
0.000096 -0.001695
0.000385 -0.003357
0.000867 -0.004957
0.001541 -0.006465
0.002408 -0.007860
0.003466 -0.009125
0.004715 -0.010248
0.006156 -0.011224
0.007787 -0.012055
0.009607 -0.012748
0.011617 -0.013311
0.013815 -0.013760
0.016200 -0.014109
0.018772 -0.014373
0.021530 -0.014569
0.024472 -0.014710
0.027597 -0.014810
0.030904 -0.014878
0.034393 -0.014923
0.038060 -0.014953
0.041906 -0.014972
0.045928 -0.014984
0.050126 -0.014991
0.054497 -0.014995
0.059039 -0.014997
0.063752 -0.014998
0.068633 -0.014999
0.073680 -0.015000
0.078891 -0.015000
0.084265 -0.015000
0.089799 -0.015000
0.095492 -0.015000
0.101340 -0.015000
0.107342 -0.015000
0.113495 -0.015000
0.119797 -0.015000
0.126246 -0.015000
0.132839 -0.015000
0.139573 -0.015000
0.146447 -0.015000
0.153456 -0.015000
0.160600 -0.015000
0.167874 -0.015000
0.175276 -0.015000
0.182803 -0.015000
0.190453 -0.015000
0.198222 -0.015000
0.206107 -0.015000
0.214106 -0.015000
0.222215 -0.015000
0.230431 -0.015000
0.238751 -0.015000
0.247171 -0.015000
0.255689 -0.015000
0.264302 -0.015000
0.273005 -0.015000
0.281795 -0.015000
0.290670 -0.015000
0.299626 -0.015000
0.308658 -0.015000
0.317765 -0.015000
0.326941 -0.015000
0.336185 -0.015000
0.345492 -0.015000
0.354858 -0.015000
0.364280 -0.015000
0.373754 -0.015000
0.383277 -0.015000
0.392845 -0.015000
0.402455 -0.015000
0.412102 -0.015000
0.421783 -0.015000
0.431494 -0.015000
0.441231 -0.015000
0.450991 -0.015000
0.460770 -0.015000
0.470565 -0.015000
0.480370 -0.015000
0.490183 -0.015000
0.500000 -0.015000
0.509817 -0.015000
0.519630 -0.015000
0.529435 -0.015000
0.539230 -0.015000
0.549009 -0.015000
0.558769 -0.015000
0.568506 -0.015000
0.578217 -0.015000
0.587898 -0.015000
0.597545 -0.015000
0.607155 -0.015000
0.616723 -0.015000
0.626246 -0.015000
0.635720 -0.015000
0.645142 -0.015000
0.654508 -0.015000
0.663815 -0.015000
0.673059 -0.015000
0.682235 -0.015000
0.691342 -0.015000
0.700374 -0.015000
0.709330 -0.015000
0.718205 -0.015000
0.726995 -0.015000
0.735698 -0.015000
0.744311 -0.015000
0.752829 -0.015000
0.761249 -0.015000
0.769569 -0.015000
0.777785 -0.015000
0.785894 -0.015000
0.793893 -0.015000
0.801778 -0.015000
0.809547 -0.015000
0.817197 -0.015000
0.824724 -0.015000
0.832126 -0.015000
0.839400 -0.015000
0.846544 -0.015000
0.853553 -0.014992
0.860427 -0.014928
0.867161 -0.014804
0.873754 -0.014624
0.880203 -0.014392
0.886505 -0.014112
0.892658 -0.013787
0.898660 -0.013421
0.904508 -0.013019
0.910201 -0.012584
0.915735 -0.012119
0.921109 -0.011629
0.926320 -0.011117
0.931367 -0.010586
0.936248 -0.010041
0.940961 -0.009484
0.945503 -0.008919
0.949874 -0.008350
0.954072 -0.007779
0.958094 -0.007210
0.961940 -0.006646
0.965607 -0.006090
0.969096 -0.005544
0.972403 -0.005012
0.975528 -0.004495
0.978470 -0.003997
0.981228 -0.003520
0.983800 -0.003065
0.986185 -0.002636
0.988383 -0.002233
0.990393 -0.001860
0.992213 -0.001517
0.993844 -0.001206
0.995285 -0.000928
0.996534 -0.000685
0.997592 -0.000478
0.998459 -0.000307
0.999133 -0.000173
0.999615 -0.000077
0.999904 -0.000019
1.000000 0.000000
