alpha cl cd cm xtrs xtri npan dcl dcd
-6.00 -0.4465 0.06605 0.0252 1.0000 0.7066 3 0.0073 0.00005
-5.75 -0.4138 0.06316 0.0238 1.0000 0.7519 3 0.0005 0.00000
-5.50 -0.3692 0.06005 0.0203 1.0000 0.8048 3 0.0050 0.00013
-5.25 -0.3153 0.05658 0.0142 1.0000 0.8626 3 0.0074 0.00023
-5.00 -0.2479 0.05245 0.0042 1.0000 0.9243 3 0.0098 0.00044
-4.75 -0.1373 0.04597 -0.0169 1.0000 1.0000 3 0.0000 0.00004
-4.50 -0.1281 0.04413 -0.0179 1.0000 1.0000 3 0.0000 0.00004
-4.25 -0.1187 0.04240 -0.0188 1.0000 1.0000 3 0.0001 0.00003
-4.00 -0.1092 0.04079 -0.0196 1.0000 1.0000 3 0.0001 0.00002
-3.75 -0.0996 0.03930 -0.0201 1.0000 1.0000 3 0.0001 0.00002
-3.50 -0.0899 0.03793 -0.0206 1.0000 1.0000 3 0.0001 0.00002
-3.25 -0.0802 0.03667 -0.0208 1.0000 1.0000 3 0.0001 0.00002
-3.00 -0.0706 0.03552 -0.0208 1.0000 1.0000 3 0.0001 0.00002
-2.75 -0.0612 0.03448 -0.0206 1.0000 1.0000 3 0.0001 0.00000
-2.50 -0.0519 0.03355 -0.0202 1.0000 1.0000 3 0.0001 0.00001
-2.25 -0.0430 0.03271 -0.0194 1.0000 1.0000 3 0.0001 0.00001
-2.00 -0.0347 0.03198 -0.0184 1.0000 1.0000 3 0.0000 0.00001
-1.75 -0.0270 0.03135 -0.0172 1.0000 1.0000 3 0.0000 0.00000
-1.50 -0.0203 0.03081 -0.0155 1.0000 1.0000 3 0.0001 0.00000
-1.25 -0.0146 0.03035 -0.0136 1.0000 1.0000 3 0.0000 0.00001
-1.00 -0.0101 0.02999 -0.0113 1.0000 1.0000 3 0.0000 0.00000
-0.75 -0.0067 0.02971 -0.0087 1.0000 1.0000 3 0.0000 0.00001
-0.50 -0.0039 0.02950 -0.0060 1.0000 1.0000 3 0.0000 0.00001
-0.25 -0.0018 0.02938 -0.0030 1.0000 1.0000 3 0.0000 0.00000
0.00 0.0000 0.02934 0.0000 1.0000 1.0000 3 0.0000 0.00000
0.25 0.0018 0.02938 0.0030 1.0000 1.0000 3 0.0000 0.00000
0.50 0.0039 0.02950 0.0060 1.0000 1.0000 3 0.0000 0.00000
0.75 0.0067 0.02970 0.0087 1.0000 1.0000 3 0.0000 0.00001
1.00 0.0101 0.02999 0.0113 1.0000 1.0000 3 0.0000 0.00001
1.25 0.0146 0.03035 0.0136 1.0000 1.0000 3 0.0000 0.00000
1.50 0.0203 0.03080 0.0155 1.0000 1.0000 3 0.0000 0.00000
1.75 0.0271 0.03134 0.0171 1.0000 1.0000 3 0.0001 0.00001
2.00 0.0347 0.03198 0.0184 1.0000 1.0000 3 0.0001 0.00000
2.25 0.0431 0.03271 0.0194 1.0000 1.0000 3 0.0001 0.00000
2.50 0.0520 0.03354 0.0201 1.0000 1.0000 3 0.0001 0.00000
2.75 0.0613 0.03447 0.0206 1.0000 1.0000 3 0.0002 0.00000
3.00 0.0708 0.03551 0.0208 1.0000 1.0000 3 0.0001 0.00001
3.25 0.0804 0.03665 0.0208 1.0000 1.0000 3 0.0001 0.00001
3.50 0.0901 0.03791 0.0205 1.0000 1.0000 3 0.0001 0.00002
3.75 0.0998 0.03929 0.0201 1.0000 1.0000 3 0.0001 0.00002
4.00 0.1095 0.04078 0.0195 1.0000 1.0000 3 0.0001 0.00002
4.25 0.1190 0.04239 0.0188 1.0000 1.0000 3 0.0001 0.00002
4.50 0.1284 0.04411 0.0179 1.0000 1.0000 3 0.0001 0.00003
4.75 0.1377 0.04595 0.0168 1.0000 1.0000 3 0.0001 0.00003
5.00 0.2484 0.05243 -0.0042 0.9241 1.0000 3 0.0096 0.00041
5.25 0.3157 0.05657 -0.0143 0.8622 1.0000 3 0.0068 0.00022
5.50 0.3696 0.06003 -0.0204 0.8046 1.0000 3 0.0050 0.00012
5.75 0.4141 0.06315 -0.0239 0.7517 1.0000 3 0.0003 0.00001
6.00 0.4468 0.06604 -0.0253 0.7062 1.0000 3 0.0060 0.00004
6.25 0.4852 0.06891 -0.0261 0.6576 1.0000 2 0.0062 0.00002
6.50 0.4958 0.07192 -0.0253 0.6296 1.0000 3 0.0156 0.00006
6.75 0.5152 0.07505 -0.0248 0.5979 1.0000 3 0.0117 0.00011
7.00 0.5187 0.07848 -0.0241 0.5779 1.0000 3 0.0099 0.00008
7.25 0.5212 0.08203 -0.0236 0.5613 1.0000 3 0.0025 0.00003
7.50 0.5236 0.08582 -0.0236 0.5489 1.0000 3 0.0016 0.00003
7.75 0.5275 0.08973 -0.0238 0.5380 1.0000 3 0.0046 0.00002
8.00 0.5232 0.09383 -0.0244 0.5371 1.0000 3 0.0029 0.00010
8.25 0.5215 0.09805 -0.0254 0.5383 1.0000 3 0.0038 0.00006
9.25 0.3668 0.10607 -0.0270 0.9104 1.0000 3 0.0041 0.00054
9.50 0.3841 0.11041 -0.0296 0.8826 1.0000 3 0.0006 0.00017
9.75 0.4082 0.11625 -0.0334 0.8532 1.0000 3 0.0061 0.00102
10.00 0.4220 0.11987 -0.0348 0.8272 1.0000 3 0.0055 0.00119
10.25 0.4393 0.12463 -0.0368 0.8013 1.0000 3 0.0034 0.00061
10.50 0.4588 0.12979 -0.0388 0.7768 1.0000 3 0.0074 0.00115
10.75 0.4707 0.13361 -0.0397 0.7529 1.0000 3 0.0014 0.00057
11.00 0.4856 0.13743 -0.0409 0.7295 1.0000 3 0.0067 0.00096
11.25 0.4989 0.14144 -0.0418 0.7085 1.0000 3 0.0082 0.00207
11.50 0.5125 0.14636 -0.0427 0.6874 1.0000 3 0.0022 0.00088
11.75 0.5184 0.14900 -0.0425 0.6678 1.0000 3 0.0061 0.00088
12.00 0.5314 0.15269 -0.0434 0.6477 1.0000 3 0.0102 0.00238
12.25 0.5407 0.15640 -0.0437 0.6307 1.0000 3 0.0079 0.00005
12.50 0.5522 0.16008 -0.0443 0.6120 1.0000 3 0.0081 0.00023
12.75 0.5659 0.16384 -0.0454 0.5945 1.0000 3 0.0108 0.00259
13.00 0.5754 0.16745 -0.0458 0.5787 1.0000 3 0.0090 0.00082
13.25 0.5825 0.17076 -0.0461 0.5636 1.0000 3 0.0091 0.00036
13.50 0.5920 0.17407 -0.0466 0.5481 1.0000 3 0.0071 0.00117
13.75 0.6025 0.17841 -0.0473 0.5331 1.0000 3 0.0133 0.00109
14.00 0.6133 0.18209 -0.0480 0.5187 1.0000 2 0.0000 0.00152
14.25 0.6263 0.18492 -0.0491 0.5048 1.0000 3 0.0058 0.00498
14.50 0.6329 0.18821 -0.0496 0.4918 1.0000 3 0.0049 0.00254
14.75 0.6419 0.19140 -0.0504 0.4790 1.0000 3 0.0120 0.00066
15.00 0.6506 0.19557 -0.0512 0.4669 1.0000 3 0.0149 0.00117
15.25 0.6654 0.19840 -0.0520 0.4552 1.0000 3 0.0114 0.00414
15.50 0.6692 0.20132 -0.0530 0.4440 1.0000 3 0.0123 0.00103
15.75 0.6805 0.20511 -0.0541 0.4332 1.0000 3 0.0133 0.00089
16.00 0.6936 0.20976 -0.0551 0.4217 1.0000 3 0.0058 0.00397
