alpha cl cd cm xtrs xtri npts dcl dcd biest clalt cdalt
-6.00 -0.4150 0.08858 -0.0242 1.0000 0.1305 5 0.0038 0.00122 0 -0.4150 0.08858
-5.75 -0.4092 0.08426 -0.0210 1.0000 0.1361 5 0.0062 0.00175 0 -0.4092 0.08426
-5.50 -0.3962 0.08149 -0.0241 1.0000 0.1433 5 0.0032 0.00029 0 -0.3962 0.08149
-5.25 -0.3772 0.07942 -0.0301 1.0000 0.1525 6 0.0085 0.00139 0 -0.3772 0.07942
-5.00 -0.3721 0.07520 -0.0262 1.0000 0.1601 6 0.0017 0.00051 0 -0.3721 0.07520
-4.75 -0.3573 0.07206 -0.0280 1.0000 0.1698 6 0.0023 0.00038 0 -0.3573 0.07206
-4.50 -0.3411 0.06897 -0.0299 1.0000 0.1820 5 0.0010 0.00032 0 -0.3411 0.06897
-4.25 -0.3227 0.06616 -0.0326 1.0000 0.1960 4 0.0056 0.00052 0 -0.3227 0.06616
-4.00 -0.3065 0.06289 -0.0335 1.0000 0.2118 4 0.0017 0.00028 0 -0.3065 0.06289
-3.75 -0.2838 0.06001 -0.0368 1.0000 0.2351 4 0.0030 0.00061 0 -0.2838 0.06001
-3.50 -0.2664 0.05690 -0.0373 1.0000 0.2641 4 0.0060 0.00075 0 -0.2664 0.05690
-3.25 -0.2531 0.05393 -0.0360 1.0000 0.2995 2 0.0051 0.00045 0 -0.2531 0.05393
-3.00 -0.2427 0.05090 -0.0335 1.0000 0.3401 1 0.0000 0.00000 0 -0.2427 0.05090
-2.00 -0.2385 0.03965 -0.0093 1.0000 0.5824 1 0.0000 0.00000 0 -0.2385 0.03965
-1.50 -0.2376 0.03433 0.0029 1.0000 0.6815 2 0.0062 0.00033 0 -0.2376 0.03433
-1.25 -0.2267 0.03149 0.0061 1.0000 0.7215 2 0.0096 0.00040 0 -0.2267 0.03149
-1.00 -0.1932 0.02880 0.0027 1.0000 0.7454 2 0.0179 0.00039 1 0.0991 0.02895
-0.75 0.1358 0.02692 -0.0766 1.0000 0.1569 6 0.0107 0.00040 0 0.1358 0.02692
-0.50 0.1696 0.02549 -0.0769 1.0000 0.1452 7 0.0120 0.00051 0 0.1696 0.02549
-0.25 0.1987 0.02419 -0.0768 1.0000 0.1407 7 0.0131 0.00044 0 0.1987 0.02419
0.00 0.2280 0.02315 -0.0767 1.0000 0.1410 7 0.0131 0.00036 0 0.2280 0.02315
0.25 0.2583 0.02227 -0.0765 1.0000 0.1417 7 0.0133 0.00031 0 0.2583 0.02227
0.50 0.2874 0.02146 -0.0763 1.0000 0.1510 7 0.0139 0.00036 0 0.2874 0.02146
0.75 0.3159 0.02077 -0.0761 1.0000 0.1680 7 0.0145 0.00038 0 0.3159 0.02077
1.00 0.3445 0.02012 -0.0760 1.0000 0.2013 7 0.0153 0.00040 0 0.3445 0.02012
1.25 0.3718 0.01791 -0.0752 1.0000 1.0000 7 0.0134 0.00006 0 0.3718 0.01791
1.50 0.3946 0.01824 -0.0741 1.0000 1.0000 7 0.0129 0.00007 0 0.3946 0.01824
1.75 0.4166 0.01859 -0.0732 1.0000 1.0000 5 0.0133 0.00006 0 0.4166 0.01859
2.00 0.4383 0.01898 -0.0723 1.0000 1.0000 7 0.0137 0.00006 1 0.6027 0.01711
2.25 0.4556 0.01942 -0.0706 1.0000 1.0000 4 0.0142 0.00006 1 0.6120 0.02055
2.50 0.4770 0.01986 -0.0694 1.0000 1.0000 4 0.0148 0.00006 1 0.6348 0.02196
2.75 0.6590 0.02326 -0.0902 0.1182 1.0000 7 0.0026 0.00022 0 0.6590 0.02326
3.00 0.6878 0.02475 -0.0895 0.1120 1.0000 7 0.0012 0.00016 0 0.6878 0.02475
3.25 0.7280 0.02652 -0.0903 0.1101 1.0000 7 0.0012 0.00017 0 0.7280 0.02652
3.50 0.7672 0.02863 -0.0909 0.1074 1.0000 7 0.0020 0.00033 0 0.7672 0.02863
3.75 0.8020 0.03079 -0.0908 0.1113 1.0000 7 0.0020 0.00016 0 0.8020 0.03079
4.00 0.8334 0.03326 -0.0902 0.1141 1.0000 7 0.0019 0.00034 0 0.8334 0.03326
4.25 0.8639 0.03535 -0.0889 0.1228 1.0000 7 0.0014 0.00020 0 0.8639 0.03535
4.50 0.8942 0.03789 -0.0875 0.1334 1.0000 7 0.0004 0.00017 0 0.8942 0.03789
4.75 0.9242 0.04062 -0.0860 0.1532 1.0000 7 0.0003 0.00081 0 0.9242 0.04062
5.00 0.9567 0.04387 -0.0845 0.1878 1.0000 7 0.0007 0.00026 0 0.9567 0.04387
5.25 0.9930 0.04788 -0.0844 0.2541 1.0000 3 0.0010 0.00056 0 0.9930 0.04788
5.50 1.0271 0.05430 -0.0948 0.3998 1.0000 5 0.0584 0.00667 0 1.0271 0.05430
5.75 1.0022 0.06395 -0.1088 0.4933 1.0000 3 0.0658 0.00628 0 1.0022 0.06395
6.00 0.9139 0.06843 -0.1045 0.4947 1.0000 3 0.0562 0.00484 0 0.9139 0.06843
6.25 0.9089 0.07641 -0.1169 0.5701 1.0000 1 0.0000 0.00000 0 0.9089 0.07641
7.50 0.8486 0.09792 -0.1218 0.6429 1.0000 1 0.0000 0.00000 0 0.8486 0.09792
7.75 0.8930 0.10344 -0.1227 0.5890 1.0000 7 0.0783 0.00304 0 0.8930 0.10344
8.00 0.9190 0.10723 -0.1194 0.5325 1.0000 6 0.0115 0.00049 0 0.9190 0.10723
8.25 0.9351 0.11028 -0.1143 0.4773 1.0000 4 0.0141 0.00087 0 0.9351 0.11028
8.50 0.9573 0.11357 -0.1092 0.4186 1.0000 4 0.0149 0.00000 0 0.9573 0.11357
8.75 0.9753 0.11703 -0.1048 0.3706 1.0000 4 0.0008 0.00034 0 0.9753 0.11703
9.00 0.9763 0.12030 -0.1026 0.3380 1.0000 4 0.0053 0.00047 0 0.9763 0.12030
9.25 0.9854 0.12413 -0.1001 0.3075 1.0000 4 0.0144 0.00074 0 0.9854 0.12413
9.50 0.9916 0.12813 -0.0983 0.2828 1.0000 4 0.0049 0.00036 0 0.9916 0.12813
9.75 0.9913 0.13195 -0.0978 0.2631 1.0000 4 0.0197 0.00102 0 0.9913 0.13195
10.00 0.9909 0.13602 -0.0964 0.2480 1.0000 5 0.0757 0.00540 0 0.9909 0.13602
10.25 1.0017 0.14049 -0.0961 0.2282 1.0000 4 0.0039 0.00054 0 1.0017 0.14049
10.50 1.0055 0.14498 -0.0960 0.2147 1.0000 4 0.0026 0.00034 0 1.0055 0.14498
10.75 0.9955 0.14832 -0.0983 0.2056 1.0000 4 0.0176 0.00121 0 0.9955 0.14832
11.00 0.9990 0.15268 -0.0988 0.1948 1.0000 4 0.0167 0.00110 0 0.9990 0.15268
11.25 1.0076 0.15749 -0.0984 0.1835 1.0000 4 0.0111 0.00054 0 1.0076 0.15749
11.50 0.9960 0.16020 -0.1019 0.1769 1.0000 4 0.0045 0.00023 0 0.9960 0.16020
11.75 1.0020 0.16480 -0.1024 0.1693 1.0000 4 0.0040 0.00009 0 1.0020 0.16480
12.00 1.0114 0.16943 -0.1023 0.1593 1.0000 4 0.0066 0.00054 0 1.0114 0.16943
12.25 1.0064 0.17267 -0.1053 0.1546 1.0000 4 0.0014 0.00076 0 1.0064 0.17267
12.50 1.0103 0.17660 -0.1066 0.1474 1.0000 4 0.0083 0.00057 0 1.0103 0.17660
12.75 1.0228 0.18212 -0.1061 0.1398 1.0000 4 0.0133 0.00092 0 1.0228 0.18212
13.00 1.0160 0.18418 -0.1101 0.1358 1.0000 4 0.0082 0.00032 0 1.0160 0.18418
13.25 1.0337 0.19076 -0.1085 0.1275 1.0000 4 0.0075 0.00019 0 1.0337 0.19076
13.50 1.0261 0.19214 -0.1130 0.1252 1.0000 4 0.0072 0.00006 0 1.0261 0.19214
13.75 1.0304 0.19550 -0.1147 0.1190 1.0000 4 0.0062 0.00021 0 1.0304 0.19550
14.00 1.0436 0.20170 -0.1145 0.1146 1.0000 4 0.0033 0.00129 0 1.0436 0.20170
14.25 1.0400 0.20309 -0.1184 0.1118 1.0000 4 0.0054 0.00066 0 1.0400 0.20309
14.50 1.0457 0.20654 -0.1201 0.1069 1.0000 4 0.0097 0.00031 0 1.0457 0.20654
14.75 1.0651 0.21497 -0.1186 0.1023 1.0000 4 0.0062 0.00492 0 1.0651 0.21497
15.00 1.0616 0.21568 -0.1227 0.1009 1.0000 4 0.0030 0.00406 0 1.0616 0.21568
15.25 1.0629 0.21746 -0.1256 0.0980 1.0000 4 0.0049 0.00146 0 1.0629 0.21746
15.50 1.0749 0.22327 -0.1260 0.0940 1.0000 4 0.0220 0.00530 0 1.0749 0.22327
15.75 1.0770 0.22513 -0.1289 0.0917 1.0000 4 0.0117 0.00169 0 1.0770 0.22513
16.00 1.0905 0.23223 -0.1291 0.0883 1.0000 4 0.0125 0.00978 0 1.0905 0.23223
