x cf H
0.00099 0.012335 2.2422
0.00195 0.019703 2.2391
0.00314 0.024537 2.2574
0.00457 0.027995 2.2623
0.00625 0.030015 2.2731
0.00820 0.031149 2.2818
0.01047 0.031578 2.2907
0.01309 0.031512 2.2993
0.01610 0.031087 2.3076
0.01960 0.030405 2.3156
0.02364 0.029542 2.3233
0.02834 0.028552 2.3307
0.03381 0.027476 2.3377
0.04017 0.026348 2.3445
0.04752 0.025197 2.3510
0.05593 0.024049 2.3573
0.06541 0.022926 2.3633
0.07588 0.021846 2.3692
0.08722 0.020820 2.3751
0.09929 0.019850 2.3810
0.11194 0.018932 2.3873
0.12505 0.018060 2.3940
0.13854 0.017227 2.4013
0.15233 0.016422 2.4094
0.16636 0.015639 2.4185
0.18060 0.014869 2.4287
0.19502 0.014106 2.4404
0.20960 0.013342 2.4539
0.22430 0.012571 2.4695
0.23912 0.011784 2.4880
0.25405 0.010976 2.5099
0.26906 0.010137 2.5363
0.28416 0.009258 2.5687
0.29932 0.008331 2.6090
0.31455 0.007344 2.6601
0.32984 0.006293 2.7259
0.34518 0.005174 2.8123
0.36058 0.004000 2.9274
0.37606 0.002801 3.0827
0.39164 0.001641 3.2920
0.40741 0.000592 3.5786
0.42343 -0.000140 3.9103
0.43957 -0.000577 4.2821
0.45579 -0.000782 4.6942
0.47205 -0.000834 5.1512
0.48834 -0.000816 5.6543
0.50464 -0.000773 6.2032
0.52096 -0.000735 6.7966
0.53728 -0.000705 7.4331
0.55361 -0.000682 8.1110
0.56993 -0.000664 8.8285
0.58626 -0.000650 9.5841
0.60258 -0.000639 10.3759
0.61890 -0.000630 11.2022
0.63521 -0.000623 12.0610
0.65151 -0.000618 12.9501
0.66780 -0.000613 13.8673
0.68407 -0.000609 14.8101
0.70033 -0.000607 15.7758
0.71657 -0.000604 16.7610
0.73280 -0.000603 17.7624
0.74900 -0.000601 18.7757
0.76518 -0.000600 19.7958
0.78133 -0.000599 20.8167
0.79746 -0.000598 21.8305
0.81356 -0.000598 22.8269
0.82963 -0.000597 23.7902
0.84567 -0.000596 24.6950
0.86166 -0.000298 18.5133
0.87761 -0.000288 14.1957
0.89349 -0.000251 11.9934
0.90927 -0.000214 10.6277
0.92487 -0.000188 9.6956
0.94018 -0.000169 9.0348
0.95495 -0.000155 8.5476
0.96881 -0.000143 8.1830
0.98134 -0.000135 7.9116
0.99221 -0.000128 7.7095
1.00025 -0.000124 7.5747
