alpha cl cd cm fuente
-180.0 -0.0645 0.0411 -0.0322 3
-179.5 -0.0499 0.0474 -0.0247 3
-179.0 -0.0230 0.0519 -0.0110 3
-178.5 0.0122 0.0561 0.0068 3
-178.0 0.0585 0.0614 0.0300 3
-177.5 0.0986 0.0667 0.0500 3
-177.0 0.1422 0.0723 0.0717 3
-176.5 0.1788 0.0782 0.0898 3
-176.0 0.2078 0.0836 0.1042 3
-175.5 0.2220 0.0904 0.1114 3
-175.0 0.2449 0.0948 0.1226 3
-174.5 0.2567 0.0998 0.1285 3
-174.0 0.2630 0.1056 0.1318 3
-173.5 0.2692 0.1074 0.1348 3
-173.0 0.2739 0.1086 0.1370 3
-172.5 0.2771 0.1093 0.1385 3
-172.0 0.2789 0.1093 0.1392 3
-171.5 0.2793 0.1088 0.1393 3
-171.0 0.2785 0.1079 0.1387 3
-170.5 0.2765 0.1066 0.1375 3
-170.0 0.2736 0.1050 0.1358 3
-169.5 0.2699 0.1031 0.1338 3
-169.0 0.2655 0.1011 0.1314 3
-168.5 0.2608 0.0991 0.1288 3
-168.0 0.2557 0.0971 0.1262 3
-167.5 0.2507 0.0953 0.1235 3
-167.0 0.2457 0.0937 0.1208 3
-166.5 0.2411 0.0925 0.1184 3
-166.0 0.2371 0.0918 0.1163 3
-165.5 0.2337 0.0917 0.1146 3
-165.0 0.2312 0.0921 0.1133 3
-164.5 0.2297 0.0933 0.1125 3
-164.0 0.2293 0.0953 0.1124 3
-163.5 0.2302 0.0981 0.1129 3
-163.0 0.2325 0.1018 0.1141 3
-162.5 0.2361 0.1064 0.1161 3
-162.0 0.2412 0.1120 0.1188 3
-161.5 0.2469 0.1180 0.1219 3
-161.0 0.2526 0.1243 0.1249 3
-160.5 0.2582 0.1306 0.1280 3
-160.0 0.2638 0.1371 0.1310 3
-159.5 0.2692 0.1438 0.1340 3
-159.0 0.2746 0.1506 0.1370 3
-158.5 0.2799 0.1575 0.1401 3
-158.0 0.2850 0.1645 0.1430 3
-157.5 0.2902 0.1717 0.1460 3
-157.0 0.2952 0.1790 0.1490 3
-156.5 0.3001 0.1864 0.1520 3
-156.0 0.3049 0.1940 0.1549 3
-155.5 0.3097 0.2016 0.1578 3
-155.0 0.3143 0.2094 0.1608 3
-154.5 0.3189 0.2173 0.1637 3
-154.0 0.3234 0.2253 0.1666 3
-153.5 0.3277 0.2334 0.1695 3
-153.0 0.3320 0.2416 0.1723 3
-152.5 0.3361 0.2500 0.1752 3
-152.0 0.3402 0.2584 0.1780 3
-151.5 0.3441 0.2669 0.1809 3
-151.0 0.3480 0.2756 0.1837 3
-150.5 0.3517 0.2843 0.1865 3
-150.0 0.3554 0.2931 0.1893 3
-149.5 0.3589 0.3020 0.1921 3
-149.0 0.3623 0.3110 0.1948 3
-148.5 0.3656 0.3201 0.1976 3
-148.0 0.3688 0.3292 0.2003 3
-147.5 0.3719 0.3385 0.2030 3
-147.0 0.3749 0.3478 0.2057 3
-146.5 0.3777 0.3572 0.2084 3
-146.0 0.3805 0.3666 0.2111 3
-145.5 0.3831 0.3761 0.2137 3
-145.0 0.3856 0.3857 0.2163 3
-144.5 0.3880 0.3954 0.2189 3
-144.0 0.3903 0.4051 0.2215 3
-143.5 0.3924 0.4148 0.2241 3
-143.0 0.3944 0.4246 0.2266 3
-142.5 0.3964 0.4345 0.2292 3
-142.0 0.3982 0.4444 0.2317 3
-141.5 0.3998 0.4543 0.2342 3
-141.0 0.4014 0.4643 0.2366 3
-140.5 0.4028 0.4743 0.2391 3
-140.0 0.4041 0.4844 0.2415 3
-139.5 0.4053 0.4945 0.2439 3
-139.0 0.4063 0.5046 0.2462 3
-138.5 0.4073 0.5148 0.2486 3
-138.0 0.4081 0.5249 0.2509 3
-137.5 0.4088 0.5351 0.2532 3
-137.0 0.4093 0.5453 0.2555 3
-136.5 0.4098 0.5555 0.2577 3
-136.0 0.4101 0.5657 0.2599 3
-135.5 0.4103 0.5760 0.2621 3
-135.0 0.4103 0.5862 0.2642 3
-134.5 0.4103 0.5964 0.2664 3
-134.0 0.4101 0.6067 0.2685 3
-133.5 0.4098 0.6169 0.2705 3
-133.0 0.4093 0.6271 0.2726 3
-132.5 0.4088 0.6373 0.2746 3
-132.0 0.4081 0.6475 0.2766 3
-131.5 0.4073 0.6576 0.2785 3
-131.0 0.4063 0.6678 0.2804 3
-130.5 0.4053 0.6779 0.2823 3
-130.0 0.4041 0.6880 0.2841 3
-129.5 0.4028 0.6981 0.2859 3
-129.0 0.4014 0.7081 0.2877 3
-128.5 0.3998 0.7181 0.2894 3
-128.0 0.3982 0.7280 0.2911 3
-127.5 0.3964 0.7379 0.2928 3
-127.0 0.3944 0.7478 0.2944 3
-126.5 0.3924 0.7576 0.2960 3
-126.0 0.3903 0.7673 0.2976 3
-125.5 0.3880 0.7770 0.2991 3
-125.0 0.3856 0.7867 0.3006 3
-124.5 0.3831 0.7963 0.3020 3
-124.0 0.3805 0.8058 0.3034 3
-123.5 0.3777 0.8152 0.3047 3
-123.0 0.3749 0.8246 0.3061 3
-122.5 0.3719 0.8339 0.3073 3
-122.0 0.3688 0.8432 0.3086 3
-121.5 0.3656 0.8523 0.3097 3
-121.0 0.3623 0.8614 0.3109 3
-120.5 0.3589 0.8704 0.3120 3
-120.0 0.3554 0.8793 0.3131 3
-119.5 0.3517 0.8881 0.3141 3
-119.0 0.3480 0.8968 0.3151 3
-118.5 0.3441 0.9055 0.3160 3
-118.0 0.3402 0.9140 0.3169 3
-117.5 0.3361 0.9224 0.3177 3
-117.0 0.3320 0.9308 0.3185 3
-116.5 0.3277 0.9390 0.3193 3
-116.0 0.3234 0.9471 0.3200 3
-115.5 0.3189 0.9551 0.3206 3
-115.0 0.3143 0.9630 0.3212 3
-114.5 0.3097 0.9708 0.3218 3
-114.0 0.3049 0.9784 0.3223 3
-113.5 0.3001 0.9860 0.3228 3
-113.0 0.2952 0.9934 0.3232 3
-112.5 0.2902 1.0007 0.3236 3
-112.0 0.2850 1.0079 0.3239 3
-111.5 0.2799 1.0149 0.3242 3
-111.0 0.2746 1.0218 0.3245 3
-110.5 0.2692 1.0286 0.3247 3
-110.0 0.2638 1.0353 0.3248 3
-109.5 0.2582 1.0418 0.3249 3
-109.0 0.2526 1.0481 0.3250 3
-108.5 0.2469 1.0544 0.3250 3
-108.0 0.2412 1.0604 0.3249 3
-107.5 0.2354 1.0664 0.3248 3
-107.0 0.2295 1.0722 0.3247 3
-106.5 0.2235 1.0778 0.3245 3
-106.0 0.2174 1.0833 0.3243 3
-105.5 0.2113 1.0887 0.3240 3
-105.0 0.2052 1.0939 0.3237 3
-104.5 0.1989 1.0989 0.3233 3
-104.0 0.1926 1.1038 0.3229 3
-103.5 0.1863 1.1085 0.3224 3
-103.0 0.1799 1.1131 0.3219 3
-102.5 0.1734 1.1175 0.3213 3
-102.0 0.1669 1.1217 0.3207 3
-101.5 0.1603 1.1258 0.3201 3
-101.0 0.1537 1.1297 0.3194 3
-100.5 0.1471 1.1335 0.3186 3
-100.0 0.1403 1.1370 0.3178 3
-99.5 0.1336 1.1405 0.3170 3
-99.0 0.1268 1.1437 0.3161 3
-98.5 0.1200 1.1468 0.3152 3
-98.0 0.1131 1.1497 0.3142 3
-97.5 0.1062 1.1524 0.3132 3
-97.0 0.0993 1.1550 0.3121 3
-96.5 0.0923 1.1574 0.3110 3
-96.0 0.0853 1.1596 0.3099 3
-95.5 0.0783 1.1616 0.3087 3
-95.0 0.0713 1.1635 0.3075 3
-94.5 0.0642 1.1652 0.3062 3
-94.0 0.0571 1.1667 0.3049 3
-93.5 0.0500 1.1680 0.3036 3
-93.0 0.0429 1.1692 0.3022 3
-92.5 0.0358 1.1702 0.3008 3
-92.0 0.0286 1.1710 0.2993 3
-91.5 0.0215 1.1716 0.2978 3
-91.0 0.0143 1.1720 0.2963 3
-90.5 0.0072 1.1723 0.2947 3
-90.0 0.0000 1.1724 0.2931 3
-89.5 -0.0102 1.1723 0.2910 2
-89.0 -0.0205 1.1720 0.2888 2
-88.5 -0.0307 1.1716 0.2867 2
-88.0 -0.0409 1.1710 0.2845 2
-87.5 -0.0511 1.1702 0.2823 2
-87.0 -0.0613 1.1692 0.2800 2
-86.5 -0.0714 1.1680 0.2778 2
-86.0 -0.0816 1.1667 0.2755 2
-85.5 -0.0917 1.1652 0.2732 2
-85.0 -0.1018 1.1635 0.2709 2
-84.5 -0.1119 1.1616 0.2686 2
-84.0 -0.1219 1.1596 0.2663 2
-83.5 -0.1319 1.1574 0.2639 2
-83.0 -0.1418 1.1550 0.2615 2
-82.5 -0.1517 1.1524 0.2591 2
-82.0 -0.1616 1.1497 0.2567 2
-81.5 -0.1714 1.1468 0.2543 2
-81.0 -0.1811 1.1437 0.2519 2
-80.5 -0.1908 1.1405 0.2495 2
-80.0 -0.2005 1.1370 0.2470 2
-79.5 -0.2101 1.1335 0.2445 2
-79.0 -0.2196 1.1297 0.2420 2
-78.5 -0.2290 1.1258 0.2396 2
-78.0 -0.2384 1.1217 0.2371 2
-77.5 -0.2477 1.1175 0.2345 2
-77.0 -0.2570 1.1131 0.2320 2
-76.5 -0.2661 1.1085 0.2295 2
-76.0 -0.2752 1.1038 0.2269 2
-75.5 -0.2842 1.0989 0.2244 2
-75.0 -0.2931 1.0939 0.2218 2
-74.5 -0.3019 1.0887 0.2193 2
-74.0 -0.3106 1.0833 0.2167 2
-73.5 -0.3193 1.0778 0.2141 2
-73.0 -0.3278 1.0722 0.2115 2
-72.5 -0.3362 1.0664 0.2089 2
-72.0 -0.3446 1.0604 0.2064 2
-71.5 -0.3528 1.0544 0.2038 2
-71.0 -0.3609 1.0481 0.2012 2
-70.5 -0.3689 1.0418 0.1985 2
-70.0 -0.3768 1.0353 0.1959 2
-69.5 -0.3846 1.0286 0.1933 2
-69.0 -0.3922 1.0218 0.1907 2
-68.5 -0.3998 1.0149 0.1881 2
-68.0 -0.4072 1.0079 0.1855 2
-67.5 -0.4145 1.0007 0.1829 2
-67.0 -0.4217 0.9934 0.1803 2
-66.5 -0.4287 0.9860 0.1776 2
-66.0 -0.4356 0.9784 0.1750 2
-65.5 -0.4424 0.9708 0.1724 2
-65.0 -0.4491 0.9630 0.1698 2
-64.5 -0.4556 0.9551 0.1672 2
-64.0 -0.4619 0.9471 0.1646 2
-63.5 -0.4682 0.9390 0.1620 2
-63.0 -0.4742 0.9308 0.1594 2
-62.5 -0.4802 0.9224 0.1568 2
-62.0 -0.4860 0.9140 0.1542 2
-61.5 -0.4916 0.9055 0.1516 2
-61.0 -0.4971 0.8968 0.1491 2
-60.5 -0.5025 0.8881 0.1465 2
-60.0 -0.5077 0.8793 0.1439 2
-59.5 -0.5127 0.8704 0.1414 2
-59.0 -0.5176 0.8614 0.1389 2
-58.5 -0.5223 0.8523 0.1363 2
-58.0 -0.5269 0.8432 0.1338 2
-57.5 -0.5313 0.8339 0.1313 2
-57.0 -0.5355 0.8246 0.1288 2
-56.5 -0.5396 0.8152 0.1263 2
-56.0 -0.5435 0.8058 0.1238 2
-55.5 -0.5473 0.7963 0.1213 2
-55.0 -0.5508 0.7867 0.1188 2
-54.5 -0.5543 0.7770 0.1164 2
-54.0 -0.5575 0.7673 0.1139 2
-53.5 -0.5606 0.7576 0.1115 2
-53.0 -0.5635 0.7478 0.1091 2
-52.5 -0.5662 0.7379 0.1067 2
-52.0 -0.5688 0.7280 0.1043 2
-51.5 -0.5712 0.7181 0.1019 2
-51.0 -0.5734 0.7081 0.0996 2
-50.5 -0.5754 0.6981 0.0973 2
-50.0 -0.5773 0.6880 0.0949 2
-49.5 -0.5790 0.6779 0.0926 2
-49.0 -0.5805 0.6678 0.0903 2
-48.5 -0.5818 0.6576 0.0881 2
-48.0 -0.5830 0.6475 0.0858 2
-47.5 -0.5840 0.6373 0.0836 2
-47.0 -0.5848 0.6271 0.0814 2
-46.5 -0.5854 0.6169 0.0792 2
-46.0 -0.5858 0.6067 0.0770 2
-45.5 -0.5861 0.5964 0.0748 2
-45.0 -0.5862 0.5862 0.0727 2
-44.5 -0.5861 0.5760 0.0706 2
-44.0 -0.5858 0.5657 0.0685 2
-43.5 -0.5854 0.5555 0.0664 2
-43.0 -0.5848 0.5453 0.0643 2
-42.5 -0.5840 0.5351 0.0623 2
-42.0 -0.5830 0.5249 0.0603 2
-41.5 -0.5818 0.5148 0.0583 2
-41.0 -0.5805 0.5046 0.0563 2
-40.5 -0.5790 0.4945 0.0544 2
-40.0 -0.5773 0.4844 0.0525 2
-39.5 -0.5754 0.4743 0.0506 2
-39.0 -0.5734 0.4643 0.0487 2
-38.5 -0.5712 0.4543 0.0469 2
-38.0 -0.5688 0.4444 0.0450 2
-37.5 -0.5662 0.4345 0.0433 2
-37.0 -0.5635 0.4246 0.0415 2
-36.5 -0.5606 0.4148 0.0397 2
-36.0 -0.5575 0.4051 0.0380 2
-35.5 -0.5543 0.3954 0.0363 2
-35.0 -0.5508 0.3857 0.0347 2
-34.5 -0.5473 0.3761 0.0331 2
-34.0 -0.5435 0.3666 0.0315 2
-33.5 -0.5396 0.3572 0.0299 2
-33.0 -0.5355 0.3478 0.0283 2
-32.5 -0.5313 0.3385 0.0268 2
-32.0 -0.5269 0.3292 0.0253 2
-31.5 -0.5223 0.3201 0.0239 2
-31.0 -0.5176 0.3110 0.0224 2
-30.5 -0.5127 0.3020 0.0210 2
-30.0 -0.5077 0.2931 0.0197 2
-29.5 -0.5025 0.2843 0.0183 2
-29.0 -0.4971 0.2756 0.0170 2
-28.5 -0.4916 0.2669 0.0157 2
-28.0 -0.4860 0.2584 0.0145 2
-27.5 -0.4802 0.2500 0.0133 2
-27.0 -0.4742 0.2416 0.0121 2
-26.5 -0.4682 0.2334 0.0109 2
-26.0 -0.4619 0.2253 0.0098 2
-25.5 -0.4556 0.2173 0.0087 2
-25.0 -0.4491 0.2094 0.0077 2
-24.5 -0.4424 0.2016 0.0067 2
-24.0 -0.4356 0.1940 0.0057 2
-23.5 -0.4287 0.1864 0.0047 2
-23.0 -0.4217 0.1790 0.0038 2
-22.5 -0.4145 0.1717 0.0029 2
-22.0 -0.4072 0.1645 0.0021 2
-21.5 -0.3998 0.1575 0.0012 2
-21.0 -0.3922 0.1506 0.0005 2
-20.5 -0.3846 0.1438 -0.0003 2
-20.0 -0.3768 0.1371 -0.0010 2
-19.5 -0.3689 0.1306 -0.0017 2
-19.0 -0.3609 0.1243 -0.0023 2
-18.5 -0.3528 0.1180 -0.0030 2
-18.0 -0.3446 0.1120 -0.0035 2
-17.5 -0.3373 0.1064 -0.0041 2
-17.0 -0.3321 0.1018 -0.0046 2
-16.5 -0.3289 0.0981 -0.0052 2
-16.0 -0.3276 0.0953 -0.0058 2
-15.5 -0.3281 0.0933 -0.0064 2
-15.0 -0.3303 0.0921 -0.0071 2
-14.5 -0.3338 0.0917 -0.0077 2
-14.0 -0.3387 0.0918 -0.0085 2
-13.5 -0.3445 0.0925 -0.0093 2
-13.0 -0.3510 0.0937 -0.0101 2
-12.5 -0.3581 0.0953 -0.0110 2
-12.0 -0.3653 0.0971 -0.0118 2
-11.5 -0.3725 0.0991 -0.0128 2
-11.0 -0.3794 0.1011 -0.0137 2
-10.5 -0.3856 0.1031 -0.0146 2
-10.0 -0.3909 0.1050 -0.0156 2
-9.5 -0.3950 0.1066 -0.0165 2
-9.0 -0.3978 0.1079 -0.0173 2
-8.5 -0.3990 0.1088 -0.0181 2
-8.0 -0.3984 0.1093 -0.0188 2
-7.5 -0.3959 0.1093 -0.0194 2
-7.0 -0.3913 0.1086 -0.0199 2
-6.5 -0.3846 0.1074 -0.0202 2
-6.0 -0.3757 0.1056 -0.0204 0
-5.5 -0.3667 0.0998 -0.0190 0
-5.0 -0.3498 0.0948 -0.0220 0
-4.5 -0.3172 0.0904 -0.0300 0
-4.0 -0.2968 0.0836 -0.0303 0
-3.5 -0.2554 0.0782 -0.0376 0
-3.0 -0.2032 0.0723 -0.0465 0
-2.5 -0.1408 0.0667 -0.0578 0
-2.0 -0.0836 0.0614 -0.0654 0
-1.5 -0.0174 0.0561 -0.0744 0
-1.0 0.0329 0.0519 -0.0783 0
-0.5 0.0713 0.0474 -0.0782 0
0.0 0.0921 0.0411 -0.0700 0
0.5 0.1288 0.0360 -0.0670 0
1.0 0.3950 0.0386 -0.1225 0
1.5 0.4737 0.0371 -0.1274 0
2.0 0.5371 0.0366 -0.1295 0
2.5 0.5901 0.0368 -0.1298 0
3.0 0.6382 0.0372 -0.1294 0
3.5 0.6888 0.0378 -0.1299 0
4.0 0.7232 0.0401 -0.1287 0
4.5 1.0420 0.0330 -0.1462 0
5.0 1.1886 0.0390 -0.1574 0
5.5 1.2618 0.0439 -0.1568 0
6.0 1.3296 0.0504 -0.1544 0
6.5 1.3944 0.0563 -0.1501 0
7.0 1.4229 0.0664 -0.1496 0
7.5 1.3640 0.0797 -0.1481 0
8.0 1.2826 0.0924 -0.1458 0
8.5 1.2242 0.0952 -0.1402 1
9.0 1.1733 0.0982 -0.1354 1
9.5 1.1285 0.1014 -0.1312 1
10.0 1.0891 0.1047 -0.1276 1
10.5 1.0541 0.1081 -0.1244 1
11.0 1.0230 0.1118 -0.1217 1
11.5 0.9953 0.1156 -0.1193 1
12.0 0.9706 0.1195 -0.1172 1
12.5 0.9484 0.1236 -0.1154 1
13.0 0.9284 0.1279 -0.1138 1
13.5 0.9105 0.1323 -0.1125 1
14.0 0.8944 0.1369 -0.1114 1
14.5 0.8798 0.1416 -0.1104 1
15.0 0.8666 0.1465 -0.1096 1
15.5 0.8547 0.1516 -0.1090 1
16.0 0.8440 0.1567 -0.1085 1
16.5 0.8343 0.1621 -0.1081 1
17.0 0.8254 0.1675 -0.1078 1
17.5 0.8175 0.1731 -0.1077 1
18.0 0.8102 0.1789 -0.1076 1
18.5 0.8037 0.1848 -0.1076 1
19.0 0.7978 0.1908 -0.1077 1
19.5 0.7924 0.1970 -0.1079 1
20.0 0.7876 0.2033 -0.1082 1
20.5 0.7832 0.2097 -0.1085 1
21.0 0.7792 0.2163 -0.1089 1
21.5 0.7756 0.2230 -0.1093 1
22.0 0.7723 0.2298 -0.1098 1
22.5 0.7694 0.2367 -0.1104 1
23.0 0.7667 0.2438 -0.1110 1
23.5 0.7643 0.2510 -0.1117 1
24.0 0.7621 0.2583 -0.1124 1
24.5 0.7601 0.2657 -0.1131 1
25.0 0.7583 0.2732 -0.1139 1
25.5 0.7566 0.2808 -0.1147 1
26.0 0.7551 0.2886 -0.1156 1
26.5 0.7537 0.2964 -0.1165 1
27.0 0.7525 0.3044 -0.1174 1
27.5 0.7513 0.3124 -0.1184 1
28.0 0.7502 0.3205 -0.1194 1
28.5 0.7491 0.3288 -0.1204 1
29.0 0.7482 0.3371 -0.1215 1
29.5 0.7472 0.3455 -0.1226 1
30.0 0.7463 0.3541 -0.1237 1
30.5 0.7454 0.3627 -0.1248 1
31.0 0.7445 0.3713 -0.1260 1
31.5 0.7437 0.3801 -0.1272 1
32.0 0.7428 0.3889 -0.1284 1
32.5 0.7419 0.3978 -0.1296 1
33.0 0.7410 0.4068 -0.1308 1
33.5 0.7400 0.4158 -0.1321 1
34.0 0.7391 0.4250 -0.1334 1
34.5 0.7380 0.4341 -0.1347 1
35.0 0.7370 0.4434 -0.1360 1
35.5 0.7358 0.4527 -0.1374 1
36.0 0.7347 0.4620 -0.1387 1
36.5 0.7334 0.4714 -0.1401 1
37.0 0.7321 0.4808 -0.1415 1
37.5 0.7307 0.4903 -0.1429 1
38.0 0.7293 0.4999 -0.1443 1
38.5 0.7277 0.5094 -0.1457 1
39.0 0.7261 0.5190 -0.1472 1
39.5 0.7244 0.5287 -0.1486 1
40.0 0.7225 0.5383 -0.1501 1
40.5 0.7206 0.5480 -0.1516 1
41.0 0.7186 0.5577 -0.1531 1
41.5 0.7165 0.5675 -0.1546 1
42.0 0.7143 0.5772 -0.1561 1
42.5 0.7120 0.5870 -0.1576 1
43.0 0.7095 0.5968 -0.1591 1
43.5 0.7070 0.6066 -0.1607 1
44.0 0.7044 0.6164 -0.1622 1
44.5 0.7016 0.6262 -0.1638 1
45.0 0.6987 0.6360 -0.1653 1
45.5 0.6957 0.6458 -0.1669 1
46.0 0.6926 0.6556 -0.1685 1
46.5 0.6893 0.6653 -0.1700 1
47.0 0.6860 0.6751 -0.1716 1
47.5 0.6825 0.6848 -0.1732 1
48.0 0.6788 0.6946 -0.1748 1
48.5 0.6751 0.7043 -0.1764 1
49.0 0.6712 0.7140 -0.1780 1
49.5 0.6672 0.7236 -0.1797 1
50.0 0.6631 0.7332 -0.1813 1
50.5 0.6589 0.7428 -0.1829 1
51.0 0.6545 0.7524 -0.1845 1
51.5 0.6500 0.7619 -0.1861 1
52.0 0.6453 0.7713 -0.1878 1
52.5 0.6405 0.7808 -0.1894 1
53.0 0.6356 0.7901 -0.1910 1
53.5 0.6306 0.7995 -0.1927 1
54.0 0.6255 0.8087 -0.1943 1
54.5 0.6202 0.8179 -0.1959 1
55.0 0.6147 0.8271 -0.1976 1
55.5 0.6092 0.8361 -0.1992 1
56.0 0.6035 0.8452 -0.2008 1
56.5 0.5977 0.8541 -0.2025 1
57.0 0.5918 0.8630 -0.2041 1
57.5 0.5857 0.8718 -0.2057 1
58.0 0.5796 0.8805 -0.2074 1
58.5 0.5732 0.8891 -0.2090 1
59.0 0.5668 0.8977 -0.2106 1
59.5 0.5603 0.9061 -0.2123 1
60.0 0.5536 0.9145 -0.2139 1
60.5 0.5468 0.9228 -0.2155 1
61.0 0.5399 0.9310 -0.2171 1
61.5 0.5328 0.9391 -0.2187 1
62.0 0.5257 0.9470 -0.2203 1
62.5 0.5184 0.9549 -0.2219 1
63.0 0.5110 0.9627 -0.2235 1
63.5 0.5036 0.9704 -0.2251 1
64.0 0.4959 0.9780 -0.2267 1
64.5 0.4882 0.9854 -0.2283 1
65.0 0.4804 0.9927 -0.2298 1
65.5 0.4725 1.0000 -0.2314 1
66.0 0.4644 1.0071 -0.2330 1
66.5 0.4563 1.0141 -0.2345 1
67.0 0.4481 1.0209 -0.2361 1
67.5 0.4397 1.0276 -0.2376 1
68.0 0.4313 1.0342 -0.2391 1
68.5 0.4228 1.0407 -0.2407 1
69.0 0.4141 1.0471 -0.2422 1
69.5 0.4054 1.0533 -0.2437 1
70.0 0.3966 1.0593 -0.2452 1
70.5 0.3877 1.0653 -0.2466 1
71.0 0.3787 1.0710 -0.2481 1
71.5 0.3697 1.0767 -0.2496 1
72.0 0.3605 1.0822 -0.2510 1
72.5 0.3513 1.0876 -0.2525 1
73.0 0.3420 1.0928 -0.2539 1
73.5 0.3327 1.0978 -0.2553 1
74.0 0.3232 1.1027 -0.2567 1
74.5 0.3137 1.1075 -0.2581 1
75.0 0.3041 1.1121 -0.2595 1
75.5 0.2945 1.1165 -0.2608 1
76.0 0.2848 1.1208 -0.2622 1
76.5 0.2750 1.1249 -0.2635 1
77.0 0.2652 1.1289 -0.2648 1
77.5 0.2554 1.1327 -0.2661 1
78.0 0.2455 1.1364 -0.2674 1
78.5 0.2355 1.1398 -0.2687 1
79.0 0.2255 1.1431 -0.2700 1
79.5 0.2154 1.1463 -0.2712 1
80.0 0.2054 1.1493 -0.2725 1
80.5 0.1952 1.1521 -0.2737 1
81.0 0.1851 1.1547 -0.2749 1
81.5 0.1749 1.1572 -0.2760 1
82.0 0.1647 1.1595 -0.2772 1
82.5 0.1545 1.1616 -0.2783 1
83.0 0.1442 1.1636 -0.2795 1
83.5 0.1339 1.1653 -0.2806 1
84.0 0.1236 1.1669 -0.2817 1
84.5 0.1133 1.1684 -0.2827 1
85.0 0.1030 1.1696 -0.2838 1
85.5 0.0927 1.1707 -0.2848 1
86.0 0.0824 1.1716 -0.2858 1
86.5 0.0720 1.1723 -0.2868 1
87.0 0.0617 1.1729 -0.2878 1
87.5 0.0514 1.1732 -0.2887 1
88.0 0.0411 1.1734 -0.2896 1
88.5 0.0308 1.1734 -0.2905 1
89.0 0.0205 1.1733 -0.2914 1
89.5 0.0102 1.1729 -0.2923 1
90.0 0.0000 1.1724 -0.2931 1
90.5 -0.0072 1.1729 -0.2949 3
91.0 -0.0144 1.1733 -0.2966 3
91.5 -0.0216 1.1734 -0.2983 3
92.0 -0.0288 1.1734 -0.2999 3
92.5 -0.0360 1.1732 -0.3016 3
93.0 -0.0432 1.1729 -0.3032 3
93.5 -0.0504 1.1723 -0.3047 3
94.0 -0.0577 1.1716 -0.3062 3
94.5 -0.0649 1.1707 -0.3077 3
95.0 -0.0721 1.1696 -0.3091 3
95.5 -0.0793 1.1684 -0.3105 3
96.0 -0.0865 1.1669 -0.3119 3
96.5 -0.0937 1.1653 -0.3132 3
97.0 -0.1009 1.1636 -0.3145 3
97.5 -0.1081 1.1616 -0.3157 3
98.0 -0.1153 1.1595 -0.3169 3
98.5 -0.1224 1.1572 -0.3181 3
99.0 -0.1296 1.1547 -0.3192 3
99.5 -0.1367 1.1521 -0.3203 3
100.0 -0.1438 1.1493 -0.3213 3
100.5 -0.1508 1.1463 -0.3223 3
101.0 -0.1578 1.1431 -0.3233 3
101.5 -0.1648 1.1398 -0.3242 3
102.0 -0.1718 1.1364 -0.3251 3
102.5 -0.1788 1.1327 -0.3259 3
103.0 -0.1857 1.1289 -0.3267 3
103.5 -0.1925 1.1249 -0.3274 3
104.0 -0.1994 1.1208 -0.3281 3
104.5 -0.2061 1.1165 -0.3288 3
105.0 -0.2129 1.1121 -0.3294 3
105.5 -0.2196 1.1075 -0.3299 3
106.0 -0.2262 1.1027 -0.3305 3
106.5 -0.2329 1.0978 -0.3310 3
107.0 -0.2394 1.0928 -0.3314 3
107.5 -0.2459 1.0876 -0.3318 3
108.0 -0.2524 1.0822 -0.3322 3
108.5 -0.2588 1.0767 -0.3325 3
109.0 -0.2651 1.0710 -0.3328 3
109.5 -0.2714 1.0653 -0.3330 3
110.0 -0.2776 1.0593 -0.3332 3
110.5 -0.2838 1.0533 -0.3333 3
111.0 -0.2899 1.0471 -0.3334 3
111.5 -0.2959 1.0407 -0.3335 3
112.0 -0.3019 1.0342 -0.3335 3
112.5 -0.3078 1.0276 -0.3335 3
113.0 -0.3136 1.0209 -0.3334 3
113.5 -0.3194 1.0141 -0.3333 3
114.0 -0.3251 1.0071 -0.3332 3
114.5 -0.3307 1.0000 -0.3330 3
115.0 -0.3363 0.9927 -0.3328 3
115.5 -0.3418 0.9854 -0.3326 3
116.0 -0.3472 0.9780 -0.3323 3
116.5 -0.3525 0.9704 -0.3319 3
117.0 -0.3577 0.9627 -0.3316 3
117.5 -0.3629 0.9549 -0.3312 3
118.0 -0.3680 0.9470 -0.3307 3
118.5 -0.3730 0.9391 -0.3302 3
119.0 -0.3779 0.9310 -0.3297 3
119.5 -0.3828 0.9228 -0.3292 3
120.0 -0.3875 0.9145 -0.3286 3
120.5 -0.3922 0.9061 -0.3280 3
121.0 -0.3968 0.8977 -0.3273 3
121.5 -0.4013 0.8891 -0.3266 3
122.0 -0.4057 0.8805 -0.3259 3
122.5 -0.4100 0.8718 -0.3251 3
123.0 -0.4143 0.8630 -0.3244 3
123.5 -0.4184 0.8541 -0.3236 3
124.0 -0.4225 0.8452 -0.3227 3
124.5 -0.4264 0.8361 -0.3218 3
125.0 -0.4303 0.8271 -0.3209 3
125.5 -0.4341 0.8179 -0.3200 3
126.0 -0.4378 0.8087 -0.3191 3
126.5 -0.4414 0.7995 -0.3181 3
127.0 -0.4449 0.7901 -0.3171 3
127.5 -0.4484 0.7808 -0.3161 3
128.0 -0.4517 0.7713 -0.3150 3
128.5 -0.4550 0.7619 -0.3139 3
129.0 -0.4581 0.7524 -0.3128 3
129.5 -0.4612 0.7428 -0.3117 3
130.0 -0.4642 0.7332 -0.3106 3
130.5 -0.4671 0.7236 -0.3094 3
131.0 -0.4699 0.7140 -0.3082 3
131.5 -0.4726 0.7043 -0.3071 3
132.0 -0.4752 0.6946 -0.3058 3
132.5 -0.4777 0.6848 -0.3046 3
133.0 -0.4802 0.6751 -0.3034 3
133.5 -0.4825 0.6653 -0.3021 3
134.0 -0.4848 0.6556 -0.3009 3
134.5 -0.4870 0.6458 -0.2996 3
135.0 -0.4891 0.6360 -0.2983 3
135.5 -0.4911 0.6262 -0.2970 3
136.0 -0.4930 0.6164 -0.2957 3
136.5 -0.4949 0.6066 -0.2944 3
137.0 -0.4967 0.5968 -0.2931 3
137.5 -0.4984 0.5870 -0.2918 3
138.0 -0.5000 0.5772 -0.2905 3
138.5 -0.5016 0.5675 -0.2892 3
139.0 -0.5030 0.5577 -0.2879 3
139.5 -0.5044 0.5480 -0.2866 3
140.0 -0.5058 0.5383 -0.2852 3
140.5 -0.5070 0.5287 -0.2839 3
141.0 -0.5083 0.5190 -0.2826 3
141.5 -0.5094 0.5094 -0.2813 3
142.0 -0.5105 0.4999 -0.2801 3
142.5 -0.5115 0.4903 -0.2788 3
143.0 -0.5125 0.4808 -0.2775 3
143.5 -0.5134 0.4714 -0.2763 3
144.0 -0.5143 0.4620 -0.2750 3
144.5 -0.5151 0.4527 -0.2738 3
145.0 -0.5159 0.4434 -0.2726 3
145.5 -0.5166 0.4341 -0.2715 3
146.0 -0.5173 0.4250 -0.2703 3
146.5 -0.5180 0.4158 -0.2692 3
147.0 -0.5187 0.4068 -0.2681 3
147.5 -0.5193 0.3978 -0.2670 3
148.0 -0.5200 0.3889 -0.2660 3
148.5 -0.5206 0.3801 -0.2650 3
149.0 -0.5212 0.3713 -0.2641 3
149.5 -0.5218 0.3627 -0.2631 3
150.0 -0.5224 0.3541 -0.2623 3
150.5 -0.5231 0.3455 -0.2615 3
151.0 -0.5237 0.3371 -0.2607 3
151.5 -0.5244 0.3288 -0.2600 3
152.0 -0.5251 0.3205 -0.2593 3
152.5 -0.5259 0.3124 -0.2587 3
153.0 -0.5267 0.3044 -0.2582 3
153.5 -0.5276 0.2964 -0.2577 3
154.0 -0.5286 0.2886 -0.2573 3
154.5 -0.5296 0.2808 -0.2570 3
155.0 -0.5308 0.2732 -0.2568 3
155.5 -0.5321 0.2657 -0.2567 3
156.0 -0.5335 0.2583 -0.2567 3
156.5 -0.5350 0.2510 -0.2568 3
157.0 -0.5367 0.2438 -0.2570 3
157.5 -0.5386 0.2367 -0.2573 3
158.0 -0.5406 0.2298 -0.2578 3
158.5 -0.5429 0.2230 -0.2584 3
159.0 -0.5454 0.2163 -0.2591 3
159.5 -0.5482 0.2097 -0.2600 3
160.0 -0.5513 0.2033 -0.2611 3
160.5 -0.5547 0.1970 -0.2624 3
161.0 -0.5584 0.1908 -0.2639 3
161.5 -0.5626 0.1848 -0.2656 3
162.0 -0.5672 0.1789 -0.2676 3
162.5 -0.5722 0.1731 -0.2698 3
163.0 -0.5778 0.1675 -0.2724 3
163.5 -0.5840 0.1621 -0.2752 3
164.0 -0.5908 0.1567 -0.2784 3
164.5 -0.5983 0.1516 -0.2820 3
165.0 -0.6066 0.1465 -0.2860 3
165.5 -0.6158 0.1416 -0.2904 3
166.0 -0.6260 0.1369 -0.2954 3
166.5 -0.6374 0.1323 -0.3009 3
167.0 -0.6499 0.1279 -0.3071 3
167.5 -0.6639 0.1236 -0.3140 3
168.0 -0.6794 0.1195 -0.3217 3
168.5 -0.6967 0.1156 -0.3303 3
169.0 -0.7161 0.1118 -0.3400 3
169.5 -0.7379 0.1081 -0.3509 3
170.0 -0.7624 0.1047 -0.3631 3
170.5 -0.7900 0.1014 -0.3769 3
171.0 -0.8213 0.0982 -0.3926 3
171.5 -0.8570 0.0952 -0.4105 3
172.0 -0.8978 0.0924 -0.4309 3
172.5 -0.9548 0.0797 -0.4586 3
173.0 -0.9960 0.0664 -0.4790 3
173.5 -0.9761 0.0563 -0.4705 3
174.0 -0.9307 0.0504 -0.4499 3
174.5 -0.8833 0.0439 -0.4282 3
175.0 -0.8320 0.0390 -0.4046 3
175.5 -0.7294 0.0330 -0.3557 3
176.0 -0.5062 0.0401 -0.2483 3
176.5 -0.4822 0.0378 -0.2371 3
177.0 -0.4467 0.0372 -0.2203 3
177.5 -0.4131 0.0368 -0.2043 3
178.0 -0.3760 0.0366 -0.1864 3
178.5 -0.3316 0.0371 -0.1648 3
179.0 -0.2765 0.0386 -0.1378 3
179.5 -0.0902 0.0360 -0.0451 3
180.0 -0.0645 0.0411 -0.0322 3
