alpha cl cd cm xtrs xtri npts dcl dcd biest clalt cdalt
-6.00 -0.5640 0.08098 0.0504 1.0000 0.6449 7 0.0070 0.00063 0 -0.5640 0.08098
-5.75 -0.5917 0.07907 0.0488 1.0000 0.5881 9 0.0032 0.00011 0 -0.5917 0.07907
-5.50 -0.6127 0.07647 0.0459 1.0000 0.5391 8 0.0062 0.00031 0 -0.6127 0.07647
-5.25 -0.6244 0.07303 0.0407 1.0000 0.4917 9 0.0021 0.00010 0 -0.6244 0.07303
-5.00 -0.6266 0.06920 0.0343 1.0000 0.4477 9 0.0064 0.00009 0 -0.6266 0.06920
-4.75 -0.6171 0.06512 0.0279 1.0000 0.4088 9 0.0018 0.00025 0 -0.6171 0.06512
-4.50 -0.5995 0.06097 0.0225 1.0000 0.3780 9 0.0009 0.00026 0 -0.5995 0.06097
-4.25 -0.5787 0.05714 0.0184 1.0000 0.3526 9 0.0015 0.00033 0 -0.5787 0.05714
-4.00 -0.5554 0.05349 0.0155 1.0000 0.3345 9 0.0020 0.00026 0 -0.5554 0.05349
-3.75 -0.5302 0.05015 0.0131 1.0000 0.3196 9 0.0023 0.00025 0 -0.5302 0.05015
-3.50 -0.5030 0.04701 0.0116 1.0000 0.3085 9 0.0023 0.00027 0 -0.5030 0.04701
-3.25 -0.4759 0.04424 0.0108 1.0000 0.3010 9 0.0029 0.00014 0 -0.4759 0.04424
-3.00 -0.4468 0.04164 0.0102 1.0000 0.2978 9 0.0037 0.00026 0 -0.4468 0.04164
-2.75 -0.4152 0.03925 0.0095 1.0000 0.2967 9 0.0041 0.00030 0 -0.4152 0.03925
-2.50 -0.3808 0.03703 0.0086 1.0000 0.2983 9 0.0036 0.00024 0 -0.3808 0.03703
-2.25 -0.3445 0.03503 0.0076 1.0000 0.3050 9 0.0042 0.00018 0 -0.3445 0.03503
-2.00 -0.3059 0.03299 0.0064 1.0000 0.3168 9 0.0044 0.00016 0 -0.3059 0.03299
-1.75 -0.2673 0.03097 0.0053 1.0000 0.3375 9 0.0035 0.00016 0 -0.2673 0.03097
-1.50 -0.2303 0.02900 0.0046 1.0000 0.3706 9 0.0032 0.00016 0 -0.2303 0.02900
-1.25 -0.1282 0.02375 -0.0068 1.0000 1.0000 9 0.0719 0.00310 0 -0.1282 0.02375
-1.00 -0.0954 0.02378 -0.0055 1.0000 1.0000 9 0.0000 0.00006 0 -0.0954 0.02378
-0.75 -0.0705 0.02375 -0.0039 1.0000 1.0000 9 0.0001 0.00006 0 -0.0705 0.02375
-0.50 -0.0468 0.02371 -0.0026 1.0000 1.0000 9 0.0000 0.00007 0 -0.0468 0.02371
-0.25 -0.0234 0.02369 -0.0013 1.0000 1.0000 9 0.0000 0.00007 0 -0.0234 0.02369
0.00 0.0000 0.02368 0.0000 1.0000 1.0000 9 0.0000 0.00007 0 0.0000 0.02368
0.25 0.0234 0.02369 0.0013 1.0000 1.0000 9 0.0000 0.00007 0 0.0234 0.02369
0.50 0.0468 0.02371 0.0026 1.0000 1.0000 9 0.0000 0.00007 0 0.0468 0.02371
0.75 0.0705 0.02374 0.0039 1.0000 1.0000 9 0.0001 0.00006 0 0.0705 0.02374
1.00 0.0954 0.02378 0.0055 1.0000 1.0000 9 0.0000 0.00006 0 0.0954 0.02378
1.25 0.1973 0.02657 -0.0046 0.4397 1.0000 9 0.0719 0.00310 0 0.1973 0.02657
1.50 0.2303 0.02900 -0.0046 0.3706 1.0000 9 0.0032 0.00016 0 0.2303 0.02900
1.75 0.2673 0.03097 -0.0053 0.3375 1.0000 9 0.0035 0.00016 0 0.2673 0.03097
2.00 0.3059 0.03299 -0.0064 0.3168 1.0000 12 0.0044 0.00016 0 0.3059 0.03299
2.25 0.3445 0.03503 -0.0076 0.3050 1.0000 9 0.0042 0.00018 0 0.3445 0.03503
2.50 0.3808 0.03702 -0.0086 0.2983 1.0000 9 0.0036 0.00024 0 0.3808 0.03702
2.75 0.4152 0.03925 -0.0095 0.2967 1.0000 9 0.0041 0.00030 0 0.4152 0.03925
3.00 0.4468 0.04164 -0.0102 0.2978 1.0000 9 0.0036 0.00026 0 0.4468 0.04164
3.25 0.4759 0.04424 -0.0108 0.3010 1.0000 9 0.0029 0.00014 0 0.4759 0.04424
3.50 0.5030 0.04701 -0.0116 0.3084 1.0000 9 0.0023 0.00026 0 0.5030 0.04701
3.75 0.5302 0.05015 -0.0131 0.3195 1.0000 9 0.0023 0.00025 0 0.5302 0.05015
4.00 0.5554 0.05349 -0.0155 0.3345 1.0000 9 0.0020 0.00026 0 0.5554 0.05349
4.25 0.5787 0.05714 -0.0184 0.3526 1.0000 9 0.0015 0.00033 0 0.5787 0.05714
4.50 0.5995 0.06097 -0.0225 0.3780 1.0000 9 0.0009 0.00026 0 0.5995 0.06097
4.75 0.6171 0.06513 -0.0279 0.4088 1.0000 9 0.0018 0.00025 0 0.6171 0.06513
5.00 0.6266 0.06920 -0.0343 0.4478 1.0000 9 0.0063 0.00010 0 0.6266 0.06920
5.25 0.6245 0.07302 -0.0407 0.4919 1.0000 9 0.0020 0.00009 0 0.6245 0.07302
5.50 0.6128 0.07646 -0.0459 0.5392 1.0000 9 0.0061 0.00031 0 0.6128 0.07646
5.75 0.5918 0.07906 -0.0488 0.5882 1.0000 9 0.0032 0.00011 0 0.5918 0.07906
6.00 0.5641 0.08101 -0.0505 0.6450 1.0000 9 0.0068 0.00060 0 0.5641 0.08101
6.25 0.5326 0.08265 -0.0507 0.7114 1.0000 7 0.0040 0.00030 0 0.5326 0.08265
6.50 0.4957 0.08286 -0.0489 0.7826 1.0000 7 0.0072 0.00032 0 0.4957 0.08286
6.75 0.4519 0.08235 -0.0437 0.8656 1.0000 9 0.0019 0.00036 0 0.4519 0.08235
7.00 0.3972 0.08021 -0.0328 0.9464 1.0000 9 0.0027 0.00019 0 0.3972 0.08021
7.25 0.3489 0.07723 -0.0196 1.0000 1.0000 9 0.0050 0.00003 0 0.3489 0.07723
7.50 0.3582 0.08010 -0.0205 1.0000 1.0000 9 0.0050 0.00004 0 0.3582 0.08010
7.75 0.3674 0.08302 -0.0214 1.0000 1.0000 9 0.0051 0.00005 0 0.3674 0.08302
8.00 0.3766 0.08598 -0.0222 1.0000 1.0000 9 0.0051 0.00007 0 0.3766 0.08598
8.25 0.3856 0.08898 -0.0231 1.0000 1.0000 6 0.0051 0.00009 0 0.3856 0.08898
8.50 0.3946 0.09202 -0.0239 1.0000 1.0000 6 0.0053 0.00010 0 0.3946 0.09202
8.75 0.4035 0.09509 -0.0248 1.0000 1.0000 6 0.0053 0.00012 0 0.4035 0.09509
9.00 0.4124 0.09820 -0.0257 1.0000 1.0000 6 0.0054 0.00013 0 0.4124 0.09820
9.25 0.4212 0.10133 -0.0266 1.0000 1.0000 6 0.0054 0.00014 0 0.4212 0.10133
9.50 0.4299 0.10450 -0.0275 1.0000 1.0000 6 0.0055 0.00015 0 0.4299 0.10450
9.75 0.4386 0.10770 -0.0284 1.0000 1.0000 6 0.0056 0.00016 0 0.4386 0.10770
10.00 0.4472 0.11092 -0.0293 1.0000 1.0000 6 0.0057 0.00016 0 0.4472 0.11092
10.25 0.5255 0.12397 -0.0467 0.9078 1.0000 6 0.0043 0.00019 0 0.5255 0.12397
10.50 0.5761 0.13221 -0.0531 0.8124 1.0000 6 0.0030 0.00112 0 0.5761 0.13221
10.75 0.6010 0.13813 -0.0540 0.7451 1.0000 6 0.0059 0.00092 0 0.6010 0.13813
11.00 0.6251 0.14307 -0.0550 0.6888 1.0000 6 0.0104 0.00142 0 0.6251 0.14307
11.25 0.6384 0.14787 -0.0538 0.6440 1.0000 6 0.0053 0.00088 0 0.6384 0.14787
11.50 0.6518 0.15200 -0.0532 0.6054 1.0000 6 0.0095 0.00037 0 0.6518 0.15200
11.75 0.6680 0.15624 -0.0529 0.5714 1.0000 6 0.0094 0.00105 0 0.6680 0.15624
12.00 0.6746 0.16013 -0.0519 0.5415 1.0000 6 0.0097 0.00023 0 0.6746 0.16013
12.25 0.6847 0.16418 -0.0513 0.5138 1.0000 6 0.0133 0.00094 0 0.6847 0.16418
12.50 0.6978 0.16782 -0.0507 0.4891 1.0000 6 0.0060 0.00225 0 0.6978 0.16782
12.75 0.7024 0.17159 -0.0504 0.4665 1.0000 6 0.0095 0.00040 0 0.7024 0.17159
13.00 0.7155 0.17497 -0.0502 0.4444 1.0000 6 0.0106 0.00182 0 0.7155 0.17497
13.25 0.7187 0.17876 -0.0498 0.4267 1.0000 6 0.0082 0.00176 0 0.7187 0.17876
13.50 0.7308 0.18362 -0.0498 0.4077 1.0000 6 0.0059 0.00214 0 0.7308 0.18362
13.75 0.7370 0.18693 -0.0499 0.3933 1.0000 6 0.0057 0.00223 0 0.7370 0.18693
14.00 0.7413 0.18904 -0.0500 0.3784 1.0000 6 0.0123 0.00096 0 0.7413 0.18904
14.25 0.7468 0.19239 -0.0502 0.3659 1.0000 6 0.0177 0.00102 0 0.7468 0.19239
14.50 0.7531 0.19540 -0.0505 0.3528 1.0000 6 0.0139 0.00060 0 0.7531 0.19540
14.75 0.7601 0.19885 -0.0509 0.3404 1.0000 6 0.0089 0.00254 0 0.7601 0.19885
15.00 0.7697 0.20244 -0.0513 0.3274 1.0000 6 0.0046 0.00519 0 0.7697 0.20244
15.25 0.7767 0.20460 -0.0517 0.3166 1.0000 6 0.0144 0.00274 0 0.7767 0.20460
15.50 0.7864 0.20887 -0.0529 0.3055 1.0000 4 0.0008 0.00434 0 0.7864 0.20887
15.75 0.7895 0.21078 -0.0531 0.2965 1.0000 6 0.0074 0.00622 0 0.7895 0.21078
16.00 0.7921 0.21398 -0.0539 0.2882 1.0000 6 0.0163 0.00081 0 0.7921 0.21398
