alpha cl cd cm ld phi
-6.00 -0.6862 0.01958 0.0008 -35.05 nan
-5.75 -0.6682 0.01874 0.0025 -35.66 nan
-5.50 -0.6503 0.01798 0.0042 -36.17 nan
-5.25 -0.6323 0.01732 0.0060 -36.51 nan
-5.00 -0.6140 0.01675 0.0077 -36.66 nan
-4.75 -0.5953 0.01627 0.0094 -36.59 nan
-4.50 -0.5761 0.01585 0.0111 -36.35 nan
-4.25 -0.5564 0.01550 0.0128 -35.90 nan
-4.00 -0.5365 0.01519 0.0145 -35.32 nan
-3.75 -0.5162 0.01492 0.0162 -34.60 nan
-3.50 -0.4956 0.01471 0.0179 -33.69 nan
-3.25 -0.4751 0.01453 0.0196 -32.70 nan
-3.00 -0.4544 0.01440 0.0214 -31.56 nan
-2.75 -0.4338 0.01432 0.0232 -30.29 nan
-2.50 -0.4135 0.01429 0.0252 -28.94 nan
-2.25 -0.3932 0.01434 0.0273 -27.42 nan
-2.00 -0.3736 0.01444 0.0294 -25.87 nan
-1.75 -0.3532 0.01464 0.0316 -24.13 nan
-1.50 -0.3315 0.01490 0.0335 -22.25 nan
-1.25 -0.3017 0.01528 0.0337 -19.74 nan
-1.00 -0.2583 0.01573 0.0310 -16.42 nan
-0.75 -0.2021 0.01620 0.0255 -12.48 nan
-0.50 -0.1333 0.01658 0.0172 -8.04 nan
-0.25 -0.0647 0.01682 0.0085 -3.85 nan
0.00 0.0000 0.01693 0.0000 0.00 nan
0.25 0.0647 0.01682 -0.0085 3.85 14.573
0.50 0.1332 0.01658 -0.0172 8.03 7.095
0.75 0.2021 0.01619 -0.0255 12.48 4.580
1.00 0.2583 0.01572 -0.0310 16.43 3.483
1.25 0.3017 0.01527 -0.0337 19.76 2.897
1.50 0.3314 0.01490 -0.0335 22.24 2.574
1.75 0.3531 0.01463 -0.0316 24.14 2.373
2.00 0.3735 0.01444 -0.0294 25.87 2.214
2.25 0.3931 0.01433 -0.0272 27.43 2.088
2.50 0.4135 0.01429 -0.0251 28.94 1.979
2.75 0.4337 0.01432 -0.0232 30.29 1.891
3.00 0.4543 0.01440 -0.0213 31.55 1.816
3.25 0.4750 0.01453 -0.0196 32.69 1.752
3.50 0.4956 0.01470 -0.0179 33.71 1.699
3.75 0.5161 0.01492 -0.0162 34.59 1.656
4.00 0.5364 0.01519 -0.0145 35.31 1.622
4.25 0.5564 0.01550 -0.0128 35.90 1.596
4.50 0.5760 0.01585 -0.0111 36.34 1.576
4.75 0.5952 0.01626 -0.0094 36.61 1.565
5.00 0.6139 0.01675 -0.0077 36.65 1.563
5.25 0.6323 0.01732 -0.0060 36.51 1.569
5.50 0.6502 0.01798 -0.0042 36.16 1.584
5.75 0.6681 0.01874 -0.0025 35.65 1.607
6.00 0.6862 0.01958 -0.0008 35.05 1.634
6.25 0.7045 0.02048 0.0008 34.40 1.665
6.50 0.7235 0.02143 0.0023 33.76 1.697
6.75 0.7430 0.02240 0.0038 33.17 1.727
7.00 0.7631 0.02346 0.0051 32.53 1.761
7.25 0.7838 0.02455 0.0063 31.93 1.794
7.50 0.8049 0.02574 0.0074 31.27 1.832
7.75 0.8262 0.02707 0.0085 30.52 1.877
8.00 0.8491 0.02853 0.0092 29.76 1.924
8.25 0.8683 0.02987 0.0107 29.07 1.970
8.50 0.8895 0.03151 0.0117 28.23 2.029
8.75 0.9077 0.03325 0.0130 27.30 2.098
9.00 0.9272 0.03500 0.0142 26.49 2.162
9.25 0.9426 0.03719 0.0157 25.35 2.259
9.50 0.9588 0.03958 0.0166 24.22 2.364
9.75 0.9690 0.04189 0.0190 23.13 2.475
10.00 0.9778 0.04458 0.0209 21.93 2.610
10.25 0.9841 0.04783 0.0226 20.57 2.783
10.50 0.9785 0.05154 0.0252 18.99 3.015
10.75 0.9683 0.05557 0.0276 17.42 3.285
11.00 0.9513 0.05994 0.0299 15.87 3.605
11.25 0.9278 0.06422 0.0321 14.45 3.960
11.50 0.9023 0.06891 0.0329 13.09 4.367
11.75 0.8237 0.08102 0.0258 10.17 5.618
12.00 0.8319 0.08459 0.0255 9.83 5.806
nan nan nan nan nan nan
12.50 0.6399 0.14211 -0.0168 4.50 12.521
12.75 0.6478 0.14533 -0.0173 4.46 12.645
13.00 0.6725 0.14879 -0.0149 4.52 12.476
13.25 0.6763 0.15411 -0.0162 4.39 12.837
13.50 0.6511 0.15734 -0.0227 4.14 13.585
13.75 0.6603 0.16063 -0.0233 4.11 13.673
14.00 0.7058 0.16585 -0.0172 4.26 13.224
14.25 0.5099 0.16083 -0.0095 3.17 17.506
14.50 0.5193 0.16375 -0.0094 3.17 17.502
14.75 0.5454 0.16976 -0.0084 3.21 17.289
15.00 0.5104 0.16763 -0.0113 3.04 18.182
15.25 0.5072 0.16915 -0.0123 3.00 18.443
15.50 0.5213 0.17329 -0.0129 3.01 18.388
15.75 0.5482 0.17972 -0.0110 3.05 18.151
16.00 0.5186 0.17727 -0.0140 2.93 18.872
