alpha cl cd clalt cdalt
-6.00 -0.3701 0.10134 -0.2939 0.09488
13.00 1.0406 0.18161 1.1998 0.18125
13.25 1.0414 0.18582 1.2037 0.18574
13.50 1.0284 0.19024 1.2106 0.18993
13.75 1.0179 0.19444 1.2284 0.19619
14.00 1.0147 0.19838 1.2284 0.20104
14.25 1.0151 0.20214 1.2285 0.20553
14.50 1.0234 0.20627 1.2284 0.20965
14.75 1.0267 0.21093 1.2282 0.21348
15.00 1.0197 0.21460 1.2304 0.21738
15.25 1.0150 0.21815 1.2347 0.22134
15.50 1.0125 0.22164 1.2398 0.22526
15.75 1.0209 0.22635 1.2454 0.22908
16.00 1.0187 0.22998 1.2514 0.23287
