x cf H
0.00099 0.052517 2.2802
0.00195 0.052757 2.2941
0.00314 0.051734 2.3080
0.00457 0.049929 2.3216
0.00625 0.047683 2.3346
0.00820 0.045228 2.3469
0.01047 0.042705 2.3585
0.01309 0.040207 2.3692
0.01610 0.037779 2.3793
0.01960 0.035450 2.3886
0.02364 0.033232 2.3971
0.02834 0.031130 2.4050
0.03381 0.029143 2.4122
0.04017 0.027270 2.4190
0.04752 0.025513 2.4253
0.05593 0.023872 2.4313
0.06541 0.022347 2.4374
0.07588 0.020935 2.4436
0.08722 0.019628 2.4505
0.09929 0.018413 2.4581
0.11194 0.017272 2.4670
0.12505 0.016190 2.4775
0.13854 0.015148 2.4899
0.15233 0.014131 2.5048
0.16636 0.013123 2.5229
0.18060 0.012108 2.5451
0.19502 0.011072 2.5725
0.20960 0.009998 2.6070
0.22430 0.008872 2.6511
0.23912 0.007680 2.7085
0.25405 0.006412 2.7845
0.26906 0.005070 2.8868
0.28416 0.003680 3.0265
0.29932 0.002299 3.2182
0.31455 0.001027 3.4803
0.32984 -0.000000 3.8307
0.34518 -0.000662 4.2787
0.36058 -0.000940 4.8213
0.37606 -0.000967 5.4659
0.39164 -0.000910 6.2146
0.40741 -0.000855 7.0767
0.42343 -0.000817 8.0039
0.43957 -0.000791 8.9829
0.45579 -0.000772 10.0113
0.47205 -0.000759 11.0855
0.48834 -0.000749 12.2023
0.50464 -0.000742 13.3589
0.52096 -0.000736 14.5522
0.53728 -0.000732 15.7791
0.55361 -0.000729 17.0363
0.56993 -0.000727 18.3203
0.58626 -0.000726 19.6272
0.60258 -0.000725 20.9525
0.61890 -0.000725 22.2914
0.63521 -0.000725 23.6382
0.65151 -0.000725 24.9862
0.66780 -0.000725 26.3273
0.68407 -0.000725 27.6515
0.70033 -0.000724 28.9451
0.71657 -0.000724 30.1882
0.73280 -0.000723 31.3481
0.74900 -0.000335 20.3972
0.76518 -0.000323 15.5068
0.78133 -0.000261 13.0722
0.79746 -0.000221 11.5723
0.81356 -0.000194 10.5563
0.82963 -0.000174 9.8255
0.84567 -0.000158 9.2715
0.86166 -0.000145 8.8403
0.87761 -0.000135 8.4985
0.89349 -0.000126 8.2241
0.90927 -0.000118 8.0023
0.92487 -0.000111 7.8224
0.94018 -0.000105 7.6766
0.95495 -0.000100 7.5592
0.96881 -0.000096 7.4656
0.98134 -0.000093 7.3921
0.99221 -0.000090 7.3337
1.00025 -0.000088 7.2931
