x cp
1.00025 -0.1834
0.99221 -0.1889
0.98134 -0.1966
0.96881 -0.2058
0.95495 -0.2165
0.94018 -0.2286
0.92487 -0.2420
0.90927 -0.2565
0.89349 -0.2723
0.87761 -0.2894
0.86166 -0.3080
0.84567 -0.3282
0.82963 -0.3505
0.81356 -0.3752
0.79746 -0.4031
0.78133 -0.4354
0.76518 -0.4736
0.74900 -0.5217
0.73280 -0.5759
0.71657 -0.5761
0.70033 -0.5763
0.68407 -0.5764
0.66780 -0.5764
0.65151 -0.5765
0.63521 -0.5765
0.61890 -0.5765
0.60258 -0.5766
0.58626 -0.5766
0.56993 -0.5767
0.55361 -0.5769
0.53728 -0.5771
0.52096 -0.5775
0.50464 -0.5781
0.48834 -0.5789
0.47205 -0.5801
0.45579 -0.5818
0.43957 -0.5842
0.42343 -0.5875
0.40741 -0.5921
0.39164 -0.5986
0.37606 -0.6076
0.36058 -0.6200
0.34518 -0.6363
0.32984 -0.6561
0.31455 -0.6800
0.29932 -0.7074
0.28416 -0.7360
0.26906 -0.7633
0.25405 -0.7878
0.23912 -0.8083
0.22430 -0.8245
0.20960 -0.8363
0.19502 -0.8436
0.18060 -0.8465
0.16636 -0.8451
0.15233 -0.8394
0.13854 -0.8294
0.12505 -0.8150
0.11194 -0.7963
0.09929 -0.7732
0.08722 -0.7456
0.07588 -0.7137
0.06541 -0.6778
0.05593 -0.6382
0.04752 -0.5954
0.04017 -0.5499
0.03381 -0.5018
0.02834 -0.4511
0.02364 -0.3975
0.01960 -0.3406
0.01610 -0.2797
0.01309 -0.2141
0.01047 -0.1427
0.00820 -0.0646
0.00625 0.0213
0.00457 0.1161
0.00314 0.2204
0.00195 0.3342
0.00099 0.4563
0.00026 0.5835
-0.00026 0.7093
-0.00056 0.8245
-0.00064 0.9177
-0.00050 0.9800
-0.00013 0.9998
0.00051 0.9689
0.00142 0.8889
0.00262 0.7729
0.00410 0.6398
0.00586 0.5077
0.00789 0.3876
0.01019 0.2848
0.01277 0.1999
0.01567 0.1315
0.01890 0.0775
0.02252 0.0357
0.02659 0.0042
0.03119 -0.0188
0.03644 -0.0345
0.04245 -0.0437
0.04940 -0.0474
0.05744 -0.0461
0.06675 -0.0403
0.07744 -0.0306
0.08952 -0.0180
0.10289 -0.0031
0.11735 0.0129
0.13268 0.0294
0.14866 0.0457
0.16512 0.0613
0.18195 0.0761
0.19904 0.0899
0.21629 0.1027
0.23357 0.1142
0.25080 0.1246
0.26794 0.1339
0.28499 0.1421
0.30195 0.1492
0.31883 0.1552
0.33565 0.1601
0.35243 0.1638
0.36918 0.1662
0.38597 0.1672
0.40288 0.1660
0.42006 0.1636
0.43738 0.1614
0.45475 0.1592
0.47211 0.1571
0.48947 0.1552
0.50679 0.1534
0.52410 0.1517
0.54138 0.1499
0.55864 0.1481
0.57588 0.1462
0.59310 0.1442
0.61031 0.1420
0.62750 0.1396
0.64468 0.1368
0.66185 0.1338
0.67900 0.1304
0.69616 0.1267
0.71330 0.1225
0.73044 0.1178
0.74757 0.1125
0.76470 0.1067
0.78183 0.1002
0.79896 0.0930
0.81608 0.0850
0.83321 0.0759
0.85033 0.0658
0.86744 0.0544
0.88452 0.0415
0.90154 0.0267
0.91843 0.0096
0.93503 -0.0102
0.95106 -0.0334
0.96610 -0.0605
0.97961 -0.0924
0.99124 -0.1281
0.99975 -0.1834
