x cf H
0.00249 0.010574 2.2295
0.00121 0.074204 2.2178
0.00069 0.085608 2.6505
0.00193 -0.002332 3.9536
0.00375 -0.007770 6.7324
0.00624 -0.006250 10.7608
0.00977 -0.005575 16.0502
0.01514 -0.005069 22.7327
0.02376 -0.004522 30.3741
0.03583 -0.003958 36.9864
0.04928 -0.003497 41.5060
0.06301 -0.003147 44.5787
0.07679 -0.002877 46.7954
0.09061 -0.002662 48.4873
0.10446 -0.002486 49.8405
0.11832 -0.002340 50.9660
0.13221 -0.002216 51.9342
0.14612 -0.002109 52.7915
0.16006 -0.002016 53.5700
0.17401 -0.001934 54.2921
0.18799 -0.001862 54.9743
0.20198 -0.001797 55.6283
0.21599 -0.001739 56.2634
0.23002 -0.001686 56.8859
0.24406 -0.001638 57.5009
0.25812 -0.001594 58.1121
0.27219 -0.001554 58.7222
0.28628 -0.001517 59.3329
0.30038 -0.001483 59.9453
0.31449 -0.001451 60.5601
0.32862 -0.001421 61.1770
0.34275 -0.001394 61.7957
0.35689 -0.001368 62.4150
0.37105 -0.001343 63.0333
0.38521 -0.001320 63.6485
0.39937 -0.001298 64.2577
0.41354 -0.001278 64.8572
0.42772 -0.001258 65.4421
0.44190 -0.001239 66.0061
0.45609 -0.001221 66.5404
0.47028 -0.001203 67.0326
0.48447 -0.001186 67.4619
0.49866 -0.001169 67.7914
0.51285 -0.000404 30.0239
0.52704 -0.000359 22.2740
0.54123 -0.000290 18.4965
0.55542 -0.000247 16.1702
0.56960 -0.000217 14.5931
0.58378 -0.000195 13.4268
0.59795 -0.000178 12.5268
0.61212 -0.000164 11.8112
0.62628 -0.000152 11.2297
0.64043 -0.000142 10.7493
0.65458 -0.000133 10.3473
0.66872 -0.000126 10.0077
0.68284 -0.000120 9.7186
0.69696 -0.000114 9.4712
0.71106 -0.000109 9.2587
0.72515 -0.000104 9.0757
0.73922 -0.000100 8.9178
0.75329 -0.000096 8.7818
0.76733 -0.000092 8.6646
0.78136 -0.000089 8.5640
0.79538 -0.000086 8.4780
0.80937 -0.000083 8.4051
0.82335 -0.000080 8.3438
0.83729 -0.000078 8.2931
0.85114 -0.000076 8.2519
0.86467 -0.000073 8.2237
0.87807 -0.000071 8.2100
0.89141 -0.000070 8.2081
0.90470 -0.000068 8.2166
0.91794 -0.000066 8.2342
0.93111 -0.000064 8.2598
0.94423 -0.000063 8.2922
0.95728 -0.000061 8.3301
0.97020 -0.000060 8.3722
0.98270 -0.000059 8.4159
0.99344 -0.000058 8.4553
1.00000 -0.000057 8.4866
