alpha cl cd cm xtrs xtri npts dcl dcd biest clalt cdalt
-6.00 -0.3938 0.10503 -0.0026 1.0000 0.4413 1 0.0000 0.00000 0 -0.3938 0.10503
-5.75 -0.1064 0.06490 -0.0389 1.0000 1.0000 8 0.0002 0.00067 0 -0.1064 0.06490
-5.50 -0.1010 0.06319 -0.0385 1.0000 1.0000 8 0.0002 0.00066 0 -0.1010 0.06319
-5.25 -0.0958 0.06152 -0.0381 1.0000 1.0000 8 0.0001 0.00067 0 -0.0958 0.06152
-5.00 -0.0909 0.05990 -0.0376 1.0000 1.0000 9 0.0001 0.00067 0 -0.0909 0.05990
-4.75 -0.0861 0.05833 -0.0370 1.0000 1.0000 9 0.0000 0.00067 0 -0.0861 0.05833
-4.50 -0.0816 0.05681 -0.0364 1.0000 1.0000 9 0.0001 0.00066 0 -0.0816 0.05681
-4.25 -0.0774 0.05533 -0.0357 1.0000 1.0000 9 0.0000 0.00066 0 -0.0774 0.05533
-4.00 -0.0735 0.05390 -0.0350 1.0000 1.0000 9 0.0000 0.00066 0 -0.0735 0.05390
-3.75 -0.0699 0.05252 -0.0342 1.0000 1.0000 9 0.0000 0.00065 0 -0.0699 0.05252
-3.50 -0.0666 0.05117 -0.0333 1.0000 1.0000 9 0.0001 0.00065 0 -0.0666 0.05117
-3.25 -0.0637 0.04988 -0.0323 1.0000 1.0000 9 0.0001 0.00065 0 -0.0637 0.04988
-3.00 -0.0612 0.04862 -0.0313 1.0000 1.0000 9 0.0001 0.00064 0 -0.0612 0.04862
-2.75 -0.0590 0.04740 -0.0301 1.0000 1.0000 9 0.0002 0.00064 0 -0.0590 0.04740
-2.50 -0.0573 0.04622 -0.0290 1.0000 1.0000 9 0.0002 0.00063 0 -0.0573 0.04622
-2.25 -0.0560 0.04507 -0.0277 1.0000 1.0000 9 0.0003 0.00063 0 -0.0560 0.04507
-2.00 -0.0551 0.04395 -0.0264 1.0000 1.0000 9 0.0004 0.00062 0 -0.0551 0.04395
-1.75 -0.0548 0.04286 -0.0249 1.0000 1.0000 9 0.0004 0.00061 0 -0.0548 0.04286
-1.50 -0.0824 0.04256 -0.0169 1.0000 0.9874 9 0.0060 0.00051 0 -0.0824 0.04256
-1.25 -0.1130 0.04201 -0.0084 1.0000 0.9739 6 0.0055 0.00054 0 -0.1130 0.04201
-1.00 -0.1447 0.04165 0.0001 1.0000 0.9610 5 0.0048 0.00055 0 -0.1447 0.04165
-0.75 -0.1766 0.04100 0.0084 1.0000 0.9499 3 0.0038 0.00062 0 -0.1766 0.04100
-0.50 -0.2083 0.04020 0.0167 1.0000 0.9402 3 0.0023 0.00067 0 -0.2083 0.04020
-0.25 -0.2355 0.03933 0.0228 1.0000 0.9228 3 0.0032 0.00060 0 -0.2355 0.03933
0.00 0.1965 0.04702 -0.0968 1.0000 0.4433 9 0.0284 0.00035 0 0.1965 0.04702
0.25 0.2645 0.04610 -0.1080 1.0000 0.3925 9 0.0260 0.00030 0 0.2645 0.04610
0.50 0.3210 0.04530 -0.1158 1.0000 0.3629 9 0.0250 0.00023 0 0.3210 0.04530
0.75 0.3694 0.04462 -0.1213 1.0000 0.3422 9 0.0201 0.00034 0 0.3694 0.04462
1.00 0.4088 0.04394 -0.1245 1.0000 0.3367 9 0.0178 0.00035 0 0.4088 0.04394
1.25 0.4457 0.04348 -0.1270 1.0000 0.3432 9 0.0188 0.00026 0 0.4457 0.04348
1.50 0.4796 0.04307 -0.1286 1.0000 0.3519 9 0.0198 0.00022 0 0.4796 0.04307
1.75 0.5117 0.04272 -0.1298 1.0000 0.3691 9 0.0192 0.00025 0 0.5117 0.04272
2.00 0.5423 0.04234 -0.1306 1.0000 0.4118 12 0.0192 0.00036 0 0.5423 0.04234
2.25 0.5748 0.04168 -0.1316 1.0000 0.4844 9 0.0223 0.00067 0 0.5748 0.04168
2.50 0.5964 0.04048 -0.1309 1.0000 1.0000 7 0.0207 0.00018 0 0.5964 0.04048
2.75 0.6275 0.04151 -0.1309 1.0000 1.0000 9 0.0168 0.00018 0 0.6275 0.04151
3.00 0.6474 0.04247 -0.1301 1.0000 1.0000 9 0.0162 0.00020 0 0.6474 0.04247
3.25 0.6664 0.04347 -0.1294 1.0000 1.0000 9 0.0162 0.00021 0 0.6664 0.04347
3.50 0.6848 0.04453 -0.1287 1.0000 1.0000 9 0.0164 0.00023 0 0.6848 0.04453
3.75 0.7028 0.04564 -0.1281 1.0000 1.0000 9 0.0164 0.00025 0 0.7028 0.04564
4.00 0.7205 0.04681 -0.1274 1.0000 1.0000 9 0.0165 0.00027 0 0.7205 0.04681
4.25 0.7378 0.04803 -0.1268 1.0000 1.0000 9 0.0167 0.00029 0 0.7378 0.04803
4.50 0.7549 0.04932 -0.1262 1.0000 1.0000 9 0.0168 0.00032 0 0.7549 0.04932
4.75 0.7717 0.05066 -0.1255 1.0000 1.0000 8 0.0169 0.00035 0 0.7717 0.05066
5.00 0.7884 0.05205 -0.1248 1.0000 1.0000 6 0.0171 0.00036 1 1.0262 0.03774
5.25 0.8054 0.05345 -0.1240 1.0000 1.0000 6 0.0174 0.00037 1 1.0309 0.04152
5.50 0.8235 0.05480 -0.1230 1.0000 1.0000 6 0.0179 0.00036 1 1.0468 0.04445
5.75 1.0803 0.04718 -0.1255 0.2256 1.0000 3 0.0068 0.00013 0 1.0803 0.04718
6.00 1.1393 0.05052 -0.1279 0.2107 1.0000 9 0.0037 0.00002 0 1.1393 0.05052
6.25 1.2134 0.05434 -0.1320 0.2048 1.0000 9 0.0061 0.00021 0 1.2134 0.05434
6.50 1.2814 0.05877 -0.1364 0.2035 1.0000 9 0.0053 0.00065 0 1.2814 0.05877
6.75 1.3217 0.06306 -0.1372 0.2078 1.0000 9 0.0072 0.00056 0 1.3217 0.06306
7.00 1.3505 0.06676 -0.1367 0.2130 1.0000 9 0.0112 0.00020 0 1.3505 0.06676
7.25 1.3748 0.07115 -0.1361 0.2177 1.0000 9 0.0026 0.00062 0 1.3748 0.07115
7.50 1.3836 0.07544 -0.1341 0.2233 1.0000 9 0.0065 0.00009 0 1.3836 0.07544
7.75 1.3947 0.08042 -0.1329 0.2310 1.0000 9 0.0008 0.00047 0 1.3947 0.08042
8.00 1.3875 0.08512 -0.1306 0.2377 1.0000 9 0.0148 0.00032 0 1.3875 0.08512
8.25 1.3848 0.09026 -0.1293 0.2459 1.0000 6 0.0029 0.00038 0 1.3848 0.09026
8.50 1.3684 0.09551 -0.1276 0.2509 1.0000 6 0.0093 0.00007 0 1.3684 0.09551
8.75 1.3552 0.10124 -0.1267 0.2593 1.0000 6 0.0075 0.00055 0 1.3552 0.10124
9.00 1.3221 0.10666 -0.1258 0.2620 1.0000 6 0.0058 0.00006 0 1.3221 0.10666
9.25 1.2965 0.11249 -0.1259 0.2674 1.0000 6 0.0099 0.00019 0 1.2965 0.11249
9.50 1.2741 0.11921 -0.1276 0.2762 1.0000 6 0.0101 0.00021 0 1.2741 0.11921
9.75 1.2392 0.12680 -0.1320 0.2836 1.0000 6 0.0141 0.00030 0 1.2392 0.12680
10.00 1.2213 0.13489 -0.1370 0.2972 1.0000 6 0.0073 0.00057 0 1.2213 0.13489
10.25 1.2002 0.14281 -0.1432 0.3134 1.0000 6 0.0094 0.00070 0 1.2002 0.14281
10.50 1.1860 0.15019 -0.1488 0.3356 1.0000 6 0.0061 0.00081 0 1.1860 0.15019
10.75 1.1723 0.15757 -0.1537 0.3592 1.0000 4 0.0029 0.00117 0 1.1723 0.15757
11.00 1.1613 0.16569 -0.1635 0.4198 1.0000 6 0.0078 0.00080 0 1.1613 0.16569
11.50 0.9235 0.18212 -0.1569 0.6235 1.0000 2 0.0000 0.00001 1 1.0749 0.17916
11.75 0.9192 0.18526 -0.1574 0.6310 1.0000 2 0.0000 0.00000 1 1.0802 0.18370
12.00 0.9196 0.18890 -0.1580 0.6343 1.0000 2 0.0000 0.00000 1 1.0795 0.18629
12.25 0.9178 0.19142 -0.1582 0.6321 1.0000 2 0.0000 0.00000 1 1.0850 0.19023
12.50 0.9218 0.19519 -0.1588 0.6282 1.0000 2 0.0000 0.00000 1 1.0933 0.19450
12.75 0.9211 0.19757 -0.1589 0.6221 1.0000 2 0.0000 0.00000 1 1.1040 0.19944
13.00 0.9255 0.20127 -0.1595 0.6155 1.0000 2 0.0000 0.00000 1 1.1088 0.20202
13.25 0.9314 0.20530 -0.1602 0.6075 1.0000 2 0.0000 0.00000 1 1.1212 0.20724
13.50 0.9358 0.20884 -0.1606 0.5984 1.0000 2 0.0000 0.00000 1 1.1294 0.21055
13.75 0.9387 0.21191 -0.1609 0.5889 1.0000 2 0.0000 0.00000 1 1.1379 0.21398
14.00 0.9400 0.21445 -0.1611 0.5787 1.0000 2 0.0000 0.00000 1 1.1483 0.21805
14.25 0.9410 0.21681 -0.1612 0.5675 1.0000 2 0.0000 0.00000 1 1.1599 0.22246
14.50 0.9442 0.21979 -0.1614 0.5555 1.0000 2 0.0000 0.00000 1 1.1715 0.22678
14.75 0.9509 0.22385 -0.1620 0.5432 1.0000 2 0.0000 0.00000 1 1.1834 0.23122
15.00 0.9545 0.22710 -0.1623 0.5312 1.0000 2 0.0000 0.00000 1 1.1928 0.23468
15.25 0.9560 0.22951 -0.1624 0.5178 1.0000 2 0.0000 0.00000 1 1.2001 0.23706
15.50 0.9644 0.23423 -0.1630 0.5046 1.0000 2 0.0000 0.00000 1 1.2108 0.24081
15.75 0.9645 0.23638 -0.1631 0.4923 1.0000 2 0.0000 0.00000 1 1.2195 0.24380
16.00 0.9682 0.23956 -0.1634 0.4789 1.0000 2 0.0000 0.00000 1 1.2299 0.24738
