alpha cl cd clalt cdalt
11.00 0.7968 0.08068 0.8916 0.07214
12.00 0.5551 0.14004 0.6601 0.14040
12.25 0.5158 0.14241 0.6244 0.14288
12.50 0.5273 0.14588 0.6370 0.14642
12.75 0.5236 0.14950 0.6683 0.15242
13.00 0.5134 0.15170 0.6352 0.15400
13.25 0.5356 0.15661 0.6472 0.15745
13.50 0.5088 0.15733 0.6702 0.16319
13.75 0.5204 0.16069 0.6485 0.16447
14.00 0.5208 0.16405 0.6589 0.16792
14.50 0.5459 0.17235 0.6709 0.17582
14.75 0.5109 0.16970 0.6705 0.17828
15.00 0.5064 0.17079 0.6894 0.18253
15.25 0.5251 0.17548 0.7033 0.18835
15.50 0.5155 0.17639 0.6896 0.18859
15.75 0.5084 0.17704 0.6971 0.19173
16.00 0.5218 0.18069 0.7128 0.19599
