alpha phin
-6.00 nan
-5.75 nan
-5.50 nan
-5.25 nan
-5.00 nan
-4.75 nan
-4.50 nan
-4.25 nan
-4.00 nan
-3.75 nan
-3.50 nan
-3.25 nan
-3.00 nan
nan nan
-2.25 nan
-2.00 nan
nan nan
-1.50 nan
-1.25 nan
-1.00 nan
-0.75 11.213
-0.50 8.547
-0.25 6.941
0.00 5.798
0.25 4.928
0.50 4.270
0.75 3.762
1.00 3.342
1.25 2.758
1.50 2.647
1.75 2.582
2.00 2.505
2.25 2.466
2.50 2.408
2.75 2.021
3.00 2.061
3.25 2.086
3.50 2.137
3.75 2.199
4.00 2.285
4.25 2.343
4.50 2.426
4.75 2.517
5.00 2.625
5.25 2.742
5.50 3.024
5.75 3.637
6.00 4.282
6.25 4.783
6.50 5.507
nan nan
7.25 6.435
7.50 6.582
7.75 6.607
8.00 6.655
8.25 6.694
8.50 6.764
8.75 6.844
9.00 7.025
9.25 7.170
9.50 7.363
9.75 7.557
10.00 7.814
10.25 7.988
10.50 8.206
10.75 8.476
11.00 8.693
11.25 8.915
11.50 9.133
11.75 9.322
12.00 9.526
12.25 9.737
12.50 9.914
12.75 10.113
13.00 10.241
13.25 10.484
13.50 10.605
13.75 10.743
14.00 10.927
14.25 11.050
14.50 11.181
14.75 11.312
15.00 11.468
15.25 11.575
15.50 11.706
15.75 11.784
16.00 11.842
