alpha cl cd cm ld phi
-6.00 -0.3938 0.10503 -0.0026 -3.75 nan
-5.75 -0.1064 0.06490 -0.0389 -1.64 nan
-5.50 -0.1010 0.06319 -0.0385 -1.60 nan
-5.25 -0.0958 0.06152 -0.0381 -1.56 nan
-5.00 -0.0909 0.05990 -0.0376 -1.52 nan
-4.75 -0.0861 0.05833 -0.0370 -1.48 nan
-4.50 -0.0816 0.05681 -0.0364 -1.44 nan
-4.25 -0.0774 0.05533 -0.0357 -1.40 nan
-4.00 -0.0735 0.05390 -0.0350 -1.36 nan
-3.75 -0.0699 0.05252 -0.0342 -1.33 nan
-3.50 -0.0666 0.05117 -0.0333 -1.30 nan
-3.25 -0.0637 0.04988 -0.0323 -1.28 nan
-3.00 -0.0612 0.04862 -0.0313 -1.26 nan
-2.75 -0.0590 0.04740 -0.0301 -1.24 nan
-2.50 -0.0573 0.04622 -0.0290 -1.24 nan
-2.25 -0.0560 0.04507 -0.0277 -1.24 nan
-2.00 -0.0551 0.04395 -0.0264 -1.25 nan
-1.75 -0.0548 0.04286 -0.0249 -1.28 nan
-1.50 -0.0824 0.04256 -0.0169 -1.94 nan
-1.25 -0.1130 0.04201 -0.0084 -2.69 nan
-1.00 -0.1447 0.04165 0.0001 -3.47 nan
-0.75 -0.1766 0.04100 0.0084 -4.31 nan
-0.50 -0.2083 0.04020 0.0167 -5.18 nan
-0.25 -0.2355 0.03933 0.0228 -5.99 nan
0.00 0.1965 0.04702 -0.0968 4.18 13.457
0.25 0.2645 0.04610 -0.1080 5.74 9.887
0.50 0.3210 0.04530 -0.1158 7.09 8.033
0.75 0.3694 0.04462 -0.1213 8.28 6.887
1.00 0.4088 0.04394 -0.1245 9.30 6.135
1.25 0.4457 0.04348 -0.1270 10.25 5.572
1.50 0.4796 0.04307 -0.1286 11.14 5.132
1.75 0.5117 0.04272 -0.1298 11.98 4.772
2.00 0.5423 0.04234 -0.1306 12.81 4.464
2.25 0.5748 0.04168 -0.1316 13.79 4.147
2.50 0.5964 0.04048 -0.1309 14.73 3.883
2.75 0.6275 0.04151 -0.1309 15.12 3.785
3.00 0.6474 0.04247 -0.1301 15.24 3.753
3.25 0.6664 0.04347 -0.1294 15.33 3.732
3.50 0.6848 0.04453 -0.1287 15.38 3.720
3.75 0.7028 0.04564 -0.1281 15.40 3.716
4.00 0.7205 0.04681 -0.1274 15.39 3.717
4.25 0.7378 0.04803 -0.1268 15.36 3.725
4.50 0.7549 0.04932 -0.1262 15.31 3.738
4.75 0.7717 0.05066 -0.1255 15.23 3.756
5.00 0.7884 0.05205 -0.1248 15.15 3.777
5.25 0.8054 0.05345 -0.1240 15.07 3.797
5.50 0.8235 0.05480 -0.1230 15.03 3.807
5.75 1.0803 0.04718 -0.1255 22.90 2.501
6.00 1.1393 0.05052 -0.1279 22.55 2.539
6.25 1.2134 0.05434 -0.1320 22.33 2.564
6.50 1.2814 0.05877 -0.1364 21.80 2.626
6.75 1.3217 0.06306 -0.1372 20.96 2.732
7.00 1.3505 0.06676 -0.1367 20.23 2.830
7.25 1.3748 0.07115 -0.1361 19.32 2.963
7.50 1.3836 0.07544 -0.1341 18.34 3.121
7.75 1.3947 0.08042 -0.1329 17.34 3.300
8.00 1.3875 0.08512 -0.1306 16.30 3.511
8.25 1.3848 0.09026 -0.1293 15.34 3.729
8.50 1.3684 0.09551 -0.1276 14.33 3.993
8.75 1.3552 0.10124 -0.1267 13.39 4.272
9.00 1.3221 0.10666 -0.1258 12.40 4.612
9.25 1.2965 0.11249 -0.1259 11.53 4.959
9.50 1.2741 0.11921 -0.1276 10.69 5.345
9.75 1.2392 0.12680 -0.1320 9.77 5.842
10.00 1.2213 0.13489 -0.1370 9.05 6.303
10.25 1.2002 0.14281 -0.1432 8.40 6.786
10.50 1.1860 0.15019 -0.1488 7.90 7.217
10.75 1.1723 0.15757 -0.1537 7.44 7.655
11.00 1.1613 0.16569 -0.1635 7.01 8.120
nan nan nan nan nan nan
11.50 0.9235 0.18212 -0.1569 5.07 11.156
11.75 0.9192 0.18526 -0.1574 4.96 11.395
12.00 0.9196 0.18890 -0.1580 4.87 11.608
12.25 0.9178 0.19142 -0.1582 4.79 11.781
12.50 0.9218 0.19519 -0.1588 4.72 11.956
12.75 0.9211 0.19757 -0.1589 4.66 12.106
13.00 0.9255 0.20127 -0.1595 4.60 12.269
13.25 0.9314 0.20530 -0.1602 4.54 12.430
13.50 0.9358 0.20884 -0.1606 4.48 12.580
13.75 0.9387 0.21191 -0.1609 4.43 12.721
14.00 0.9400 0.21445 -0.1611 4.38 12.851
14.25 0.9410 0.21681 -0.1612 4.34 12.975
14.50 0.9442 0.21979 -0.1614 4.30 13.104
14.75 0.9509 0.22385 -0.1620 4.25 13.247
15.00 0.9545 0.22710 -0.1623 4.20 13.383
15.25 0.9560 0.22951 -0.1624 4.17 13.500
15.50 0.9644 0.23423 -0.1630 4.12 13.651
15.75 0.9645 0.23638 -0.1631 4.08 13.771
16.00 0.9682 0.23956 -0.1634 4.04 13.897
