alpha cl cd cm xtrs xtri npan dcl dcd
-6.00 -0.2296 0.08516 -0.0627 0.9421 0.1321 3 0.0064 0.00113
-5.75 -0.2122 0.08061 -0.0695 0.9325 0.1361 3 0.0029 0.00011
-5.50 -0.1892 0.07764 -0.0704 0.9253 0.1403 2 0.0078 0.00043
-5.25 -0.1609 0.07276 -0.0798 0.9167 0.1499 3 0.0088 0.00076
-5.00 -0.1321 0.06933 -0.0840 0.9080 0.1581 3 0.0089 0.00109
-4.75 -0.1082 0.06577 -0.0892 0.8995 0.1660 2 0.0073 0.00082
-4.25 -0.0091 0.04654 -0.1156 0.8868 0.1200 3 0.0136 0.00589
-4.00 0.0372 0.04097 -0.1217 0.8820 0.1145 3 0.0227 0.01043
-3.75 0.0832 0.03610 -0.1272 0.8779 0.1166 3 0.0453 0.01177
-3.50 0.1256 0.03366 -0.1304 0.8718 0.1222 3 0.0105 0.00077
-3.25 0.1622 0.03239 -0.1323 0.8656 0.1292 3 0.0101 0.00055
-3.00 0.2098 0.03087 -0.1359 0.8621 0.1384 3 0.0102 0.00031
-2.75 0.2421 0.02977 -0.1367 0.8537 0.1482 3 0.0135 0.00064
-2.50 0.2801 0.02890 -0.1384 0.8474 0.1601 3 0.0046 0.00013
-2.25 0.3261 0.02775 -0.1413 0.8434 0.1756 3 0.0117 0.00025
-2.00 0.3543 0.02726 -0.1413 0.8339 0.1896 3 0.0012 0.00010
-1.75 0.4000 0.02622 -0.1440 0.8307 0.2111 3 0.0009 0.00002
-1.50 0.4287 0.02576 -0.1439 0.8216 0.2305 2 0.0020 0.00009
-1.25 0.4712 0.02480 -0.1459 0.8176 0.2578 3 0.0067 0.00027
-1.00 0.4980 0.02448 -0.1455 0.8078 0.2836 3 0.0087 0.00042
-0.75 0.5322 0.02379 -0.1463 0.8013 0.3173 3 0.0081 0.00036
-0.50 0.5653 0.02310 -0.1468 0.7941 0.3576 3 0.0081 0.00042
-0.25 0.5965 0.02241 -0.1470 0.7867 0.4138 3 0.0054 0.00029
0.00 0.6261 0.02105 -0.1467 0.7802 0.6431 2 0.0012 0.00013
0.25 0.6540 0.02044 -0.1455 0.7714 0.9998 3 0.0053 0.00024
0.50 0.6929 0.02008 -0.1468 0.7661 0.9998 3 0.0011 0.00003
0.75 0.7178 0.02032 -0.1462 0.7559 0.9998 3 0.0050 0.00024
1.00 0.7483 0.02034 -0.1463 0.7482 0.9998 3 0.0061 0.00026
1.25 0.7775 0.02043 -0.1463 0.7398 0.9998 2 0.0055 0.00026
1.50 0.8121 0.02028 -0.1471 0.7334 0.9998 3 0.0071 0.00031
1.75 0.8376 0.02056 -0.1466 0.7246 0.9998 3 0.0109 0.00050
2.00 0.8652 0.02077 -0.1464 0.7162 0.9998 3 0.0055 0.00022
2.25 0.8910 0.02108 -0.1460 0.7079 0.9998 3 0.0078 0.00038
2.50 0.9239 0.02107 -0.1466 0.7016 0.9998 3 0.0005 0.00001
2.75 0.9458 0.02158 -0.1457 0.6925 0.9998 3 0.0048 0.00025
3.00 0.9770 0.02169 -0.1460 0.6858 0.9998 3 0.0070 0.00030
3.25 1.0007 0.02212 -0.1454 0.6779 0.9998 3 0.0099 0.00050
3.50 1.0279 0.02245 -0.1452 0.6707 0.9998 3 0.0009 0.00007
3.75 1.0536 0.02280 -0.1448 0.6636 0.9998 3 0.0048 0.00026
4.00 1.0775 0.02329 -0.1442 0.6558 0.9998 3 0.0081 0.00041
4.25 1.1069 0.02354 -0.1444 0.6494 0.9998 3 0.0027 0.00013
4.50 1.1279 0.02413 -0.1434 0.6415 0.9998 3 0.0048 0.00026
4.75 1.1615 0.02417 -0.1441 0.6360 0.9998 3 0.0001 0.00007
5.00 1.1782 0.02500 -0.1425 0.6273 0.9998 3 0.0065 0.00037
5.25 1.2071 0.02529 -0.1426 0.6210 0.9998 3 0.0083 0.00035
5.50 1.2282 0.02589 -0.1416 0.6132 0.9998 3 0.0118 0.00063
5.75 1.2541 0.02627 -0.1413 0.6064 0.9998 3 0.0031 0.00016
6.00 1.2767 0.02686 -0.1405 0.5989 0.9998 2 0.0035 0.00023
6.25 1.2994 0.02740 -0.1397 0.5913 0.9998 3 0.0118 0.00061
6.50 1.3283 0.02761 -0.1396 0.5845 0.9998 2 0.0035 0.00014
6.75 1.3456 0.02840 -0.1381 0.5759 0.9998 3 0.0059 0.00033
7.00 1.3814 0.02830 -0.1391 0.5696 0.9998 3 0.0021 0.00019
7.25 1.3960 0.02911 -0.1371 0.5602 0.9998 3 0.0124 0.00066
7.50 1.4203 0.02944 -0.1363 0.5519 0.9998 3 0.0082 0.00031
7.75 1.4424 0.02983 -0.1353 0.5428 0.9998 3 0.0165 0.00078
8.00 1.4667 0.03000 -0.1344 0.5330 0.9998 3 0.0079 0.00046
8.25 1.4908 0.02998 -0.1333 0.5216 0.9998 3 0.0075 0.00030
8.50 1.5134 0.02990 -0.1320 0.5090 0.9998 3 0.0041 0.00026
8.75 1.5357 0.02976 -0.1305 0.4960 0.9998 3 0.0102 0.00056
9.00 1.5562 0.02971 -0.1289 0.4830 0.9998 3 0.0131 0.00064
9.25 1.5782 0.02964 -0.1275 0.4700 0.9998 3 0.0038 0.00017
9.50 1.5918 0.02976 -0.1248 0.4567 0.9998 3 0.0057 0.00019
9.75 1.6055 0.02989 -0.1222 0.4431 0.9998 3 0.0023 0.00013
10.00 1.6173 0.03003 -0.1193 0.4290 0.9998 3 0.0091 0.00040
10.25 1.6218 0.03039 -0.1153 0.4147 0.9998 3 0.0088 0.00038
10.50 1.6217 0.03081 -0.1106 0.4003 0.9998 3 0.0055 0.00026
10.75 1.6184 0.03148 -0.1058 0.3852 0.9998 3 0.0032 0.00019
11.00 1.6135 0.03236 -0.1011 0.3686 0.9998 3 0.0022 0.00015
11.25 1.6082 0.03346 -0.0967 0.3501 0.9998 3 0.0017 0.00011
11.50 1.6002 0.03492 -0.0924 0.3290 0.9998 3 0.0002 0.00005
11.75 1.5890 0.03690 -0.0883 0.3051 0.9998 3 0.0011 0.00009
12.00 1.5746 0.03945 -0.0845 0.2781 0.9998 3 0.0005 0.00004
12.25 1.5565 0.04265 -0.0810 0.2491 0.9998 3 0.0004 0.00000
12.50 1.5358 0.04646 -0.0778 0.2209 0.9998 3 0.0006 0.00001
12.75 1.5145 0.05069 -0.0752 0.1964 0.9998 3 0.0008 0.00000
13.00 1.4949 0.05511 -0.0732 0.1747 0.9998 3 0.0007 0.00000
13.25 1.4785 0.05944 -0.0715 0.1566 0.9998 3 0.0009 0.00002
13.50 1.4658 0.06348 -0.0701 0.1419 0.9998 3 0.0012 0.00004
13.75 1.4577 0.06703 -0.0688 0.1295 0.9998 3 0.0014 0.00011
14.00 1.4541 0.07018 -0.0675 0.1186 0.9998 3 0.0015 0.00018
14.25 1.4536 0.07290 -0.0663 0.1092 0.9998 3 0.0015 0.00006
14.50 1.4564 0.07523 -0.0650 0.1011 0.9998 3 0.0013 0.00012
14.75 1.4624 0.07737 -0.0637 0.0941 0.9998 3 0.0042 0.00047
15.00 1.4755 0.07854 -0.0620 0.0876 0.9998 3 0.0011 0.00005
15.25 1.4790 0.08112 -0.0612 0.0827 0.9998 3 0.0071 0.00087
15.50 1.4944 0.08232 -0.0599 0.0779 0.9998 3 0.0083 0.00091
15.75 1.5002 0.08470 -0.0585 0.0740 0.9998 3 0.0163 0.00188
16.00 1.5171 0.08595 -0.0579 0.0707 0.9998 3 0.0209 0.00236
