alpha cl cd cm ld phi
-6.00 -0.2628 0.09426 -0.0430 -2.79 nan
-5.75 -0.2604 0.09121 -0.0452 -2.85 nan
-5.50 -0.2501 0.08804 -0.0481 -2.84 nan
-5.25 -0.2325 0.08498 -0.0501 -2.74 nan
-5.00 -0.1932 0.08159 -0.0541 -2.37 nan
-4.75 -0.1450 0.07813 -0.0592 -1.86 nan
-4.50 -0.1288 0.07534 -0.0622 -1.71 nan
-4.25 -0.1173 0.07162 -0.0679 -1.64 nan
-4.00 -0.0919 0.06800 -0.0778 -1.35 nan
-3.75 -0.0469 0.06515 -0.0871 -0.72 nan
-3.50 0.0111 0.06188 -0.0981 0.18 nan
-3.25 0.0529 0.05919 -0.1067 0.89 48.212
-3.00 0.0624 0.05517 -0.1048 1.13 41.481
-2.75 0.0923 0.05227 -0.1090 1.77 29.523
-2.50 0.1717 0.05058 -0.1241 3.39 16.414
-2.25 0.1964 0.04644 -0.1265 4.23 13.304
-2.00 0.2255 0.04371 -0.1291 5.16 10.970
-1.75 0.2974 0.04138 -0.1408 7.19 7.921
-1.50 0.3281 0.03831 -0.1436 8.56 6.660
-1.25 0.3637 0.03627 -0.1468 10.03 5.695
-1.00 0.4129 0.03320 -0.1520 12.44 4.597
-0.75 0.4660 0.03048 -0.1578 15.29 3.742
-0.50 0.5122 0.02818 -0.1620 18.18 3.149
-0.25 0.5457 0.02682 -0.1632 20.35 2.814
0.00 0.5836 0.02547 -0.1653 22.91 2.499
0.25 0.6209 0.02431 -0.1672 25.54 2.242
0.50 0.6413 0.02392 -0.1657 26.81 2.136
0.75 0.6780 0.02301 -0.1676 29.47 1.944
1.00 0.7075 0.02250 -0.1680 31.44 1.822
1.25 0.7390 0.02212 -0.1683 33.41 1.714
1.50 0.7707 0.02186 -0.1697 35.26 1.625
1.75 0.8108 0.02100 -0.1717 38.61 1.484
2.00 0.8951 0.01274 -0.1739 70.26 0.815
2.25 0.9211 0.01884 -0.1748 48.89 1.172
2.50 0.9425 0.01951 -0.1733 48.31 1.186
2.75 0.9625 0.02031 -0.1715 47.39 1.209
3.00 0.9819 0.02114 -0.1697 46.45 1.233
3.25 0.9983 0.02211 -0.1673 45.15 1.269
3.50 1.0148 0.02325 -0.1649 43.65 1.312
3.75 1.0319 0.02457 -0.1627 42.00 1.364
4.00 1.0541 0.02607 -0.1614 40.43 1.417
4.25 1.0817 0.02777 -0.1613 38.95 1.471
4.50 1.1142 0.02946 -0.1618 37.82 1.515
4.75 1.1462 0.03156 -0.1623 36.32 1.577
5.00 1.1793 0.03389 -0.1628 34.80 1.646
5.25 1.2093 0.03621 -0.1624 33.40 1.715
5.50 1.2379 0.03889 -0.1615 31.83 1.799
5.75 1.2643 0.04178 -0.1601 30.26 1.893
6.00 1.2858 0.04450 -0.1583 28.89 1.982
6.25 1.3050 0.04755 -0.1563 27.44 2.087
6.50 1.3237 0.05110 -0.1535 25.90 2.211
6.75 1.3384 0.05550 -0.1502 24.12 2.375
7.00 1.3653 0.06036 -0.1464 22.62 2.531
7.25 1.3753 0.06404 -0.1439 21.48 2.666
7.50 1.3853 0.06871 -0.1422 20.16 2.840
nan nan nan nan nan nan
8.00 1.3825 0.07551 -0.1339 18.31 3.126
8.25 1.3816 0.07907 -0.1304 17.47 3.276
8.50 1.3781 0.08287 -0.1271 16.63 3.441
8.75 1.3718 0.08675 -0.1238 15.81 3.618
9.00 1.3625 0.09064 -0.1205 15.03 3.806
9.25 1.3492 0.09436 -0.1170 14.30 4.001
9.50 1.3319 0.09797 -0.1135 13.59 4.207
9.75 1.3132 0.10191 -0.1107 12.89 4.438
10.00 1.2935 0.10630 -0.1090 12.17 4.698
10.25 1.2734 0.11123 -0.1086 11.45 4.992
10.50 1.2536 0.11679 -0.1096 10.73 5.323
10.75 1.2352 0.12305 -0.1122 10.04 5.689
11.00 1.2197 0.13001 -0.1163 9.38 6.084
11.25 1.2084 0.13756 -0.1215 8.78 6.494
11.50 1.2022 0.14497 -0.1266 8.29 6.876
11.75 1.1995 0.15130 -0.1303 7.93 7.189
12.00 1.1989 0.15692 -0.1332 7.64 7.457
12.25 1.2003 0.16202 -0.1352 7.41 7.687
12.50 1.2048 0.16641 -0.1355 7.24 7.864
12.75 1.0244 0.17806 -0.1363 5.75 9.861
13.00 1.0226 0.18249 -0.1384 5.60 10.118
13.25 1.0218 0.18677 -0.1402 5.47 10.358
13.50 1.0223 0.19094 -0.1418 5.35 10.580
13.75 1.0243 0.19496 -0.1429 5.25 10.776
14.00 1.0303 0.19895 -0.1427 5.18 10.929
14.25 1.2201 0.20403 -0.1567 5.98 9.493
14.50 1.2222 0.20835 -0.1611 5.87 9.674
14.75 1.2251 0.21255 -0.1651 5.76 9.843
15.00 1.2292 0.21670 -0.1684 5.67 9.998
15.25 1.2341 0.22075 -0.1712 5.59 10.142
15.50 1.2394 0.22468 -0.1737 5.52 10.275
15.75 1.2451 0.22847 -0.1760 5.45 10.398
16.00 1.2512 0.23215 -0.1780 5.39 10.511
