alpha cl cd cm fuente
-180.0 -0.3622 0.0326 -0.1811 3
-179.5 -0.3142 0.0337 -0.1565 3
-179.0 -0.2713 0.0343 -0.1346 3
-178.5 -0.2204 0.0355 -0.1088 3
-178.0 -0.1702 0.0368 -0.0835 3
-177.5 -0.1189 0.0385 -0.0578 3
-177.0 -0.0635 0.0421 -0.0301 3
-176.5 0.0611 0.0632 0.0318 3
-176.0 0.0989 0.0690 0.0506 3
-175.5 0.1434 0.0756 0.0726 3
-175.0 0.1800 0.0827 0.0907 3
-174.5 0.2180 0.0904 0.1094 3
-174.0 0.2507 0.0989 0.1255 3
-173.5 0.2570 0.1007 0.1286 3
-173.0 0.2619 0.1020 0.1309 3
-172.5 0.2653 0.1028 0.1325 3
-172.0 0.2674 0.1030 0.1334 3
-171.5 0.2683 0.1028 0.1337 3
-171.0 0.2680 0.1022 0.1333 3
-170.5 0.2667 0.1012 0.1325 3
-170.0 0.2644 0.0999 0.1312 3
-169.5 0.2614 0.0984 0.1295 3
-169.0 0.2578 0.0969 0.1275 3
-168.5 0.2538 0.0953 0.1253 3
-168.0 0.2496 0.0937 0.1230 3
-167.5 0.2453 0.0923 0.1207 3
-167.0 0.2412 0.0912 0.1185 3
-166.5 0.2374 0.0905 0.1165 3
-166.0 0.2340 0.0901 0.1147 3
-165.5 0.2313 0.0903 0.1133 3
-165.0 0.2294 0.0911 0.1124 3
-164.5 0.2284 0.0926 0.1119 3
-164.0 0.2285 0.0948 0.1120 3
-163.5 0.2298 0.0978 0.1127 3
-163.0 0.2323 0.1017 0.1140 3
-162.5 0.2361 0.1064 0.1161 3
-162.0 0.2412 0.1120 0.1188 3
-161.5 0.2469 0.1180 0.1219 3
-161.0 0.2526 0.1243 0.1249 3
-160.5 0.2582 0.1306 0.1280 3
-160.0 0.2638 0.1371 0.1310 3
-159.5 0.2692 0.1438 0.1340 3
-159.0 0.2746 0.1506 0.1370 3
-158.5 0.2799 0.1575 0.1401 3
-158.0 0.2850 0.1645 0.1430 3
-157.5 0.2902 0.1717 0.1460 3
-157.0 0.2952 0.1790 0.1490 3
-156.5 0.3001 0.1864 0.1520 3
-156.0 0.3049 0.1940 0.1549 3
-155.5 0.3097 0.2016 0.1578 3
-155.0 0.3143 0.2094 0.1608 3
-154.5 0.3189 0.2173 0.1637 3
-154.0 0.3234 0.2253 0.1666 3
-153.5 0.3277 0.2334 0.1695 3
-153.0 0.3320 0.2416 0.1723 3
-152.5 0.3361 0.2500 0.1752 3
-152.0 0.3402 0.2584 0.1780 3
-151.5 0.3441 0.2669 0.1809 3
-151.0 0.3480 0.2756 0.1837 3
-150.5 0.3517 0.2843 0.1865 3
-150.0 0.3554 0.2931 0.1893 3
-149.5 0.3589 0.3020 0.1921 3
-149.0 0.3623 0.3110 0.1948 3
-148.5 0.3656 0.3201 0.1976 3
-148.0 0.3688 0.3292 0.2003 3
-147.5 0.3719 0.3385 0.2030 3
-147.0 0.3749 0.3478 0.2057 3
-146.5 0.3777 0.3572 0.2084 3
-146.0 0.3805 0.3666 0.2111 3
-145.5 0.3831 0.3761 0.2137 3
-145.0 0.3856 0.3857 0.2163 3
-144.5 0.3880 0.3954 0.2189 3
-144.0 0.3903 0.4051 0.2215 3
-143.5 0.3924 0.4148 0.2241 3
-143.0 0.3944 0.4246 0.2266 3
-142.5 0.3964 0.4345 0.2292 3
-142.0 0.3982 0.4444 0.2317 3
-141.5 0.3998 0.4543 0.2342 3
-141.0 0.4014 0.4643 0.2366 3
-140.5 0.4028 0.4743 0.2391 3
-140.0 0.4041 0.4844 0.2415 3
-139.5 0.4053 0.4945 0.2439 3
-139.0 0.4063 0.5046 0.2462 3
-138.5 0.4073 0.5148 0.2486 3
-138.0 0.4081 0.5249 0.2509 3
-137.5 0.4088 0.5351 0.2532 3
-137.0 0.4093 0.5453 0.2555 3
-136.5 0.4098 0.5555 0.2577 3
-136.0 0.4101 0.5657 0.2599 3
-135.5 0.4103 0.5760 0.2621 3
-135.0 0.4103 0.5862 0.2642 3
-134.5 0.4103 0.5964 0.2664 3
-134.0 0.4101 0.6067 0.2685 3
-133.5 0.4098 0.6169 0.2705 3
-133.0 0.4093 0.6271 0.2726 3
-132.5 0.4088 0.6373 0.2746 3
-132.0 0.4081 0.6475 0.2766 3
-131.5 0.4073 0.6576 0.2785 3
-131.0 0.4063 0.6678 0.2804 3
-130.5 0.4053 0.6779 0.2823 3
-130.0 0.4041 0.6880 0.2841 3
-129.5 0.4028 0.6981 0.2859 3
-129.0 0.4014 0.7081 0.2877 3
-128.5 0.3998 0.7181 0.2894 3
-128.0 0.3982 0.7280 0.2911 3
-127.5 0.3964 0.7379 0.2928 3
-127.0 0.3944 0.7478 0.2944 3
-126.5 0.3924 0.7576 0.2960 3
-126.0 0.3903 0.7673 0.2976 3
-125.5 0.3880 0.7770 0.2991 3
-125.0 0.3856 0.7867 0.3006 3
-124.5 0.3831 0.7963 0.3020 3
-124.0 0.3805 0.8058 0.3034 3
-123.5 0.3777 0.8152 0.3047 3
-123.0 0.3749 0.8246 0.3061 3
-122.5 0.3719 0.8339 0.3073 3
-122.0 0.3688 0.8432 0.3086 3
-121.5 0.3656 0.8523 0.3097 3
-121.0 0.3623 0.8614 0.3109 3
-120.5 0.3589 0.8704 0.3120 3
-120.0 0.3554 0.8793 0.3131 3
-119.5 0.3517 0.8881 0.3141 3
-119.0 0.3480 0.8968 0.3151 3
-118.5 0.3441 0.9055 0.3160 3
-118.0 0.3402 0.9140 0.3169 3
-117.5 0.3361 0.9224 0.3177 3
-117.0 0.3320 0.9308 0.3185 3
-116.5 0.3277 0.9390 0.3193 3
-116.0 0.3234 0.9471 0.3200 3
-115.5 0.3189 0.9551 0.3206 3
-115.0 0.3143 0.9630 0.3212 3
-114.5 0.3097 0.9708 0.3218 3
-114.0 0.3049 0.9784 0.3223 3
-113.5 0.3001 0.9860 0.3228 3
-113.0 0.2952 0.9934 0.3232 3
-112.5 0.2902 1.0007 0.3236 3
-112.0 0.2850 1.0079 0.3239 3
-111.5 0.2799 1.0149 0.3242 3
-111.0 0.2746 1.0218 0.3245 3
-110.5 0.2692 1.0286 0.3247 3
-110.0 0.2638 1.0353 0.3248 3
-109.5 0.2582 1.0418 0.3249 3
-109.0 0.2526 1.0481 0.3250 3
-108.5 0.2469 1.0544 0.3250 3
-108.0 0.2412 1.0604 0.3249 3
-107.5 0.2354 1.0664 0.3248 3
-107.0 0.2295 1.0722 0.3247 3
-106.5 0.2235 1.0778 0.3245 3
-106.0 0.2174 1.0833 0.3243 3
-105.5 0.2113 1.0887 0.3240 3
-105.0 0.2052 1.0939 0.3237 3
-104.5 0.1989 1.0989 0.3233 3
-104.0 0.1926 1.1038 0.3229 3
-103.5 0.1863 1.1085 0.3224 3
-103.0 0.1799 1.1131 0.3219 3
-102.5 0.1734 1.1175 0.3213 3
-102.0 0.1669 1.1217 0.3207 3
-101.5 0.1603 1.1258 0.3201 3
-101.0 0.1537 1.1297 0.3194 3
-100.5 0.1471 1.1335 0.3186 3
-100.0 0.1403 1.1370 0.3178 3
-99.5 0.1336 1.1405 0.3170 3
-99.0 0.1268 1.1437 0.3161 3
-98.5 0.1200 1.1468 0.3152 3
-98.0 0.1131 1.1497 0.3142 3
-97.5 0.1062 1.1524 0.3132 3
-97.0 0.0993 1.1550 0.3121 3
-96.5 0.0923 1.1574 0.3110 3
-96.0 0.0853 1.1596 0.3099 3
-95.5 0.0783 1.1616 0.3087 3
-95.0 0.0713 1.1635 0.3075 3
-94.5 0.0642 1.1652 0.3062 3
-94.0 0.0571 1.1667 0.3049 3
-93.5 0.0500 1.1680 0.3036 3
-93.0 0.0429 1.1692 0.3022 3
-92.5 0.0358 1.1702 0.3008 3
-92.0 0.0286 1.1710 0.2993 3
-91.5 0.0215 1.1716 0.2978 3
-91.0 0.0143 1.1720 0.2963 3
-90.5 0.0072 1.1723 0.2947 3
-90.0 0.0000 1.1724 0.2931 3
-89.5 -0.0102 1.1723 0.2908 2
-89.0 -0.0205 1.1720 0.2885 2
-88.5 -0.0307 1.1716 0.2861 2
-88.0 -0.0409 1.1710 0.2838 2
-87.5 -0.0511 1.1702 0.2814 2
-87.0 -0.0613 1.1692 0.2790 2
-86.5 -0.0714 1.1680 0.2765 2
-86.0 -0.0816 1.1667 0.2741 2
-85.5 -0.0917 1.1652 0.2716 2
-85.0 -0.1018 1.1635 0.2692 2
-84.5 -0.1119 1.1616 0.2667 2
-84.0 -0.1219 1.1596 0.2642 2
-83.5 -0.1319 1.1574 0.2616 2
-83.0 -0.1418 1.1550 0.2591 2
-82.5 -0.1517 1.1524 0.2565 2
-82.0 -0.1616 1.1497 0.2539 2
-81.5 -0.1714 1.1468 0.2514 2
-81.0 -0.1811 1.1437 0.2488 2
-80.5 -0.1908 1.1405 0.2461 2
-80.0 -0.2005 1.1370 0.2435 2
-79.5 -0.2101 1.1335 0.2409 2
-79.0 -0.2196 1.1297 0.2382 2
-78.5 -0.2290 1.1258 0.2356 2
-78.0 -0.2384 1.1217 0.2329 2
-77.5 -0.2477 1.1175 0.2302 2
-77.0 -0.2570 1.1131 0.2275 2
-76.5 -0.2661 1.1085 0.2249 2
-76.0 -0.2752 1.1038 0.2222 2
-75.5 -0.2842 1.0989 0.2194 2
-75.0 -0.2931 1.0939 0.2167 2
-74.5 -0.3019 1.0887 0.2140 2
-74.0 -0.3106 1.0833 0.2113 2
-73.5 -0.3193 1.0778 0.2085 2
-73.0 -0.3278 1.0722 0.2058 2
-72.5 -0.3362 1.0664 0.2031 2
-72.0 -0.3446 1.0604 0.2003 2
-71.5 -0.3528 1.0544 0.1976 2
-71.0 -0.3609 1.0481 0.1948 2
-70.5 -0.3689 1.0418 0.1921 2
-70.0 -0.3768 1.0353 0.1893 2
-69.5 -0.3846 1.0286 0.1866 2
-69.0 -0.3922 1.0218 0.1838 2
-68.5 -0.3998 1.0149 0.1810 2
-68.0 -0.4072 1.0079 0.1783 2
-67.5 -0.4145 1.0007 0.1755 2
-67.0 -0.4217 0.9934 0.1728 2
-66.5 -0.4287 0.9860 0.1700 2
-66.0 -0.4356 0.9784 0.1673 2
-65.5 -0.4424 0.9708 0.1646 2
-65.0 -0.4491 0.9630 0.1618 2
-64.5 -0.4556 0.9551 0.1591 2
-64.0 -0.4619 0.9471 0.1564 2
-63.5 -0.4682 0.9390 0.1536 2
-63.0 -0.4742 0.9308 0.1509 2
-62.5 -0.4802 0.9224 0.1482 2
-62.0 -0.4860 0.9140 0.1455 2
-61.5 -0.4916 0.9055 0.1428 2
-61.0 -0.4971 0.8968 0.1401 2
-60.5 -0.5025 0.8881 0.1375 2
-60.0 -0.5077 0.8793 0.1348 2
-59.5 -0.5127 0.8704 0.1321 2
-59.0 -0.5176 0.8614 0.1295 2
-58.5 -0.5223 0.8523 0.1268 2
-58.0 -0.5269 0.8432 0.1242 2
-57.5 -0.5313 0.8339 0.1216 2
-57.0 -0.5355 0.8246 0.1190 2
-56.5 -0.5396 0.8152 0.1164 2
-56.0 -0.5435 0.8058 0.1138 2
-55.5 -0.5473 0.7963 0.1113 2
-55.0 -0.5508 0.7867 0.1087 2
-54.5 -0.5543 0.7770 0.1062 2
-54.0 -0.5575 0.7673 0.1037 2
-53.5 -0.5606 0.7576 0.1012 2
-53.0 -0.5635 0.7478 0.0987 2
-52.5 -0.5662 0.7379 0.0962 2
-52.0 -0.5688 0.7280 0.0938 2
-51.5 -0.5712 0.7181 0.0913 2
-51.0 -0.5734 0.7081 0.0889 2
-50.5 -0.5754 0.6981 0.0865 2
-50.0 -0.5773 0.6880 0.0841 2
-49.5 -0.5790 0.6779 0.0818 2
-49.0 -0.5805 0.6678 0.0794 2
-48.5 -0.5818 0.6576 0.0771 2
-48.0 -0.5830 0.6475 0.0748 2
-47.5 -0.5840 0.6373 0.0725 2
-47.0 -0.5848 0.6271 0.0703 2
-46.5 -0.5854 0.6169 0.0680 2
-46.0 -0.5858 0.6067 0.0658 2
-45.5 -0.5861 0.5964 0.0636 2
-45.0 -0.5862 0.5862 0.0615 2
-44.5 -0.5861 0.5760 0.0593 2
-44.0 -0.5858 0.5657 0.0572 2
-43.5 -0.5854 0.5555 0.0551 2
-43.0 -0.5848 0.5453 0.0530 2
-42.5 -0.5840 0.5351 0.0510 2
-42.0 -0.5830 0.5249 0.0490 2
-41.5 -0.5818 0.5148 0.0470 2
-41.0 -0.5805 0.5046 0.0450 2
-40.5 -0.5790 0.4945 0.0431 2
-40.0 -0.5773 0.4844 0.0411 2
-39.5 -0.5754 0.4743 0.0393 2
-39.0 -0.5734 0.4643 0.0374 2
-38.5 -0.5712 0.4543 0.0356 2
-38.0 -0.5688 0.4444 0.0338 2
-37.5 -0.5662 0.4345 0.0320 2
-37.0 -0.5635 0.4246 0.0302 2
-36.5 -0.5606 0.4148 0.0285 2
-36.0 -0.5575 0.4051 0.0268 2
-35.5 -0.5543 0.3954 0.0252 2
-35.0 -0.5508 0.3857 0.0236 2
-34.5 -0.5473 0.3761 0.0220 2
-34.0 -0.5435 0.3666 0.0204 2
-33.5 -0.5396 0.3572 0.0189 2
-33.0 -0.5355 0.3478 0.0174 2
-32.5 -0.5313 0.3385 0.0159 2
-32.0 -0.5269 0.3292 0.0145 2
-31.5 -0.5223 0.3201 0.0131 2
-31.0 -0.5176 0.3110 0.0117 2
-30.5 -0.5127 0.3020 0.0104 2
-30.0 -0.5077 0.2931 0.0091 2
-29.5 -0.5025 0.2843 0.0078 2
-29.0 -0.4971 0.2756 0.0066 2
-28.5 -0.4916 0.2669 0.0054 2
-28.0 -0.4860 0.2584 0.0042 2
-27.5 -0.4802 0.2500 0.0031 2
-27.0 -0.4742 0.2416 0.0020 2
-26.5 -0.4682 0.2334 0.0010 2
-26.0 -0.4619 0.2253 -0.0001 2
-25.5 -0.4556 0.2173 -0.0011 2
-25.0 -0.4491 0.2094 -0.0020 2
-24.5 -0.4424 0.2016 -0.0029 2
-24.0 -0.4356 0.1940 -0.0038 2
-23.5 -0.4287 0.1864 -0.0046 2
-23.0 -0.4217 0.1790 -0.0054 2
-22.5 -0.4145 0.1717 -0.0062 2
-22.0 -0.4072 0.1645 -0.0069 2
-21.5 -0.3998 0.1575 -0.0076 2
-21.0 -0.3922 0.1506 -0.0083 2
-20.5 -0.3846 0.1438 -0.0089 2
-20.0 -0.3768 0.1371 -0.0095 2
-19.5 -0.3689 0.1306 -0.0100 2
-19.0 -0.3609 0.1243 -0.0105 2
-18.5 -0.3528 0.1180 -0.0110 2
-18.0 -0.3446 0.1120 -0.0114 2
-17.5 -0.3372 0.1064 -0.0118 2
-17.0 -0.3318 0.1017 -0.0123 2
-16.5 -0.3283 0.0978 -0.0128 2
-16.0 -0.3265 0.0948 -0.0133 2
-15.5 -0.3263 0.0926 -0.0140 2
-15.0 -0.3277 0.0911 -0.0147 2
-14.5 -0.3304 0.0903 -0.0154 2
-14.0 -0.3343 0.0901 -0.0163 2
-13.5 -0.3391 0.0905 -0.0172 2
-13.0 -0.3446 0.0912 -0.0181 2
-12.5 -0.3505 0.0923 -0.0192 2
-12.0 -0.3566 0.0937 -0.0202 2
-11.5 -0.3626 0.0953 -0.0213 2
-11.0 -0.3683 0.0969 -0.0223 2
-10.5 -0.3735 0.0984 -0.0234 2
-10.0 -0.3777 0.0999 -0.0244 2
-9.5 -0.3809 0.1012 -0.0254 2
-9.0 -0.3829 0.1022 -0.0262 2
-8.5 -0.3833 0.1028 -0.0270 2
-8.0 -0.3821 0.1030 -0.0277 2
-7.5 -0.3790 0.1028 -0.0282 2
-7.0 -0.3741 0.1020 -0.0285 2
-6.5 -0.3672 0.1007 -0.0287 2
-6.0 -0.3582 0.0989 -0.0287 0
-5.5 -0.3115 0.0904 -0.0460 0
-5.0 -0.2572 0.0827 -0.0569 0
-4.5 -0.2049 0.0756 -0.0634 0
-4.0 -0.1413 0.0690 -0.0765 0
-3.5 -0.0873 0.0632 -0.0806 0
-3.0 0.0907 0.0421 -0.1201 0
-2.5 0.1699 0.0385 -0.1257 0
-2.0 0.2431 0.0368 -0.1292 0
-1.5 0.3148 0.0355 -0.1323 0
-1.0 0.3876 0.0343 -0.1351 0
-0.5 0.4488 0.0337 -0.1361 0
0.0 0.5175 0.0326 -0.1379 0
0.5 0.5650 0.0313 -0.1354 0
1.0 0.6260 0.0319 -0.1361 0
1.5 0.6854 0.0324 -0.1366 0
2.0 0.7427 0.0331 -0.1368 0
2.5 0.7976 0.0339 -0.1366 0
3.0 0.8502 0.0348 -0.1362 0
3.5 0.8898 0.0366 -0.1344 0
4.0 0.9202 0.0390 -0.1317 0
4.5 0.9569 0.0412 -0.1298 0
5.0 0.9765 0.0447 -0.1266 0
5.5 0.9970 0.0485 -0.1238 0
6.0 1.0131 0.0527 -0.1210 0
6.5 1.0295 0.0569 -0.1183 0
7.0 1.0256 0.0631 -0.1149 0
7.5 1.0983 0.0618 -0.1143 0
8.0 1.0762 0.0698 -0.1107 0
8.5 1.0945 0.0737 -0.1082 0
9.0 1.1128 0.0776 -0.1057 0
9.5 1.1712 0.0766 -0.1032 0
10.0 1.3720 0.0562 -0.1014 0
10.5 1.2708 0.0731 -0.0958 0
11.0 1.5901 0.0399 -0.1009 0
11.5 1.5786 0.0415 -0.0918 0
12.0 1.5602 0.0444 -0.0837 0
12.5 1.5126 0.0486 -0.0829 1
13.0 1.4692 0.0530 -0.0823 1
13.5 1.4295 0.0576 -0.0818 1
14.0 1.3930 0.0623 -0.0814 1
14.5 1.3594 0.0672 -0.0810 1
15.0 1.3285 0.0723 -0.0808 1
15.5 1.3000 0.0775 -0.0806 1
16.0 1.2735 0.0829 -0.0805 1
16.5 1.2490 0.0884 -0.0804 1
17.0 1.2262 0.0940 -0.0805 1
17.5 1.2050 0.0998 -0.0805 1
18.0 1.1853 0.1058 -0.0807 1
18.5 1.1669 0.1119 -0.0809 1
19.0 1.1496 0.1181 -0.0811 1
19.5 1.1335 0.1245 -0.0814 1
20.0 1.1184 0.1311 -0.0817 1
20.5 1.1042 0.1377 -0.0821 1
21.0 1.0908 0.1445 -0.0825 1
21.5 1.0782 0.1515 -0.0829 1
22.0 1.0664 0.1585 -0.0834 1
22.5 1.0552 0.1657 -0.0839 1
23.0 1.0446 0.1730 -0.0845 1
23.5 1.0345 0.1805 -0.0851 1
24.0 1.0250 0.1880 -0.0857 1
24.5 1.0159 0.1957 -0.0863 1
25.0 1.0073 0.2035 -0.0870 1
25.5 0.9991 0.2115 -0.0877 1
26.0 0.9912 0.2195 -0.0884 1
26.5 0.9837 0.2276 -0.0892 1
27.0 0.9765 0.2359 -0.0900 1
27.5 0.9696 0.2442 -0.0908 1
28.0 0.9629 0.2527 -0.0917 1
28.5 0.9565 0.2612 -0.0925 1
29.0 0.9503 0.2699 -0.0934 1
29.5 0.9443 0.2787 -0.0944 1
30.0 0.9385 0.2875 -0.0953 1
30.5 0.9328 0.2964 -0.0963 1
31.0 0.9273 0.3054 -0.0973 1
31.5 0.9220 0.3146 -0.0983 1
32.0 0.9167 0.3237 -0.0993 1
32.5 0.9115 0.3330 -0.1004 1
33.0 0.9065 0.3423 -0.1014 1
33.5 0.9015 0.3518 -0.1025 1
34.0 0.8965 0.3612 -0.1037 1
34.5 0.8917 0.3708 -0.1048 1
35.0 0.8869 0.3804 -0.1060 1
35.5 0.8821 0.3901 -0.1071 1
36.0 0.8773 0.3998 -0.1083 1
36.5 0.8726 0.4096 -0.1096 1
37.0 0.8679 0.4195 -0.1108 1
37.5 0.8632 0.4293 -0.1121 1
38.0 0.8585 0.4393 -0.1133 1
38.5 0.8538 0.4493 -0.1146 1
39.0 0.8490 0.4593 -0.1159 1
39.5 0.8443 0.4694 -0.1173 1
40.0 0.8395 0.4795 -0.1186 1
40.5 0.8347 0.4896 -0.1200 1
41.0 0.8299 0.4997 -0.1214 1
41.5 0.8250 0.5099 -0.1228 1
42.0 0.8201 0.5201 -0.1242 1
42.5 0.8151 0.5303 -0.1256 1
43.0 0.8100 0.5406 -0.1271 1
43.5 0.8049 0.5508 -0.1285 1
44.0 0.7998 0.5611 -0.1300 1
44.5 0.7946 0.5714 -0.1315 1
45.0 0.7893 0.5816 -0.1330 1
45.5 0.7839 0.5919 -0.1345 1
46.0 0.7785 0.6022 -0.1361 1
46.5 0.7730 0.6124 -0.1376 1
47.0 0.7674 0.6227 -0.1392 1
47.5 0.7618 0.6329 -0.1408 1
48.0 0.7560 0.6431 -0.1424 1
48.5 0.7502 0.6534 -0.1440 1
49.0 0.7443 0.6635 -0.1456 1
49.5 0.7383 0.6737 -0.1473 1
50.0 0.7322 0.6838 -0.1489 1
50.5 0.7260 0.6939 -0.1506 1
51.0 0.7198 0.7040 -0.1523 1
51.5 0.7134 0.7140 -0.1540 1
52.0 0.7069 0.7240 -0.1557 1
52.5 0.7004 0.7340 -0.1574 1
53.0 0.6937 0.7439 -0.1591 1
53.5 0.6870 0.7537 -0.1608 1
54.0 0.6802 0.7635 -0.1626 1
54.5 0.6732 0.7733 -0.1643 1
55.0 0.6662 0.7830 -0.1661 1
55.5 0.6591 0.7926 -0.1679 1
56.0 0.6519 0.8022 -0.1697 1
56.5 0.6445 0.8117 -0.1715 1
57.0 0.6371 0.8211 -0.1733 1
57.5 0.6296 0.8305 -0.1751 1
58.0 0.6220 0.8397 -0.1769 1
58.5 0.6143 0.8489 -0.1787 1
59.0 0.6065 0.8581 -0.1806 1
59.5 0.5986 0.8671 -0.1824 1
60.0 0.5906 0.8761 -0.1843 1
60.5 0.5825 0.8849 -0.1861 1
61.0 0.5743 0.8937 -0.1880 1
61.5 0.5660 0.9024 -0.1898 1
62.0 0.5577 0.9110 -0.1917 1
62.5 0.5492 0.9194 -0.1936 1
63.0 0.5407 0.9278 -0.1955 1
63.5 0.5321 0.9361 -0.1974 1
64.0 0.5233 0.9443 -0.1993 1
64.5 0.5145 0.9523 -0.2012 1
65.0 0.5057 0.9603 -0.2031 1
65.5 0.4967 0.9681 -0.2050 1
66.0 0.4876 0.9758 -0.2069 1
66.5 0.4785 0.9834 -0.2088 1
67.0 0.4693 0.9909 -0.2107 1
67.5 0.4600 0.9982 -0.2126 1
68.0 0.4507 1.0055 -0.2146 1
68.5 0.4413 1.0125 -0.2165 1
69.0 0.4318 1.0195 -0.2184 1
69.5 0.4222 1.0263 -0.2203 1
70.0 0.4126 1.0330 -0.2222 1
70.5 0.4029 1.0396 -0.2241 1
71.0 0.3931 1.0460 -0.2261 1
71.5 0.3833 1.0523 -0.2280 1
72.0 0.3734 1.0584 -0.2299 1
72.5 0.3635 1.0644 -0.2318 1
73.0 0.3535 1.0703 -0.2337 1
73.5 0.3434 1.0760 -0.2356 1
74.0 0.3333 1.0815 -0.2375 1
74.5 0.3232 1.0869 -0.2394 1
75.0 0.3130 1.0922 -0.2413 1
75.5 0.3028 1.0973 -0.2432 1
76.0 0.2925 1.1022 -0.2451 1
76.5 0.2822 1.1070 -0.2469 1
77.0 0.2719 1.1116 -0.2488 1
77.5 0.2615 1.1161 -0.2506 1
78.0 0.2511 1.1204 -0.2525 1
78.5 0.2407 1.1245 -0.2543 1
79.0 0.2302 1.1285 -0.2562 1
79.5 0.2198 1.1323 -0.2580 1
80.0 0.2093 1.1359 -0.2598 1
80.5 0.1988 1.1394 -0.2616 1
81.0 0.1883 1.1427 -0.2634 1
81.5 0.1777 1.1458 -0.2652 1
82.0 0.1672 1.1488 -0.2669 1
82.5 0.1567 1.1516 -0.2687 1
83.0 0.1461 1.1542 -0.2704 1
83.5 0.1356 1.1566 -0.2722 1
84.0 0.1250 1.1589 -0.2739 1
84.5 0.1145 1.1610 -0.2756 1
85.0 0.1040 1.1629 -0.2773 1
85.5 0.0935 1.1647 -0.2789 1
86.0 0.0830 1.1662 -0.2806 1
86.5 0.0725 1.1676 -0.2822 1
87.0 0.0621 1.1689 -0.2838 1
87.5 0.0516 1.1699 -0.2854 1
88.0 0.0412 1.1707 -0.2870 1
88.5 0.0309 1.1714 -0.2886 1
89.0 0.0205 1.1719 -0.2901 1
89.5 0.0103 1.1723 -0.2916 1
90.0 0.0000 1.1724 -0.2931 1
90.5 -0.0072 1.1723 -0.2947 3
91.0 -0.0144 1.1719 -0.2963 3
91.5 -0.0216 1.1714 -0.2978 3
92.0 -0.0289 1.1707 -0.2993 3
92.5 -0.0361 1.1699 -0.3007 3
93.0 -0.0434 1.1689 -0.3021 3
93.5 -0.0508 1.1676 -0.3035 3
94.0 -0.0581 1.1662 -0.3048 3
94.5 -0.0654 1.1647 -0.3061 3
95.0 -0.0728 1.1629 -0.3074 3
95.5 -0.0802 1.1610 -0.3086 3
96.0 -0.0875 1.1589 -0.3098 3
96.5 -0.0949 1.1566 -0.3109 3
97.0 -0.1023 1.1542 -0.3120 3
97.5 -0.1097 1.1516 -0.3131 3
98.0 -0.1170 1.1488 -0.3141 3
98.5 -0.1244 1.1458 -0.3151 3
99.0 -0.1318 1.1427 -0.3160 3
99.5 -0.1391 1.1394 -0.3169 3
100.0 -0.1465 1.1359 -0.3178 3
100.5 -0.1538 1.1323 -0.3186 3
101.0 -0.1612 1.1285 -0.3194 3
101.5 -0.1685 1.1245 -0.3202 3
102.0 -0.1758 1.1204 -0.3209 3
102.5 -0.1831 1.1161 -0.3215 3
103.0 -0.1903 1.1116 -0.3221 3
103.5 -0.1976 1.1070 -0.3227 3
104.0 -0.2048 1.1022 -0.3233 3
104.5 -0.2120 1.0973 -0.3238 3
105.0 -0.2191 1.0922 -0.3242 3
105.5 -0.2262 1.0869 -0.3247 3
106.0 -0.2333 1.0815 -0.3251 3
106.5 -0.2404 1.0760 -0.3254 3
107.0 -0.2474 1.0703 -0.3257 3
107.5 -0.2544 1.0644 -0.3260 3
108.0 -0.2614 1.0584 -0.3262 3
108.5 -0.2683 1.0523 -0.3264 3
109.0 -0.2752 1.0460 -0.3266 3
109.5 -0.2820 1.0396 -0.3267 3
110.0 -0.2888 1.0330 -0.3268 3
110.5 -0.2955 1.0263 -0.3268 3
111.0 -0.3022 1.0195 -0.3269 3
111.5 -0.3089 1.0125 -0.3268 3
112.0 -0.3155 1.0055 -0.3268 3
112.5 -0.3220 0.9982 -0.3267 3
113.0 -0.3285 0.9909 -0.3266 3
113.5 -0.3350 0.9834 -0.3264 3
114.0 -0.3414 0.9758 -0.3263 3
114.5 -0.3477 0.9681 -0.3260 3
115.0 -0.3540 0.9603 -0.3258 3
115.5 -0.3602 0.9523 -0.3255 3
116.0 -0.3663 0.9443 -0.3252 3
116.5 -0.3724 0.9361 -0.3249 3
117.0 -0.3785 0.9278 -0.3245 3
117.5 -0.3845 0.9194 -0.3241 3
118.0 -0.3904 0.9110 -0.3237 3
118.5 -0.3962 0.9024 -0.3233 3
119.0 -0.4020 0.8937 -0.3228 3
119.5 -0.4077 0.8849 -0.3223 3
120.0 -0.4134 0.8761 -0.3218 3
120.5 -0.4190 0.8671 -0.3213 3
121.0 -0.4245 0.8581 -0.3207 3
121.5 -0.4300 0.8489 -0.3201 3
122.0 -0.4354 0.8397 -0.3195 3
122.5 -0.4407 0.8305 -0.3189 3
123.0 -0.4460 0.8211 -0.3183 3
123.5 -0.4512 0.8117 -0.3176 3
124.0 -0.4563 0.8022 -0.3170 3
124.5 -0.4614 0.7926 -0.3163 3
125.0 -0.4663 0.7830 -0.3156 3
125.5 -0.4713 0.7733 -0.3149 3
126.0 -0.4761 0.7635 -0.3142 3
126.5 -0.4809 0.7537 -0.3134 3
127.0 -0.4856 0.7439 -0.3127 3
127.5 -0.4903 0.7340 -0.3119 3
128.0 -0.4949 0.7240 -0.3112 3
128.5 -0.4994 0.7140 -0.3104 3
129.0 -0.5038 0.7040 -0.3097 3
129.5 -0.5082 0.6939 -0.3089 3
130.0 -0.5125 0.6838 -0.3081 3
130.5 -0.5168 0.6737 -0.3074 3
131.0 -0.5210 0.6635 -0.3066 3
131.5 -0.5251 0.6534 -0.3058 3
132.0 -0.5292 0.6431 -0.3051 3
132.5 -0.5332 0.6329 -0.3043 3
133.0 -0.5372 0.6227 -0.3036 3
133.5 -0.5411 0.6124 -0.3029 3
134.0 -0.5450 0.6022 -0.3021 3
134.5 -0.5488 0.5919 -0.3014 3
135.0 -0.5525 0.5816 -0.3007 3
135.5 -0.5562 0.5714 -0.3001 3
136.0 -0.5599 0.5611 -0.2994 3
136.5 -0.5635 0.5508 -0.2987 3
137.0 -0.5670 0.5406 -0.2981 3
137.5 -0.5706 0.5303 -0.2975 3
138.0 -0.5740 0.5201 -0.2969 3
138.5 -0.5775 0.5099 -0.2964 3
139.0 -0.5809 0.4997 -0.2959 3
139.5 -0.5843 0.4896 -0.2954 3
140.0 -0.5877 0.4795 -0.2949 3
140.5 -0.5910 0.4694 -0.2945 3
141.0 -0.5943 0.4593 -0.2941 3
141.5 -0.5976 0.4493 -0.2938 3
142.0 -0.6009 0.4393 -0.2935 3
142.5 -0.6042 0.4293 -0.2932 3
143.0 -0.6075 0.4195 -0.2930 3
143.5 -0.6108 0.4096 -0.2928 3
144.0 -0.6141 0.3998 -0.2927 3
144.5 -0.6175 0.3901 -0.2927 3
145.0 -0.6208 0.3804 -0.2927 3
145.5 -0.6242 0.3708 -0.2928 3
146.0 -0.6276 0.3612 -0.2929 3
146.5 -0.6310 0.3518 -0.2931 3
147.0 -0.6345 0.3423 -0.2934 3
147.5 -0.6381 0.3330 -0.2938 3
148.0 -0.6417 0.3237 -0.2942 3
148.5 -0.6454 0.3146 -0.2948 3
149.0 -0.6491 0.3054 -0.2954 3
149.5 -0.6530 0.2964 -0.2961 3
150.0 -0.6570 0.2875 -0.2970 3
150.5 -0.6610 0.2787 -0.2979 3
151.0 -0.6652 0.2699 -0.2989 3
151.5 -0.6696 0.2612 -0.3001 3
152.0 -0.6741 0.2527 -0.3014 3
152.5 -0.6787 0.2442 -0.3028 3
153.0 -0.6836 0.2359 -0.3044 3
153.5 -0.6886 0.2276 -0.3061 3
154.0 -0.6939 0.2195 -0.3079 3
154.5 -0.6994 0.2115 -0.3100 3
155.0 -0.7051 0.2035 -0.3122 3
155.5 -0.7111 0.1957 -0.3146 3
156.0 -0.7175 0.1880 -0.3172 3
156.5 -0.7242 0.1805 -0.3200 3
157.0 -0.7312 0.1730 -0.3230 3
157.5 -0.7386 0.1657 -0.3263 3
158.0 -0.7464 0.1585 -0.3298 3
158.5 -0.7548 0.1515 -0.3336 3
159.0 -0.7636 0.1445 -0.3377 3
159.5 -0.7729 0.1377 -0.3421 3
160.0 -0.7829 0.1311 -0.3469 3
160.5 -0.7934 0.1245 -0.3520 3
161.0 -0.8047 0.1181 -0.3575 3
161.5 -0.8168 0.1119 -0.3634 3
162.0 -0.8297 0.1058 -0.3698 3
162.5 -0.8435 0.0998 -0.3767 3
163.0 -0.8584 0.0940 -0.3841 3
163.5 -0.8743 0.0884 -0.3921 3
164.0 -0.8915 0.0829 -0.4008 3
164.5 -0.9100 0.0775 -0.4101 3
165.0 -0.9300 0.0723 -0.4203 3
165.5 -0.9516 0.0672 -0.4313 3
166.0 -0.9751 0.0623 -0.4432 3
166.5 -1.0006 0.0576 -0.4562 3
167.0 -1.0284 0.0530 -0.4704 3
167.5 -1.0588 0.0486 -0.4859 3
168.0 -1.0921 0.0444 -0.5028 3
168.5 -1.1050 0.0415 -0.5107 3
169.0 -1.1131 0.0399 -0.5165 3
169.5 -0.8896 0.0731 -0.4181 3
170.0 -0.9604 0.0562 -0.4512 3
170.5 -0.8198 0.0766 -0.3889 3
171.0 -0.7790 0.0776 -0.3712 3
171.5 -0.7661 0.0737 -0.3662 3
172.0 -0.7533 0.0698 -0.3611 3
172.5 -0.7688 0.0618 -0.3691 3
173.0 -0.7179 0.0631 -0.3461 3
173.5 -0.7207 0.0569 -0.3482 3
174.0 -0.7092 0.0527 -0.3435 3
174.5 -0.6979 0.0485 -0.3390 3
175.0 -0.6835 0.0447 -0.3329 3
175.5 -0.6698 0.0412 -0.3271 3
176.0 -0.6441 0.0390 -0.3155 3
176.5 -0.6229 0.0366 -0.3059 3
177.0 -0.5951 0.0348 -0.2931 3
177.5 -0.5583 0.0339 -0.2757 3
178.0 -0.5199 0.0331 -0.2575 3
178.5 -0.4798 0.0324 -0.2382 3
179.0 -0.4382 0.0319 -0.2181 3
179.5 -0.3955 0.0313 -0.1973 3
180.0 -0.3622 0.0326 -0.1811 3
