alpha cl cd cm fuente
-180.0 -0.0000 0.0185 0.0000 3
-179.5 0.0882 0.0198 0.0441 3
-179.0 0.1299 0.0234 0.0648 3
-178.5 0.1821 0.0262 0.0906 3
-178.0 0.2355 0.0294 0.1169 3
-177.5 0.2760 0.0332 0.1367 3
-177.0 0.3142 0.0378 0.1552 3
-176.5 0.3515 0.0433 0.1733 3
-176.0 0.4184 0.0533 0.2059 3
-175.5 0.3783 0.0598 0.1862 3
-175.0 0.3086 0.0616 0.1520 3
-174.5 0.2289 0.0595 0.1132 3
-174.0 0.2094 0.0609 0.1038 3
-173.5 0.2159 0.0629 0.1068 3
-173.0 0.2213 0.0647 0.1093 3
-172.5 0.2256 0.0662 0.1113 3
-172.0 0.2289 0.0676 0.1128 3
-171.5 0.2313 0.0687 0.1138 3
-171.0 0.2327 0.0697 0.1144 3
-170.5 0.2334 0.0706 0.1146 3
-170.0 0.2334 0.0714 0.1144 3
-169.5 0.2329 0.0722 0.1140 3
-169.0 0.2318 0.0729 0.1134 3
-168.5 0.2305 0.0738 0.1126 3
-168.0 0.2290 0.0747 0.1118 3
-167.5 0.2274 0.0758 0.1109 3
-167.0 0.2259 0.0771 0.1101 3
-166.5 0.2246 0.0787 0.1095 3
-166.0 0.2237 0.0806 0.1091 3
-165.5 0.2232 0.0829 0.1089 3
-165.0 0.2233 0.0856 0.1090 3
-164.5 0.2242 0.0887 0.1095 3
-164.0 0.2258 0.0923 0.1105 3
-163.5 0.2282 0.0964 0.1118 3
-163.0 0.2316 0.1010 0.1136 3
-162.5 0.2359 0.1062 0.1160 3
-162.0 0.2412 0.1120 0.1188 3
-161.5 0.2469 0.1180 0.1219 3
-161.0 0.2526 0.1243 0.1249 3
-160.5 0.2582 0.1306 0.1280 3
-160.0 0.2638 0.1371 0.1310 3
-159.5 0.2692 0.1438 0.1340 3
-159.0 0.2746 0.1506 0.1370 3
-158.5 0.2799 0.1575 0.1401 3
-158.0 0.2850 0.1645 0.1430 3
-157.5 0.2902 0.1717 0.1460 3
-157.0 0.2952 0.1790 0.1490 3
-156.5 0.3001 0.1864 0.1520 3
-156.0 0.3049 0.1940 0.1549 3
-155.5 0.3097 0.2016 0.1578 3
-155.0 0.3143 0.2094 0.1608 3
-154.5 0.3189 0.2173 0.1637 3
-154.0 0.3234 0.2253 0.1666 3
-153.5 0.3277 0.2334 0.1695 3
-153.0 0.3320 0.2416 0.1723 3
-152.5 0.3361 0.2500 0.1752 3
-152.0 0.3402 0.2584 0.1780 3
-151.5 0.3441 0.2669 0.1809 3
-151.0 0.3480 0.2756 0.1837 3
-150.5 0.3517 0.2843 0.1865 3
-150.0 0.3554 0.2931 0.1893 3
-149.5 0.3589 0.3020 0.1921 3
-149.0 0.3623 0.3110 0.1948 3
-148.5 0.3656 0.3201 0.1976 3
-148.0 0.3688 0.3292 0.2003 3
-147.5 0.3719 0.3385 0.2030 3
-147.0 0.3749 0.3478 0.2057 3
-146.5 0.3777 0.3572 0.2084 3
-146.0 0.3805 0.3666 0.2111 3
-145.5 0.3831 0.3761 0.2137 3
-145.0 0.3856 0.3857 0.2163 3
-144.5 0.3880 0.3954 0.2189 3
-144.0 0.3903 0.4051 0.2215 3
-143.5 0.3924 0.4148 0.2241 3
-143.0 0.3944 0.4246 0.2266 3
-142.5 0.3964 0.4345 0.2292 3
-142.0 0.3982 0.4444 0.2317 3
-141.5 0.3998 0.4543 0.2342 3
-141.0 0.4014 0.4643 0.2366 3
-140.5 0.4028 0.4743 0.2391 3
-140.0 0.4041 0.4844 0.2415 3
-139.5 0.4053 0.4945 0.2439 3
-139.0 0.4063 0.5046 0.2462 3
-138.5 0.4073 0.5148 0.2486 3
-138.0 0.4081 0.5249 0.2509 3
-137.5 0.4088 0.5351 0.2532 3
-137.0 0.4093 0.5453 0.2555 3
-136.5 0.4098 0.5555 0.2577 3
-136.0 0.4101 0.5657 0.2599 3
-135.5 0.4103 0.5760 0.2621 3
-135.0 0.4103 0.5862 0.2642 3
-134.5 0.4103 0.5964 0.2664 3
-134.0 0.4101 0.6067 0.2685 3
-133.5 0.4098 0.6169 0.2705 3
-133.0 0.4093 0.6271 0.2726 3
-132.5 0.4088 0.6373 0.2746 3
-132.0 0.4081 0.6475 0.2766 3
-131.5 0.4073 0.6576 0.2785 3
-131.0 0.4063 0.6678 0.2804 3
-130.5 0.4053 0.6779 0.2823 3
-130.0 0.4041 0.6880 0.2841 3
-129.5 0.4028 0.6981 0.2859 3
-129.0 0.4014 0.7081 0.2877 3
-128.5 0.3998 0.7181 0.2894 3
-128.0 0.3982 0.7280 0.2911 3
-127.5 0.3964 0.7379 0.2928 3
-127.0 0.3944 0.7478 0.2944 3
-126.5 0.3924 0.7576 0.2960 3
-126.0 0.3903 0.7673 0.2976 3
-125.5 0.3880 0.7770 0.2991 3
-125.0 0.3856 0.7867 0.3006 3
-124.5 0.3831 0.7963 0.3020 3
-124.0 0.3805 0.8058 0.3034 3
-123.5 0.3777 0.8152 0.3047 3
-123.0 0.3749 0.8246 0.3061 3
-122.5 0.3719 0.8339 0.3073 3
-122.0 0.3688 0.8432 0.3086 3
-121.5 0.3656 0.8523 0.3097 3
-121.0 0.3623 0.8614 0.3109 3
-120.5 0.3589 0.8704 0.3120 3
-120.0 0.3554 0.8793 0.3131 3
-119.5 0.3517 0.8881 0.3141 3
-119.0 0.3480 0.8968 0.3151 3
-118.5 0.3441 0.9055 0.3160 3
-118.0 0.3402 0.9140 0.3169 3
-117.5 0.3361 0.9224 0.3177 3
-117.0 0.3320 0.9308 0.3185 3
-116.5 0.3277 0.9390 0.3193 3
-116.0 0.3234 0.9471 0.3200 3
-115.5 0.3189 0.9551 0.3206 3
-115.0 0.3143 0.9630 0.3212 3
-114.5 0.3097 0.9708 0.3218 3
-114.0 0.3049 0.9784 0.3223 3
-113.5 0.3001 0.9860 0.3228 3
-113.0 0.2952 0.9934 0.3232 3
-112.5 0.2902 1.0007 0.3236 3
-112.0 0.2850 1.0079 0.3239 3
-111.5 0.2799 1.0149 0.3242 3
-111.0 0.2746 1.0218 0.3245 3
-110.5 0.2692 1.0286 0.3247 3
-110.0 0.2638 1.0353 0.3248 3
-109.5 0.2582 1.0418 0.3249 3
-109.0 0.2526 1.0481 0.3250 3
-108.5 0.2469 1.0544 0.3250 3
-108.0 0.2412 1.0604 0.3249 3
-107.5 0.2354 1.0664 0.3248 3
-107.0 0.2295 1.0722 0.3247 3
-106.5 0.2235 1.0778 0.3245 3
-106.0 0.2174 1.0833 0.3243 3
-105.5 0.2113 1.0887 0.3240 3
-105.0 0.2052 1.0939 0.3237 3
-104.5 0.1989 1.0989 0.3233 3
-104.0 0.1926 1.1038 0.3229 3
-103.5 0.1863 1.1085 0.3224 3
-103.0 0.1799 1.1131 0.3219 3
-102.5 0.1734 1.1175 0.3213 3
-102.0 0.1669 1.1217 0.3207 3
-101.5 0.1603 1.1258 0.3201 3
-101.0 0.1537 1.1297 0.3194 3
-100.5 0.1471 1.1335 0.3186 3
-100.0 0.1403 1.1370 0.3178 3
-99.5 0.1336 1.1405 0.3170 3
-99.0 0.1268 1.1437 0.3161 3
-98.5 0.1200 1.1468 0.3152 3
-98.0 0.1131 1.1497 0.3142 3
-97.5 0.1062 1.1524 0.3132 3
-97.0 0.0993 1.1550 0.3121 3
-96.5 0.0923 1.1574 0.3110 3
-96.0 0.0853 1.1596 0.3099 3
-95.5 0.0783 1.1616 0.3087 3
-95.0 0.0713 1.1635 0.3075 3
-94.5 0.0642 1.1652 0.3062 3
-94.0 0.0571 1.1667 0.3049 3
-93.5 0.0500 1.1680 0.3036 3
-93.0 0.0429 1.1692 0.3022 3
-92.5 0.0358 1.1702 0.3008 3
-92.0 0.0286 1.1710 0.2993 3
-91.5 0.0215 1.1716 0.2978 3
-91.0 0.0143 1.1720 0.2963 3
-90.5 0.0072 1.1723 0.2947 3
-90.0 0.0000 1.1724 0.2931 3
-89.5 -0.0102 1.1723 0.2917 2
-89.0 -0.0205 1.1720 0.2903 2
-88.5 -0.0307 1.1716 0.2889 2
-88.0 -0.0409 1.1710 0.2875 2
-87.5 -0.0511 1.1702 0.2860 2
-87.0 -0.0613 1.1692 0.2846 2
-86.5 -0.0714 1.1680 0.2831 2
-86.0 -0.0816 1.1667 0.2816 2
-85.5 -0.0917 1.1652 0.2800 2
-85.0 -0.1018 1.1635 0.2785 2
-84.5 -0.1119 1.1616 0.2769 2
-84.0 -0.1219 1.1596 0.2753 2
-83.5 -0.1319 1.1574 0.2737 2
-83.0 -0.1418 1.1550 0.2721 2
-82.5 -0.1517 1.1524 0.2704 2
-82.0 -0.1616 1.1497 0.2688 2
-81.5 -0.1714 1.1468 0.2671 2
-81.0 -0.1811 1.1437 0.2654 2
-80.5 -0.1908 1.1405 0.2637 2
-80.0 -0.2005 1.1370 0.2619 2
-79.5 -0.2101 1.1335 0.2602 2
-79.0 -0.2196 1.1297 0.2584 2
-78.5 -0.2290 1.1258 0.2566 2
-78.0 -0.2384 1.1217 0.2548 2
-77.5 -0.2477 1.1175 0.2530 2
-77.0 -0.2570 1.1131 0.2512 2
-76.5 -0.2661 1.1085 0.2494 2
-76.0 -0.2752 1.1038 0.2475 2
-75.5 -0.2842 1.0989 0.2457 2
-75.0 -0.2931 1.0939 0.2438 2
-74.5 -0.3019 1.0887 0.2419 2
-74.0 -0.3106 1.0833 0.2400 2
-73.5 -0.3193 1.0778 0.2381 2
-73.0 -0.3278 1.0722 0.2362 2
-72.5 -0.3362 1.0664 0.2343 2
-72.0 -0.3446 1.0604 0.2323 2
-71.5 -0.3528 1.0544 0.2304 2
-71.0 -0.3609 1.0481 0.2284 2
-70.5 -0.3689 1.0418 0.2264 2
-70.0 -0.3768 1.0353 0.2244 2
-69.5 -0.3846 1.0286 0.2224 2
-69.0 -0.3922 1.0218 0.2204 2
-68.5 -0.3998 1.0149 0.2184 2
-68.0 -0.4072 1.0079 0.2164 2
-67.5 -0.4145 1.0007 0.2144 2
-67.0 -0.4217 0.9934 0.2124 2
-66.5 -0.4287 0.9860 0.2103 2
-66.0 -0.4356 0.9784 0.2083 2
-65.5 -0.4424 0.9708 0.2062 2
-65.0 -0.4491 0.9630 0.2042 2
-64.5 -0.4556 0.9551 0.2021 2
-64.0 -0.4619 0.9471 0.2000 2
-63.5 -0.4682 0.9390 0.1980 2
-63.0 -0.4742 0.9308 0.1959 2
-62.5 -0.4802 0.9224 0.1938 2
-62.0 -0.4860 0.9140 0.1917 2
-61.5 -0.4916 0.9055 0.1896 2
-61.0 -0.4971 0.8968 0.1875 2
-60.5 -0.5025 0.8881 0.1854 2
-60.0 -0.5077 0.8793 0.1833 2
-59.5 -0.5127 0.8704 0.1812 2
-59.0 -0.5176 0.8614 0.1791 2
-58.5 -0.5223 0.8523 0.1770 2
-58.0 -0.5269 0.8432 0.1749 2
-57.5 -0.5313 0.8339 0.1728 2
-57.0 -0.5355 0.8246 0.1707 2
-56.5 -0.5396 0.8152 0.1686 2
-56.0 -0.5435 0.8058 0.1665 2
-55.5 -0.5473 0.7963 0.1644 2
-55.0 -0.5508 0.7867 0.1623 2
-54.5 -0.5543 0.7770 0.1602 2
-54.0 -0.5575 0.7673 0.1581 2
-53.5 -0.5606 0.7576 0.1560 2
-53.0 -0.5635 0.7478 0.1539 2
-52.5 -0.5662 0.7379 0.1518 2
-52.0 -0.5688 0.7280 0.1497 2
-51.5 -0.5712 0.7181 0.1476 2
-51.0 -0.5734 0.7081 0.1455 2
-50.5 -0.5754 0.6981 0.1435 2
-50.0 -0.5773 0.6880 0.1414 2
-49.5 -0.5790 0.6779 0.1393 2
-49.0 -0.5805 0.6678 0.1373 2
-48.5 -0.5818 0.6576 0.1352 2
-48.0 -0.5830 0.6475 0.1331 2
-47.5 -0.5840 0.6373 0.1311 2
-47.0 -0.5848 0.6271 0.1290 2
-46.5 -0.5854 0.6169 0.1270 2
-46.0 -0.5858 0.6067 0.1250 2
-45.5 -0.5861 0.5964 0.1229 2
-45.0 -0.5862 0.5862 0.1209 2
-44.5 -0.5861 0.5760 0.1189 2
-44.0 -0.5858 0.5657 0.1169 2
-43.5 -0.5854 0.5555 0.1149 2
-43.0 -0.5848 0.5453 0.1129 2
-42.5 -0.5840 0.5351 0.1109 2
-42.0 -0.5830 0.5249 0.1090 2
-41.5 -0.5818 0.5148 0.1070 2
-41.0 -0.5805 0.5046 0.1051 2
-40.5 -0.5790 0.4945 0.1031 2
-40.0 -0.5773 0.4844 0.1012 2
-39.5 -0.5754 0.4743 0.0993 2
-39.0 -0.5734 0.4643 0.0974 2
-38.5 -0.5712 0.4543 0.0955 2
-38.0 -0.5688 0.4444 0.0936 2
-37.5 -0.5662 0.4345 0.0917 2
-37.0 -0.5635 0.4246 0.0899 2
-36.5 -0.5606 0.4148 0.0880 2
-36.0 -0.5575 0.4051 0.0862 2
-35.5 -0.5543 0.3954 0.0843 2
-35.0 -0.5508 0.3857 0.0825 2
-34.5 -0.5473 0.3761 0.0807 2
-34.0 -0.5435 0.3666 0.0789 2
-33.5 -0.5396 0.3572 0.0772 2
-33.0 -0.5355 0.3478 0.0754 2
-32.5 -0.5313 0.3385 0.0737 2
-32.0 -0.5269 0.3292 0.0719 2
-31.5 -0.5223 0.3201 0.0702 2
-31.0 -0.5176 0.3110 0.0685 2
-30.5 -0.5127 0.3020 0.0668 2
-30.0 -0.5077 0.2931 0.0652 2
-29.5 -0.5025 0.2843 0.0635 2
-29.0 -0.4971 0.2756 0.0619 2
-28.5 -0.4916 0.2669 0.0602 2
-28.0 -0.4860 0.2584 0.0586 2
-27.5 -0.4802 0.2500 0.0570 2
-27.0 -0.4742 0.2416 0.0555 2
-26.5 -0.4682 0.2334 0.0539 2
-26.0 -0.4619 0.2253 0.0524 2
-25.5 -0.4556 0.2173 0.0508 2
-25.0 -0.4491 0.2094 0.0493 2
-24.5 -0.4424 0.2016 0.0478 2
-24.0 -0.4356 0.1940 0.0464 2
-23.5 -0.4287 0.1864 0.0449 2
-23.0 -0.4217 0.1790 0.0435 2
-22.5 -0.4145 0.1717 0.0421 2
-22.0 -0.4072 0.1645 0.0407 2
-21.5 -0.3998 0.1575 0.0393 2
-21.0 -0.3922 0.1506 0.0379 2
-20.5 -0.3846 0.1438 0.0366 2
-20.0 -0.3768 0.1371 0.0353 2
-19.5 -0.3689 0.1306 0.0340 2
-19.0 -0.3609 0.1243 0.0327 2
-18.5 -0.3528 0.1180 0.0314 2
-18.0 -0.3446 0.1120 0.0302 2
-17.5 -0.3370 0.1062 0.0291 2
-17.0 -0.3308 0.1010 0.0280 2
-16.5 -0.3260 0.0964 0.0272 2
-16.0 -0.3225 0.0923 0.0264 2
-15.5 -0.3202 0.0887 0.0258 2
-15.0 -0.3191 0.0856 0.0252 2
-14.5 -0.3189 0.0829 0.0248 2
-14.0 -0.3195 0.0806 0.0244 2
-13.5 -0.3209 0.0787 0.0241 2
-13.0 -0.3227 0.0771 0.0238 2
-12.5 -0.3248 0.0758 0.0236 2
-12.0 -0.3271 0.0747 0.0233 2
-11.5 -0.3293 0.0738 0.0231 2
-11.0 -0.3312 0.0729 0.0228 2
-10.5 -0.3327 0.0722 0.0225 2
-10.0 -0.3335 0.0714 0.0221 2
-9.5 -0.3335 0.0706 0.0217 2
-9.0 -0.3325 0.0697 0.0212 2
-8.5 -0.3304 0.0687 0.0207 2
-8.0 -0.3270 0.0676 0.0201 2
-7.5 -0.3223 0.0662 0.0194 2
-7.0 -0.3161 0.0647 0.0186 2
-6.5 -0.3084 0.0629 0.0178 2
-6.0 -0.2992 0.0609 0.0169 0
-5.5 -0.3270 0.0595 0.0272 0
-5.0 -0.4408 0.0616 0.0489 0
-4.5 -0.5405 0.0598 0.0573 0
-4.0 -0.5977 0.0533 0.0394 0
-3.5 -0.5022 0.0433 0.0109 0
-3.0 -0.4488 0.0378 0.0112 0
-2.5 -0.3943 0.0332 0.0127 0
-2.0 -0.3364 0.0294 0.0140 0
-1.5 -0.2601 0.0262 0.0122 0
-1.0 -0.1856 0.0234 0.0105 0
-0.5 -0.1260 0.0198 0.0109 0
0.0 0.0000 0.0185 0.0000 0
0.5 0.0474 0.0185 0.0028 0
1.0 0.1856 0.0234 -0.0105 0
1.5 0.2601 0.0262 -0.0122 0
2.0 0.3364 0.0294 -0.0140 0
2.5 0.3943 0.0332 -0.0127 0
3.0 0.4488 0.0378 -0.0112 0
3.5 0.5022 0.0433 -0.0109 0
4.0 0.5994 0.0536 -0.0417 0
4.5 0.5387 0.0597 -0.0568 0
5.0 0.4416 0.0616 -0.0491 0
5.5 0.3273 0.0594 -0.0273 0
6.0 0.2996 0.0609 -0.0170 0
6.5 0.3196 0.0662 -0.0187 0
7.0 0.5466 0.0889 -0.0507 0
7.5 0.6082 0.0984 -0.0439 0
8.0 0.6339 0.1059 -0.0383 0
8.5 0.6468 0.1131 -0.0334 0
9.0 0.6524 0.1191 -0.0311 0
9.5 0.6628 0.1262 -0.0296 0
10.0 0.6687 0.1327 -0.0290 0
10.5 0.6754 0.1388 -0.0285 0
11.0 0.6839 0.1456 -0.0292 0
11.5 0.7002 0.1545 -0.0285 0
12.0 0.7063 0.1610 -0.0295 0
12.5 0.7075 0.1647 -0.0310 0
13.0 0.7168 0.1718 -0.0323 0
13.5 0.7267 0.1776 -0.0346 0
14.0 0.7315 0.1836 -0.0365 0
14.5 0.7508 0.1917 -0.0377 0
15.0 0.7558 0.1964 -0.0401 0
15.5 0.7720 0.2024 -0.0425 0
16.0 0.7798 0.2080 -0.0446 0
16.5 0.7723 0.2132 -0.0453 1
17.0 0.7656 0.2185 -0.0461 1
17.5 0.7596 0.2240 -0.0469 1
18.0 0.7542 0.2296 -0.0477 1
18.5 0.7494 0.2354 -0.0486 1
19.0 0.7452 0.2413 -0.0495 1
19.5 0.7414 0.2473 -0.0504 1
20.0 0.7381 0.2534 -0.0513 1
20.5 0.7352 0.2597 -0.0523 1
21.0 0.7326 0.2661 -0.0533 1
21.5 0.7304 0.2726 -0.0544 1
22.0 0.7284 0.2792 -0.0554 1
22.5 0.7267 0.2860 -0.0565 1
23.0 0.7252 0.2929 -0.0576 1
23.5 0.7239 0.2999 -0.0588 1
24.0 0.7228 0.3070 -0.0599 1
24.5 0.7219 0.3142 -0.0611 1
25.0 0.7211 0.3215 -0.0623 1
25.5 0.7204 0.3290 -0.0636 1
26.0 0.7198 0.3365 -0.0648 1
26.5 0.7194 0.3441 -0.0661 1
27.0 0.7190 0.3519 -0.0674 1
27.5 0.7187 0.3597 -0.0687 1
28.0 0.7184 0.3676 -0.0701 1
28.5 0.7182 0.3757 -0.0714 1
29.0 0.7179 0.3838 -0.0728 1
29.5 0.7178 0.3920 -0.0742 1
30.0 0.7176 0.4003 -0.0757 1
30.5 0.7174 0.4086 -0.0771 1
31.0 0.7172 0.4171 -0.0786 1
31.5 0.7170 0.4256 -0.0801 1
32.0 0.7168 0.4342 -0.0816 1
32.5 0.7166 0.4428 -0.0831 1
33.0 0.7163 0.4515 -0.0847 1
33.5 0.7159 0.4603 -0.0862 1
34.0 0.7155 0.4692 -0.0878 1
34.5 0.7151 0.4781 -0.0894 1
35.0 0.7146 0.4871 -0.0910 1
35.5 0.7140 0.4961 -0.0927 1
36.0 0.7133 0.5052 -0.0943 1
36.5 0.7126 0.5143 -0.0960 1
37.0 0.7118 0.5234 -0.0977 1
37.5 0.7109 0.5326 -0.0994 1
38.0 0.7099 0.5419 -0.1011 1
38.5 0.7089 0.5512 -0.1028 1
39.0 0.7077 0.5605 -0.1045 1
39.5 0.7064 0.5698 -0.1063 1
40.0 0.7051 0.5792 -0.1081 1
40.5 0.7036 0.5886 -0.1098 1
41.0 0.7020 0.5980 -0.1116 1
41.5 0.7003 0.6074 -0.1134 1
42.0 0.6985 0.6169 -0.1153 1
42.5 0.6966 0.6263 -0.1171 1
43.0 0.6945 0.6358 -0.1189 1
43.5 0.6924 0.6453 -0.1208 1
44.0 0.6901 0.6547 -0.1227 1
44.5 0.6877 0.6642 -0.1245 1
45.0 0.6852 0.6737 -0.1264 1
45.5 0.6825 0.6832 -0.1283 1
46.0 0.6797 0.6926 -0.1302 1
46.5 0.6768 0.7020 -0.1322 1
47.0 0.6738 0.7115 -0.1341 1
47.5 0.6706 0.7209 -0.1360 1
48.0 0.6673 0.7303 -0.1380 1
48.5 0.6639 0.7396 -0.1399 1
49.0 0.6603 0.7490 -0.1419 1
49.5 0.6566 0.7583 -0.1439 1
50.0 0.6528 0.7675 -0.1458 1
50.5 0.6488 0.7768 -0.1478 1
51.0 0.6447 0.7859 -0.1498 1
51.5 0.6405 0.7951 -0.1518 1
52.0 0.6361 0.8042 -0.1538 1
52.5 0.6316 0.8132 -0.1558 1
53.0 0.6270 0.8222 -0.1578 1
53.5 0.6222 0.8312 -0.1598 1
54.0 0.6173 0.8401 -0.1619 1
54.5 0.6122 0.8489 -0.1639 1
55.0 0.6071 0.8577 -0.1659 1
55.5 0.6017 0.8664 -0.1679 1
56.0 0.5963 0.8750 -0.1700 1
56.5 0.5907 0.8835 -0.1720 1
57.0 0.5850 0.8920 -0.1740 1
57.5 0.5792 0.9004 -0.1761 1
58.0 0.5732 0.9087 -0.1781 1
58.5 0.5671 0.9170 -0.1802 1
59.0 0.5609 0.9251 -0.1822 1
59.5 0.5545 0.9332 -0.1843 1
60.0 0.5481 0.9412 -0.1863 1
60.5 0.5415 0.9490 -0.1883 1
61.0 0.5347 0.9568 -0.1904 1
61.5 0.5279 0.9645 -0.1924 1
62.0 0.5209 0.9721 -0.1945 1
62.5 0.5138 0.9796 -0.1965 1
63.0 0.5066 0.9869 -0.1985 1
63.5 0.4993 0.9942 -0.2005 1
64.0 0.4919 1.0013 -0.2026 1
64.5 0.4843 1.0084 -0.2046 1
65.0 0.4766 1.0153 -0.2066 1
65.5 0.4689 1.0221 -0.2086 1
66.0 0.4610 1.0288 -0.2106 1
66.5 0.4530 1.0353 -0.2126 1
67.0 0.4449 1.0418 -0.2146 1
67.5 0.4367 1.0481 -0.2166 1
68.0 0.4284 1.0542 -0.2186 1
68.5 0.4200 1.0603 -0.2206 1
69.0 0.4115 1.0662 -0.2226 1
69.5 0.4029 1.0719 -0.2245 1
70.0 0.3942 1.0776 -0.2265 1
70.5 0.3855 1.0831 -0.2284 1
71.0 0.3766 1.0884 -0.2303 1
71.5 0.3676 1.0936 -0.2323 1
72.0 0.3586 1.0987 -0.2342 1
72.5 0.3495 1.1036 -0.2361 1
73.0 0.3403 1.1084 -0.2380 1
73.5 0.3310 1.1130 -0.2399 1
74.0 0.3217 1.1174 -0.2417 1
74.5 0.3123 1.1217 -0.2436 1
75.0 0.3028 1.1259 -0.2455 1
75.5 0.2933 1.1299 -0.2473 1
76.0 0.2836 1.1337 -0.2491 1
76.5 0.2740 1.1374 -0.2509 1
77.0 0.2642 1.1409 -0.2527 1
77.5 0.2545 1.1443 -0.2545 1
78.0 0.2446 1.1474 -0.2563 1
78.5 0.2347 1.1505 -0.2580 1
79.0 0.2248 1.1533 -0.2597 1
79.5 0.2148 1.1560 -0.2615 1
80.0 0.2048 1.1585 -0.2632 1
80.5 0.1947 1.1609 -0.2648 1
81.0 0.1846 1.1631 -0.2665 1
81.5 0.1745 1.1651 -0.2682 1
82.0 0.1643 1.1669 -0.2698 1
82.5 0.1541 1.1686 -0.2714 1
83.0 0.1439 1.1701 -0.2730 1
83.5 0.1337 1.1714 -0.2746 1
84.0 0.1234 1.1725 -0.2761 1
84.5 0.1131 1.1735 -0.2777 1
85.0 0.1029 1.1743 -0.2792 1
85.5 0.0926 1.1749 -0.2807 1
86.0 0.0823 1.1753 -0.2821 1
86.5 0.0720 1.1756 -0.2836 1
87.0 0.0617 1.1757 -0.2850 1
87.5 0.0514 1.1756 -0.2864 1
88.0 0.0411 1.1753 -0.2878 1
88.5 0.0308 1.1748 -0.2892 1
89.0 0.0205 1.1742 -0.2905 1
89.5 0.0102 1.1734 -0.2918 1
90.0 0.0000 1.1724 -0.2931 1
90.5 -0.0072 1.1734 -0.2950 3
91.0 -0.0144 1.1742 -0.2968 3
91.5 -0.0215 1.1748 -0.2986 3
92.0 -0.0287 1.1753 -0.3004 3
92.5 -0.0360 1.1756 -0.3022 3
93.0 -0.0432 1.1757 -0.3039 3
93.5 -0.0504 1.1756 -0.3056 3
94.0 -0.0576 1.1753 -0.3072 3
94.5 -0.0648 1.1749 -0.3088 3
95.0 -0.0720 1.1743 -0.3104 3
95.5 -0.0792 1.1735 -0.3119 3
96.0 -0.0864 1.1725 -0.3134 3
96.5 -0.0936 1.1714 -0.3148 3
97.0 -0.1007 1.1701 -0.3162 3
97.5 -0.1079 1.1686 -0.3176 3
98.0 -0.1150 1.1669 -0.3189 3
98.5 -0.1221 1.1651 -0.3202 3
99.0 -0.1292 1.1631 -0.3215 3
99.5 -0.1363 1.1609 -0.3227 3
100.0 -0.1433 1.1585 -0.3238 3
100.5 -0.1504 1.1560 -0.3250 3
101.0 -0.1573 1.1533 -0.3260 3
101.5 -0.1643 1.1505 -0.3271 3
102.0 -0.1712 1.1474 -0.3281 3
102.5 -0.1781 1.1443 -0.3290 3
103.0 -0.1850 1.1409 -0.3300 3
103.5 -0.1918 1.1374 -0.3308 3
104.0 -0.1986 1.1337 -0.3317 3
104.5 -0.2053 1.1299 -0.3325 3
105.0 -0.2120 1.1259 -0.3332 3
105.5 -0.2186 1.1217 -0.3339 3
106.0 -0.2252 1.1174 -0.3346 3
106.5 -0.2317 1.1130 -0.3352 3
107.0 -0.2382 1.1084 -0.3357 3
107.5 -0.2446 1.1036 -0.3363 3
108.0 -0.2510 1.0987 -0.3367 3
108.5 -0.2573 1.0936 -0.3372 3
109.0 -0.2636 1.0884 -0.3376 3
109.5 -0.2698 1.0831 -0.3379 3
110.0 -0.2760 1.0776 -0.3382 3
110.5 -0.2820 1.0719 -0.3385 3
111.0 -0.2880 1.0662 -0.3387 3
111.5 -0.2940 1.0603 -0.3389 3
112.0 -0.2999 1.0542 -0.3390 3
112.5 -0.3057 1.0481 -0.3391 3
113.0 -0.3114 1.0418 -0.3392 3
113.5 -0.3171 1.0353 -0.3392 3
114.0 -0.3227 1.0288 -0.3392 3
114.5 -0.3282 1.0221 -0.3391 3
115.0 -0.3336 1.0153 -0.3390 3
115.5 -0.3390 1.0084 -0.3388 3
116.0 -0.3443 1.0013 -0.3386 3
116.5 -0.3495 0.9942 -0.3384 3
117.0 -0.3546 0.9869 -0.3381 3
117.5 -0.3597 0.9796 -0.3378 3
118.0 -0.3646 0.9721 -0.3374 3
118.5 -0.3695 0.9645 -0.3370 3
119.0 -0.3743 0.9568 -0.3366 3
119.5 -0.3790 0.9490 -0.3361 3
120.0 -0.3836 0.9412 -0.3356 3
120.5 -0.3882 0.9332 -0.3351 3
121.0 -0.3926 0.9251 -0.3345 3
121.5 -0.3970 0.9170 -0.3339 3
122.0 -0.4013 0.9087 -0.3332 3
122.5 -0.4054 0.9004 -0.3325 3
123.0 -0.4095 0.8920 -0.3318 3
123.5 -0.4135 0.8835 -0.3310 3
124.0 -0.4174 0.8750 -0.3303 3
124.5 -0.4212 0.8664 -0.3294 3
125.0 -0.4249 0.8577 -0.3286 3
125.5 -0.4286 0.8489 -0.3277 3
126.0 -0.4321 0.8401 -0.3268 3
126.5 -0.4355 0.8312 -0.3258 3
127.0 -0.4389 0.8222 -0.3248 3
127.5 -0.4421 0.8132 -0.3238 3
128.0 -0.4453 0.8042 -0.3228 3
128.5 -0.4483 0.7951 -0.3217 3
129.0 -0.4513 0.7859 -0.3206 3
129.5 -0.4542 0.7768 -0.3195 3
130.0 -0.4569 0.7675 -0.3184 3
130.5 -0.4596 0.7583 -0.3172 3
131.0 -0.4622 0.7490 -0.3160 3
131.5 -0.4647 0.7396 -0.3148 3
132.0 -0.4671 0.7303 -0.3136 3
132.5 -0.4694 0.7209 -0.3123 3
133.0 -0.4716 0.7115 -0.3111 3
133.5 -0.4738 0.7020 -0.3098 3
134.0 -0.4758 0.6926 -0.3085 3
134.5 -0.4778 0.6832 -0.3072 3
135.0 -0.4796 0.6737 -0.3058 3
135.5 -0.4814 0.6642 -0.3045 3
136.0 -0.4831 0.6547 -0.3031 3
136.5 -0.4847 0.6453 -0.3017 3
137.0 -0.4862 0.6358 -0.3003 3
137.5 -0.4876 0.6263 -0.2989 3
138.0 -0.4889 0.6169 -0.2975 3
138.5 -0.4902 0.6074 -0.2961 3
139.0 -0.4914 0.5980 -0.2947 3
139.5 -0.4925 0.5886 -0.2932 3
140.0 -0.4935 0.5792 -0.2918 3
140.5 -0.4945 0.5698 -0.2904 3
141.0 -0.4954 0.5605 -0.2889 3
141.5 -0.4962 0.5512 -0.2875 3
142.0 -0.4970 0.5419 -0.2861 3
142.5 -0.4976 0.5326 -0.2846 3
143.0 -0.4983 0.5234 -0.2832 3
143.5 -0.4988 0.5143 -0.2818 3
144.0 -0.4993 0.5052 -0.2804 3
144.5 -0.4998 0.4961 -0.2790 3
145.0 -0.5002 0.4871 -0.2776 3
145.5 -0.5006 0.4781 -0.2762 3
146.0 -0.5009 0.4692 -0.2748 3
146.5 -0.5011 0.4603 -0.2735 3
147.0 -0.5014 0.4515 -0.2721 3
147.5 -0.5016 0.4428 -0.2708 3
148.0 -0.5018 0.4342 -0.2695 3
148.5 -0.5019 0.4256 -0.2683 3
149.0 -0.5021 0.4171 -0.2670 3
149.5 -0.5022 0.4086 -0.2658 3
150.0 -0.5023 0.4003 -0.2646 3
150.5 -0.5024 0.3920 -0.2635 3
151.0 -0.5026 0.3838 -0.2624 3
151.5 -0.5027 0.3757 -0.2614 3
152.0 -0.5029 0.3676 -0.2603 3
152.5 -0.5031 0.3597 -0.2594 3
153.0 -0.5033 0.3519 -0.2585 3
153.5 -0.5036 0.3441 -0.2576 3
154.0 -0.5039 0.3365 -0.2568 3
154.5 -0.5043 0.3290 -0.2561 3
155.0 -0.5047 0.3215 -0.2555 3
155.5 -0.5053 0.3142 -0.2549 3
156.0 -0.5060 0.3070 -0.2544 3
156.5 -0.5067 0.2999 -0.2540 3
157.0 -0.5076 0.2929 -0.2537 3
157.5 -0.5087 0.2860 -0.2535 3
158.0 -0.5099 0.2792 -0.2534 3
158.5 -0.5112 0.2726 -0.2534 3
159.0 -0.5128 0.2661 -0.2536 3
159.5 -0.5146 0.2597 -0.2539 3
160.0 -0.5167 0.2534 -0.2543 3
160.5 -0.5190 0.2473 -0.2549 3
161.0 -0.5216 0.2413 -0.2557 3
161.5 -0.5246 0.2354 -0.2567 3
162.0 -0.5279 0.2296 -0.2579 3
162.5 -0.5317 0.2240 -0.2593 3
163.0 -0.5359 0.2185 -0.2610 3
163.5 -0.5406 0.2132 -0.2629 3
164.0 -0.5459 0.2080 -0.2652 3
164.5 -0.5404 0.2024 -0.2627 3
165.0 -0.5291 0.1964 -0.2575 3
165.5 -0.5256 0.1917 -0.2560 3
166.0 -0.5121 0.1836 -0.2496 3
166.5 -0.5087 0.1776 -0.2479 3
167.0 -0.5018 0.1718 -0.2447 3
167.5 -0.4952 0.1647 -0.2416 3
168.0 -0.4944 0.1610 -0.2413 3
168.5 -0.4901 0.1545 -0.2392 3
169.0 -0.4787 0.1456 -0.2336 3
169.5 -0.4728 0.1388 -0.2308 3
170.0 -0.4681 0.1327 -0.2286 3
170.5 -0.4640 0.1262 -0.2266 3
171.0 -0.4567 0.1191 -0.2231 3
171.5 -0.4528 0.1131 -0.2213 3
172.0 -0.4437 0.1059 -0.2170 3
172.5 -0.4257 0.0984 -0.2084 3
173.0 -0.3826 0.0889 -0.1877 3
173.5 -0.2237 0.0662 -0.1107 3
174.0 -0.2097 0.0609 -0.1039 3
174.5 -0.2291 0.0594 -0.1133 3
175.0 -0.3091 0.0616 -0.1523 3
175.5 -0.3771 0.0597 -0.1855 3
176.0 -0.4196 0.0536 -0.2065 3
176.5 -0.3515 0.0433 -0.1733 3
177.0 -0.3142 0.0378 -0.1552 3
177.5 -0.2760 0.0332 -0.1367 3
178.0 -0.2355 0.0294 -0.1169 3
178.5 -0.1821 0.0262 -0.0906 3
179.0 -0.1299 0.0234 -0.0648 3
179.5 -0.0332 0.0185 -0.0166 3
180.0 -0.0000 0.0185 -0.0000 3
