alpha cl cd cm xtrs xtri npan dcl dcd
-6.00 -0.2170 0.07410 -0.0785 0.9270 0.0772 3 0.0024 0.00104
-5.75 -0.1940 0.06800 -0.0866 0.9187 0.0774 3 0.0037 0.00149
-5.50 -0.1646 0.06073 -0.0954 0.9111 0.0785 3 0.0038 0.00135
-5.25 -0.1349 0.05723 -0.0991 0.9043 0.0809 3 0.0052 0.00061
-5.00 -0.1058 0.05371 -0.1036 0.8962 0.0833 2 0.0004 0.00073
-4.75 -0.0683 0.04745 -0.1111 0.8896 0.0872 3 0.0075 0.00262
-4.50 -0.0333 0.04439 -0.1149 0.8830 0.0910 3 0.0014 0.00082
-4.25 0.0027 0.04196 -0.1184 0.8763 0.0957 3 0.0068 0.00106
-4.00 0.0376 0.03947 -0.1207 0.8698 0.1014 3 0.0051 0.00042
-3.75 0.0722 0.03775 -0.1229 0.8631 0.1074 3 0.0047 0.00019
-3.50 0.1045 0.03631 -0.1243 0.8553 0.1147 3 0.0068 0.00057
-3.25 0.1384 0.03506 -0.1257 0.8482 0.1227 3 0.0084 0.00042
-3.00 0.1727 0.03409 -0.1271 0.8418 0.1322 3 0.0083 0.00034
-2.75 0.2020 0.03342 -0.1275 0.8333 0.1411 3 0.0003 0.00008
-2.50 0.2358 0.03266 -0.1286 0.8267 0.1528 3 0.0016 0.00008
-2.25 0.2674 0.03205 -0.1292 0.8192 0.1656 3 0.0045 0.00018
-2.00 0.2977 0.03154 -0.1296 0.8116 0.1806 3 0.0093 0.00028
-1.75 0.3293 0.03111 -0.1301 0.8043 0.1974 3 0.0060 0.00022
-1.50 0.3646 0.03059 -0.1312 0.7982 0.2176 3 0.0070 0.00022
-1.25 0.3922 0.03035 -0.1311 0.7894 0.2384 3 0.0088 0.00032
-1.00 0.4219 0.03005 -0.1313 0.7814 0.2626 3 0.0045 0.00016
-0.75 0.4511 0.02977 -0.1315 0.7735 0.2910 3 0.0087 0.00036
-0.50 0.4839 0.02930 -0.1322 0.7670 0.3270 3 0.0010 0.00004
-0.25 0.5097 0.02909 -0.1319 0.7579 0.3682 3 0.0028 0.00013
0.00 0.5417 0.02841 -0.1325 0.7519 0.4427 3 0.0031 0.00017
0.25 0.5590 0.02700 -0.1293 0.7438 0.9735 2 0.0044 0.00020
0.50 0.5877 0.02721 -0.1293 0.7352 0.9998 3 0.0020 0.00008
0.75 0.6148 0.02748 -0.1292 0.7272 0.9998 3 0.0056 0.00025
1.00 0.6443 0.02766 -0.1293 0.7193 0.9998 3 0.0085 0.00037
1.25 0.6741 0.02780 -0.1295 0.7128 0.9998 3 0.0089 0.00041
1.50 0.6985 0.02821 -0.1289 0.7038 0.9998 3 0.0002 0.00001
1.75 0.7249 0.02853 -0.1287 0.6962 0.9998 3 0.0017 0.00010
2.00 0.7544 0.02870 -0.1288 0.6894 0.9998 3 0.0061 0.00031
2.25 0.7793 0.02910 -0.1284 0.6816 0.9998 3 0.0053 0.00025
2.50 0.8038 0.02954 -0.1279 0.6738 0.9998 3 0.0079 0.00040
2.75 0.8369 0.02957 -0.1285 0.6683 0.9998 2 0.0010 0.00003
3.00 0.8566 0.03025 -0.1274 0.6597 0.9998 3 0.0128 0.00066
3.25 0.8797 0.03079 -0.1268 0.6519 0.9998 3 0.0057 0.00028
3.50 0.9048 0.03124 -0.1264 0.6450 0.9998 3 0.0128 0.00070
3.75 0.9299 0.03168 -0.1260 0.6379 0.9998 2 0.0002 0.00000
4.00 0.9496 0.03242 -0.1250 0.6301 0.9998 3 0.0035 0.00021
4.25 0.9784 0.03268 -0.1250 0.6242 0.9998 3 0.0097 0.00055
4.50 1.0015 0.03327 -0.1244 0.6171 0.9998 2 0.0147 0.00077
4.75 1.0195 0.03410 -0.1231 0.6096 0.9998 3 0.0116 0.00066
5.00 1.0484 0.03436 -0.1232 0.6036 0.9998 3 0.0115 0.00062
5.25 1.0623 0.03545 -0.1215 0.5956 0.9998 3 0.0176 0.00100
5.50 1.0840 0.03611 -0.1207 0.5885 0.9998 3 0.0059 0.00032
5.75 1.1094 0.03656 -0.1203 0.5826 0.9998 3 0.0223 0.00127
6.00 1.1193 0.03789 -0.1183 0.5738 0.9998 3 0.0021 0.00014
6.25 1.1424 0.03846 -0.1176 0.5674 0.9998 3 0.0009 0.00003
6.50 1.1523 0.03974 -0.1155 0.5590 0.9998 2 0.0100 0.00059
6.75 1.1710 0.04053 -0.1143 0.5522 0.9998 3 0.0245 0.00135
7.00 1.1862 0.04154 -0.1128 0.5448 0.9998 3 0.0209 0.00131
7.25 1.2144 0.04178 -0.1126 0.5384 0.9998 3 0.0212 0.00133
7.50 1.2176 0.04351 -0.1100 0.5296 0.9998 3 0.0353 0.00234
7.75 1.2266 0.04493 -0.1079 0.5211 0.9998 3 0.0153 0.00102
8.00 1.2282 0.04693 -0.1055 0.5117 0.9998 3 0.0442 0.00314
8.25 1.2638 0.04642 -0.1056 0.5063 0.9998 3 0.0015 0.00012
8.50 1.2551 0.04918 -0.1024 0.4955 0.9998 3 0.0234 0.00190
8.75 1.2776 0.04956 -0.1014 0.4882 0.9998 2 0.0213 0.00169
9.00 1.2788 0.05162 -0.0992 0.4782 0.9998 2 0.0314 0.00270
9.25 1.2912 0.05270 -0.0975 0.4696 0.9998 3 0.0261 0.00225
9.50 1.2889 0.05507 -0.0951 0.4586 0.9998 3 0.0426 0.00393
9.75 1.3246 0.05385 -0.0945 0.4519 0.9998 3 0.0562 0.00557
10.00 1.3280 0.05553 -0.0923 0.4410 0.9998 3 0.0041 0.00039
10.25 1.3221 0.05815 -0.0900 0.4288 0.9998 3 0.0366 0.00391
10.50 1.3195 0.06050 -0.0880 0.4166 0.9998 3 0.0635 0.00726
10.75 1.3119 0.06351 -0.0861 0.4035 0.9998 3 0.0254 0.00315
11.00 1.3230 0.06414 -0.0843 0.3914 0.9998 3 0.0221 0.00285
11.25 1.3303 0.06520 -0.0825 0.3785 0.9998 3 0.0065 0.00081
11.50 1.3365 0.06639 -0.0809 0.3649 0.9998 3 0.0206 0.00284
11.75 1.3288 0.06952 -0.0795 0.3499 0.9998 3 0.0197 0.00281
12.00 1.3280 0.07172 -0.0782 0.3349 0.9998 3 0.0232 0.00336
12.25 1.3317 0.07333 -0.0768 0.3192 0.9998 3 0.0072 0.00100
12.50 1.3392 0.07445 -0.0755 0.3026 0.9998 3 0.0122 0.00187
12.75 1.3442 0.07578 -0.0742 0.2848 0.9998 3 0.0099 0.00153
13.00 1.3449 0.07807 -0.0732 0.2660 0.9998 3 0.0051 0.00071
13.25 1.3413 0.08113 -0.0725 0.2463 0.9998 3 0.0076 0.00115
13.50 1.3421 0.08333 -0.0715 0.2257 0.9998 3 0.0043 0.00069
13.75 1.3401 0.08627 -0.0709 0.2059 0.9998 3 0.0035 0.00045
14.00 1.3352 0.08973 -0.0706 0.1872 0.9998 3 0.0039 0.00053
14.25 1.3303 0.09324 -0.0704 0.1705 0.9998 3 0.0026 0.00026
14.50 1.3246 0.09707 -0.0704 0.1559 0.9998 3 0.0030 0.00029
14.75 1.3201 0.10077 -0.0705 0.1431 0.9998 3 0.0032 0.00033
15.00 1.3164 0.10442 -0.0707 0.1320 0.9998 3 0.0040 0.00050
15.25 1.3138 0.10798 -0.0710 0.1223 0.9998 3 0.0046 0.00059
15.50 1.3126 0.11139 -0.0713 0.1138 0.9998 3 0.0049 0.00062
15.75 1.3132 0.11445 -0.0716 0.1063 0.9998 3 0.0059 0.00084
16.00 1.3136 0.11765 -0.0721 0.0997 0.9998 3 0.0045 0.00039
