alpha cl cd clalt cdalt
5.00 0.7884 0.05205 1.0262 0.03774
5.25 0.8054 0.05345 1.0309 0.04152
5.50 0.8235 0.05480 1.0468 0.04445
11.50 0.9235 0.18212 1.0749 0.17916
11.75 0.9192 0.18526 1.0802 0.18370
12.00 0.9196 0.18890 1.0795 0.18629
12.25 0.9178 0.19142 1.0850 0.19023
12.50 0.9218 0.19519 1.0933 0.19450
12.75 0.9211 0.19757 1.1040 0.19944
13.00 0.9255 0.20127 1.1088 0.20202
13.25 0.9314 0.20530 1.1212 0.20724
13.50 0.9358 0.20884 1.1294 0.21055
13.75 0.9387 0.21191 1.1379 0.21398
14.00 0.9400 0.21445 1.1483 0.21805
14.25 0.9410 0.21681 1.1599 0.22246
14.50 0.9442 0.21979 1.1715 0.22678
14.75 0.9509 0.22385 1.1834 0.23122
15.00 0.9545 0.22710 1.1928 0.23468
15.25 0.9560 0.22951 1.2001 0.23706
15.50 0.9644 0.23423 1.2108 0.24081
15.75 0.9645 0.23638 1.2195 0.24380
16.00 0.9682 0.23956 1.2299 0.24738
