x y
1.000000 0.000000
0.999905 0.000025
0.999621 0.000100
0.999147 0.000225
0.998483 0.000399
0.997630 0.000623
0.996588 0.000894
0.995358 0.001214
0.993939 0.001580
0.992332 0.001993
0.990538 0.002450
0.988556 0.002952
0.986389 0.003495
0.984035 0.004080
0.981497 0.004704
0.978774 0.005366
0.975868 0.006064
0.972779 0.006796
0.969509 0.007560
0.966058 0.008355
0.962428 0.009177
0.958619 0.010025
0.954633 0.010897
0.950471 0.011790
0.946135 0.012701
0.941626 0.013628
0.936944 0.014569
0.932093 0.015520
0.927074 0.016478
0.921887 0.017442
0.916536 0.018408
0.911021 0.019372
0.905346 0.020333
0.899511 0.021287
0.893519 0.022231
0.887372 0.023162
0.881073 0.024077
0.874623 0.024973
0.868025 0.025846
0.861282 0.026693
0.854396 0.027512
0.847370 0.028303
0.840210 0.029089
0.832918 0.029872
0.825498 0.030651
0.817953 0.031425
0.810285 0.032193
0.802498 0.032953
0.794593 0.033705
0.786576 0.034447
0.778448 0.035179
0.770212 0.035898
0.761872 0.036605
0.753432 0.037297
0.744893 0.037974
0.736260 0.038634
0.727537 0.039278
0.718725 0.039903
0.709829 0.040509
0.700852 0.041095
0.691798 0.041660
0.682670 0.042203
0.673471 0.042724
0.664206 0.043221
0.654877 0.043693
0.645488 0.044141
0.636044 0.044563
0.626547 0.044959
0.617001 0.045328
0.607410 0.045670
0.597778 0.045983
0.588108 0.046269
0.578404 0.046525
0.568670 0.046752
0.558909 0.046950
0.549125 0.047117
0.539323 0.047255
0.529506 0.047362
0.519677 0.047439
0.509840 0.047485
0.500000 0.047500
0.490160 0.047485
0.480323 0.047439
0.470494 0.047362
0.460677 0.047255
0.450875 0.047117
0.441091 0.046950
0.431330 0.046752
0.421596 0.046525
0.411892 0.046269
0.402222 0.045983
0.392590 0.045670
0.382999 0.045328
0.373453 0.044959
0.363956 0.044563
0.354512 0.044141
0.345123 0.043693
0.335794 0.043221
0.326529 0.042724
0.317330 0.042203
0.308202 0.041660
0.299148 0.041095
0.290171 0.040509
0.281275 0.039903
0.272463 0.039278
0.263740 0.038634
0.255107 0.037974
0.246568 0.037297
0.238128 0.036605
0.229788 0.035898
0.221552 0.035179
0.213424 0.034447
0.205407 0.033705
0.197502 0.032953
0.189715 0.032193
0.182047 0.031425
0.174502 0.030651
0.167082 0.029872
0.159790 0.029089
0.152630 0.028303
0.145603 0.027516
0.138714 0.026729
0.131963 0.025943
0.125355 0.025159
0.118890 0.024379
0.112573 0.023603
0.106405 0.022833
0.100389 0.022070
0.094527 0.021315
0.088821 0.020570
0.083274 0.019835
0.077887 0.019112
0.072663 0.018402
0.067604 0.017705
0.062712 0.017023
0.057988 0.016357
0.053435 0.015708
0.049054 0.015076
0.044847 0.014461
0.040816 0.013865
0.036962 0.013285
0.033288 0.012723
0.029795 0.012175
0.026485 0.011639
0.023360 0.011112
0.020422 0.010590
0.017673 0.010067
0.015115 0.009536
0.012751 0.008990
0.010584 0.008423
0.008614 0.007828
0.006843 0.007197
0.005275 0.006527
0.003908 0.005815
0.002745 0.005061
0.001786 0.004267
0.001029 0.003440
0.000474 0.002586
0.000119 0.001719
-0.000038 0.000852
0.000000 0.000000
0.000231 -0.000821
0.000652 -0.001595
0.001261 -0.002307
0.002054 -0.002944
0.003029 -0.003494
0.004186 -0.003949
0.005522 -0.004304
0.007037 -0.004557
0.008730 -0.004710
0.010601 -0.004764
0.012651 -0.004727
0.014879 -0.004604
0.017286 -0.004405
0.019872 -0.004137
0.022638 -0.003809
0.025584 -0.003429
0.028709 -0.003002
0.032014 -0.002537
0.035497 -0.002036
0.039158 -0.001505
0.042996 -0.000947
0.047010 -0.000365
0.051198 0.000240
0.055559 0.000865
0.060091 0.001509
0.064792 0.002170
0.069661 0.002848
0.074697 0.003541
0.079896 0.004247
0.085257 0.004967
0.090777 0.005698
0.096456 0.006440
0.102290 0.007191
0.108278 0.007950
0.114416 0.008717
0.120704 0.009489
0.127137 0.010266
0.133714 0.011046
0.140433 0.011828
0.147290 0.012612
0.154283 0.013395
0.161409 0.014177
0.168666 0.014956
0.176050 0.015731
0.183560 0.016502
0.191191 0.017266
0.198942 0.018023
0.206808 0.018771
0.214788 0.019510
0.222877 0.020237
0.231074 0.020953
0.239374 0.021656
0.247774 0.022345
0.256272 0.023019
0.264864 0.023677
0.273546 0.024317
0.282316 0.024939
0.291169 0.025542
0.300103 0.026126
0.309115 0.026688
0.318199 0.027228
0.327354 0.027746
0.336576 0.028241
0.345860 0.028711
0.355204 0.029157
0.364603 0.029577
0.374055 0.029971
0.383556 0.030338
0.393101 0.030678
0.402687 0.030991
0.412311 0.031274
0.421969 0.031530
0.431657 0.031756
0.441371 0.031952
0.451108 0.032119
0.460864 0.032256
0.470635 0.032363
0.480417 0.032439
0.490207 0.032485
0.500000 0.032500
0.509793 0.032485
0.519583 0.032439
0.529365 0.032363
0.539136 0.032256
0.548892 0.032119
0.558629 0.031952
0.568343 0.031756
0.578031 0.031530
0.587689 0.031274
0.597313 0.030991
0.606899 0.030678
0.616444 0.030338
0.625945 0.029971
0.635397 0.029577
0.644796 0.029157
0.654140 0.028711
0.663424 0.028241
0.672646 0.027746
0.681801 0.027228
0.690885 0.026688
0.699897 0.026126
0.708831 0.025542
0.717684 0.024939
0.726454 0.024317
0.735136 0.023677
0.743728 0.023019
0.752226 0.022345
0.760626 0.021656
0.768926 0.020953
0.777123 0.020237
0.785212 0.019510
0.793192 0.018771
0.801058 0.018023
0.808809 0.017266
0.816440 0.016502
0.823950 0.015731
0.831334 0.014956
0.838591 0.014177
0.845717 0.013395
0.852711 0.012616
0.859571 0.011864
0.866297 0.011143
0.872885 0.010452
0.879333 0.009791
0.885638 0.009158
0.891798 0.008552
0.897810 0.007974
0.903671 0.007422
0.909380 0.006896
0.914934 0.006395
0.920330 0.005918
0.925567 0.005464
0.930641 0.005033
0.935552 0.004625
0.940296 0.004238
0.944872 0.003872
0.949277 0.003526
0.953510 0.003199
0.957569 0.002892
0.961452 0.002603
0.965157 0.002332
0.968682 0.002078
0.972027 0.001841
0.975188 0.001620
0.978166 0.001415
0.980958 0.001226
0.983564 0.001051
0.985981 0.000891
0.988210 0.000745
0.990248 0.000613
0.992095 0.000495
0.993749 0.000390
0.995212 0.000297
0.996480 0.000218
0.997555 0.000151
0.998434 0.000096
0.999119 0.000054
0.999608 0.000024
0.999902 0.000006
1.000000 0.000000
