alpha cl cd cm ld phi
-6.00 -0.3066 0.08744 0.0025 -3.51 nan
-5.75 -0.3510 0.08697 0.0044 -4.04 nan
-5.50 -0.3836 0.08502 0.0041 -4.51 nan
-5.25 -0.4044 0.08227 0.0022 -4.92 nan
-5.00 -0.4203 0.07894 -0.0007 -5.32 nan
-4.75 -0.4264 0.07519 -0.0039 -5.67 nan
-4.50 -0.4243 0.07124 -0.0074 -5.96 nan
-4.25 -0.4167 0.06708 -0.0115 -6.21 nan
-4.00 -0.4031 0.06316 -0.0145 -6.38 nan
-3.75 -0.3849 0.05920 -0.0185 -6.50 nan
-3.50 -0.3636 0.05575 -0.0210 -6.52 nan
-3.25 -0.3396 0.05244 -0.0241 -6.48 nan
-3.00 -0.3152 0.04963 -0.0258 -6.35 nan
-2.75 -0.2891 0.04706 -0.0273 -6.14 nan
-2.50 -0.2610 0.04479 -0.0288 -5.83 nan
-2.25 -0.2346 0.04275 -0.0291 -5.49 nan
-2.00 -0.2090 0.04087 -0.0288 -5.11 nan
-1.75 -0.1860 0.03903 -0.0273 -4.77 nan
-1.50 -0.1690 0.03707 -0.0236 -4.56 nan
-1.25 -0.1021 0.03318 -0.0324 -3.08 nan
-1.00 -0.0766 0.03361 -0.0337 -2.28 nan
-0.75 -0.0558 0.03411 -0.0339 -1.64 nan
-0.50 -0.0360 0.03466 -0.0338 -1.04 nan
-0.25 -0.0168 0.03526 -0.0338 -0.48 nan
0.00 0.0020 0.03592 -0.0337 0.06 nan
0.25 0.0205 0.03664 -0.0336 0.56 nan
0.50 0.0388 0.03741 -0.0335 1.04 nan
0.75 0.0567 0.03824 -0.0335 1.48 33.997
1.00 0.0743 0.03913 -0.0335 1.90 27.773
1.25 0.0916 0.04008 -0.0335 2.29 23.632
1.50 0.1085 0.04111 -0.0336 2.64 20.751
1.75 0.1250 0.04220 -0.0337 2.96 18.655
2.00 0.1411 0.04337 -0.0339 3.25 17.086
2.25 0.1568 0.04462 -0.0342 3.51 15.885
2.50 0.1720 0.04596 -0.0345 3.74 14.960
2.75 0.1866 0.04739 -0.0348 3.94 14.250
3.00 0.2008 0.04890 -0.0352 4.11 13.687
3.25 0.2144 0.05051 -0.0357 4.24 13.256
3.50 0.2276 0.05221 -0.0362 4.36 12.920
3.75 0.2405 0.05400 -0.0368 4.45 12.655
4.00 0.2530 0.05586 -0.0374 4.53 12.451
4.25 0.2653 0.05779 -0.0380 4.59 12.289
4.50 0.2773 0.05979 -0.0387 4.64 12.168
4.75 0.2893 0.06184 -0.0394 4.68 12.066
5.00 0.3012 0.06394 -0.0401 4.71 11.985
5.25 0.3130 0.06609 -0.0409 4.74 11.923
5.50 0.3248 0.06828 -0.0416 4.76 11.872
5.75 0.3365 0.07051 -0.0424 4.77 11.834
6.00 0.3483 0.07277 -0.0431 4.79 11.801
6.25 0.3599 0.07508 -0.0439 4.79 11.784
6.50 0.3716 0.07743 -0.0447 4.80 11.770
6.75 0.3832 0.07981 -0.0454 4.80 11.765
7.00 0.3946 0.08224 -0.0462 4.80 11.773
7.25 0.4060 0.08472 -0.0471 4.79 11.787
7.50 0.4172 0.08724 -0.0479 4.78 11.811
7.75 0.4283 0.08983 -0.0488 4.77 11.845
8.00 0.4393 0.09247 -0.0496 4.75 11.887
8.25 0.4500 0.09517 -0.0506 4.73 11.941
8.50 0.4605 0.09794 -0.0515 4.70 12.007
8.75 0.4708 0.10078 -0.0525 4.67 12.082
9.00 0.4809 0.10370 -0.0536 4.64 12.169
9.25 0.4907 0.10670 -0.0546 4.60 12.268
9.50 0.5003 0.10978 -0.0558 4.56 12.376
9.75 0.5346 0.11609 -0.0626 4.61 12.252
10.00 0.5605 0.12157 -0.0677 4.61 12.238
10.25 0.5839 0.12646 -0.0718 4.62 12.220
10.50 0.6013 0.13086 -0.0745 4.59 12.278
10.75 0.6162 0.13465 -0.0766 4.58 12.326
11.00 0.6355 0.13880 -0.0793 4.58 12.321
11.25 0.6501 0.14279 -0.0812 4.55 12.388
11.50 0.6624 0.14692 -0.0826 4.51 12.506
11.75 0.6776 0.15035 -0.0843 4.51 12.510
12.00 0.6894 0.15514 -0.0855 4.44 12.682
12.25 0.7001 0.15796 -0.0866 4.43 12.714
12.50 0.7110 0.16150 -0.0876 4.40 12.797
12.75 0.7263 0.16503 -0.0893 4.40 12.801
13.00 0.7374 0.16869 -0.0904 4.37 12.885
13.25 0.7462 0.17204 -0.0912 4.34 12.983
13.50 0.7566 0.17500 -0.0921 4.32 13.023
13.75 0.7690 0.17923 -0.0933 4.29 13.120
14.00 0.7847 0.18168 -0.0950 4.32 13.036
14.25 0.7877 0.18501 -0.0953 4.26 13.218
14.50 0.7991 0.18849 -0.0964 4.24 13.272
14.75 0.8098 0.19188 -0.0976 4.22 13.330
15.00 0.8193 0.19500 -0.0986 4.20 13.388
15.25 0.8350 0.19837 -0.1001 4.21 13.364
15.50 0.8408 0.20182 -0.1009 4.17 13.498
15.75 0.8499 0.20485 -0.1020 4.15 13.551
16.00 0.8597 0.20871 -0.1031 4.12 13.646
