alpha cl cd cm fuente
-180.0 -0.0323 0.0539 -0.0162 3
-179.5 0.0060 0.0543 0.0032 3
-179.0 0.0467 0.0558 0.0237 3
-178.5 0.2928 0.0678 0.1460 3
-178.0 0.2199 0.0693 0.1098 3
-177.5 0.1508 0.0694 0.0758 3
-177.0 0.0832 0.0682 0.0426 3
-176.5 0.0108 0.0655 0.0073 3
-176.0 0.3018 0.0925 0.1504 3
-175.5 0.3015 0.0975 0.1503 3
-175.0 0.2999 0.1025 0.1496 3
-174.5 0.2866 0.1058 0.1432 3
-174.0 0.2787 0.1101 0.1395 3
-173.5 0.2848 0.1119 0.1425 3
-173.0 0.2893 0.1130 0.1446 3
-172.5 0.2922 0.1136 0.1459 3
-172.0 0.2935 0.1135 0.1464 3
-171.5 0.2933 0.1128 0.1462 3
-171.0 0.2918 0.1117 0.1452 3
-170.5 0.2891 0.1102 0.1437 3
-170.0 0.2854 0.1083 0.1416 3
-169.5 0.2807 0.1062 0.1391 3
-169.0 0.2754 0.1039 0.1362 3
-168.5 0.2696 0.1016 0.1331 3
-168.0 0.2636 0.0993 0.1300 3
-167.5 0.2575 0.0972 0.1267 3
-167.0 0.2515 0.0954 0.1236 3
-166.5 0.2460 0.0939 0.1208 3
-166.0 0.2410 0.0929 0.1182 3
-165.5 0.2368 0.0925 0.1160 3
-165.0 0.2335 0.0928 0.1144 3
-164.5 0.2313 0.0938 0.1133 3
-164.0 0.2304 0.0956 0.1129 3
-163.5 0.2308 0.0983 0.1132 3
-163.0 0.2328 0.1019 0.1143 3
-162.5 0.2362 0.1064 0.1161 3
-162.0 0.2412 0.1120 0.1188 3
-161.5 0.2469 0.1180 0.1219 3
-161.0 0.2526 0.1243 0.1249 3
-160.5 0.2582 0.1306 0.1280 3
-160.0 0.2638 0.1371 0.1310 3
-159.5 0.2692 0.1438 0.1340 3
-159.0 0.2746 0.1506 0.1370 3
-158.5 0.2799 0.1575 0.1401 3
-158.0 0.2850 0.1645 0.1430 3
-157.5 0.2902 0.1717 0.1460 3
-157.0 0.2952 0.1790 0.1490 3
-156.5 0.3001 0.1864 0.1520 3
-156.0 0.3049 0.1940 0.1549 3
-155.5 0.3097 0.2016 0.1578 3
-155.0 0.3143 0.2094 0.1608 3
-154.5 0.3189 0.2173 0.1637 3
-154.0 0.3234 0.2253 0.1666 3
-153.5 0.3277 0.2334 0.1695 3
-153.0 0.3320 0.2416 0.1723 3
-152.5 0.3361 0.2500 0.1752 3
-152.0 0.3402 0.2584 0.1780 3
-151.5 0.3441 0.2669 0.1809 3
-151.0 0.3480 0.2756 0.1837 3
-150.5 0.3517 0.2843 0.1865 3
-150.0 0.3554 0.2931 0.1893 3
-149.5 0.3589 0.3020 0.1921 3
-149.0 0.3623 0.3110 0.1948 3
-148.5 0.3656 0.3201 0.1976 3
-148.0 0.3688 0.3292 0.2003 3
-147.5 0.3719 0.3385 0.2030 3
-147.0 0.3749 0.3478 0.2057 3
-146.5 0.3777 0.3572 0.2084 3
-146.0 0.3805 0.3666 0.2111 3
-145.5 0.3831 0.3761 0.2137 3
-145.0 0.3856 0.3857 0.2163 3
-144.5 0.3880 0.3954 0.2189 3
-144.0 0.3903 0.4051 0.2215 3
-143.5 0.3924 0.4148 0.2241 3
-143.0 0.3944 0.4246 0.2266 3
-142.5 0.3964 0.4345 0.2292 3
-142.0 0.3982 0.4444 0.2317 3
-141.5 0.3998 0.4543 0.2342 3
-141.0 0.4014 0.4643 0.2366 3
-140.5 0.4028 0.4743 0.2391 3
-140.0 0.4041 0.4844 0.2415 3
-139.5 0.4053 0.4945 0.2439 3
-139.0 0.4063 0.5046 0.2462 3
-138.5 0.4073 0.5148 0.2486 3
-138.0 0.4081 0.5249 0.2509 3
-137.5 0.4088 0.5351 0.2532 3
-137.0 0.4093 0.5453 0.2555 3
-136.5 0.4098 0.5555 0.2577 3
-136.0 0.4101 0.5657 0.2599 3
-135.5 0.4103 0.5760 0.2621 3
-135.0 0.4103 0.5862 0.2642 3
-134.5 0.4103 0.5964 0.2664 3
-134.0 0.4101 0.6067 0.2685 3
-133.5 0.4098 0.6169 0.2705 3
-133.0 0.4093 0.6271 0.2726 3
-132.5 0.4088 0.6373 0.2746 3
-132.0 0.4081 0.6475 0.2766 3
-131.5 0.4073 0.6576 0.2785 3
-131.0 0.4063 0.6678 0.2804 3
-130.5 0.4053 0.6779 0.2823 3
-130.0 0.4041 0.6880 0.2841 3
-129.5 0.4028 0.6981 0.2859 3
-129.0 0.4014 0.7081 0.2877 3
-128.5 0.3998 0.7181 0.2894 3
-128.0 0.3982 0.7280 0.2911 3
-127.5 0.3964 0.7379 0.2928 3
-127.0 0.3944 0.7478 0.2944 3
-126.5 0.3924 0.7576 0.2960 3
-126.0 0.3903 0.7673 0.2976 3
-125.5 0.3880 0.7770 0.2991 3
-125.0 0.3856 0.7867 0.3006 3
-124.5 0.3831 0.7963 0.3020 3
-124.0 0.3805 0.8058 0.3034 3
-123.5 0.3777 0.8152 0.3047 3
-123.0 0.3749 0.8246 0.3061 3
-122.5 0.3719 0.8339 0.3073 3
-122.0 0.3688 0.8432 0.3086 3
-121.5 0.3656 0.8523 0.3097 3
-121.0 0.3623 0.8614 0.3109 3
-120.5 0.3589 0.8704 0.3120 3
-120.0 0.3554 0.8793 0.3131 3
-119.5 0.3517 0.8881 0.3141 3
-119.0 0.3480 0.8968 0.3151 3
-118.5 0.3441 0.9055 0.3160 3
-118.0 0.3402 0.9140 0.3169 3
-117.5 0.3361 0.9224 0.3177 3
-117.0 0.3320 0.9308 0.3185 3
-116.5 0.3277 0.9390 0.3193 3
-116.0 0.3234 0.9471 0.3200 3
-115.5 0.3189 0.9551 0.3206 3
-115.0 0.3143 0.9630 0.3212 3
-114.5 0.3097 0.9708 0.3218 3
-114.0 0.3049 0.9784 0.3223 3
-113.5 0.3001 0.9860 0.3228 3
-113.0 0.2952 0.9934 0.3232 3
-112.5 0.2902 1.0007 0.3236 3
-112.0 0.2850 1.0079 0.3239 3
-111.5 0.2799 1.0149 0.3242 3
-111.0 0.2746 1.0218 0.3245 3
-110.5 0.2692 1.0286 0.3247 3
-110.0 0.2638 1.0353 0.3248 3
-109.5 0.2582 1.0418 0.3249 3
-109.0 0.2526 1.0481 0.3250 3
-108.5 0.2469 1.0544 0.3250 3
-108.0 0.2412 1.0604 0.3249 3
-107.5 0.2354 1.0664 0.3248 3
-107.0 0.2295 1.0722 0.3247 3
-106.5 0.2235 1.0778 0.3245 3
-106.0 0.2174 1.0833 0.3243 3
-105.5 0.2113 1.0887 0.3240 3
-105.0 0.2052 1.0939 0.3237 3
-104.5 0.1989 1.0989 0.3233 3
-104.0 0.1926 1.1038 0.3229 3
-103.5 0.1863 1.1085 0.3224 3
-103.0 0.1799 1.1131 0.3219 3
-102.5 0.1734 1.1175 0.3213 3
-102.0 0.1669 1.1217 0.3207 3
-101.5 0.1603 1.1258 0.3201 3
-101.0 0.1537 1.1297 0.3194 3
-100.5 0.1471 1.1335 0.3186 3
-100.0 0.1403 1.1370 0.3178 3
-99.5 0.1336 1.1405 0.3170 3
-99.0 0.1268 1.1437 0.3161 3
-98.5 0.1200 1.1468 0.3152 3
-98.0 0.1131 1.1497 0.3142 3
-97.5 0.1062 1.1524 0.3132 3
-97.0 0.0993 1.1550 0.3121 3
-96.5 0.0923 1.1574 0.3110 3
-96.0 0.0853 1.1596 0.3099 3
-95.5 0.0783 1.1616 0.3087 3
-95.0 0.0713 1.1635 0.3075 3
-94.5 0.0642 1.1652 0.3062 3
-94.0 0.0571 1.1667 0.3049 3
-93.5 0.0500 1.1680 0.3036 3
-93.0 0.0429 1.1692 0.3022 3
-92.5 0.0358 1.1702 0.3008 3
-92.0 0.0286 1.1710 0.2993 3
-91.5 0.0215 1.1716 0.2978 3
-91.0 0.0143 1.1720 0.2963 3
-90.5 0.0072 1.1723 0.2947 3
-90.0 0.0000 1.1724 0.2931 3
-89.5 -0.0102 1.1723 0.2914 2
-89.0 -0.0205 1.1720 0.2896 2
-88.5 -0.0307 1.1716 0.2878 2
-88.0 -0.0409 1.1710 0.2860 2
-87.5 -0.0511 1.1702 0.2842 2
-87.0 -0.0613 1.1692 0.2823 2
-86.5 -0.0714 1.1680 0.2805 2
-86.0 -0.0816 1.1667 0.2786 2
-85.5 -0.0917 1.1652 0.2767 2
-85.0 -0.1018 1.1635 0.2748 2
-84.5 -0.1119 1.1616 0.2728 2
-84.0 -0.1219 1.1596 0.2709 2
-83.5 -0.1319 1.1574 0.2689 2
-83.0 -0.1418 1.1550 0.2669 2
-82.5 -0.1517 1.1524 0.2649 2
-82.0 -0.1616 1.1497 0.2628 2
-81.5 -0.1714 1.1468 0.2608 2
-81.0 -0.1811 1.1437 0.2587 2
-80.5 -0.1908 1.1405 0.2567 2
-80.0 -0.2005 1.1370 0.2546 2
-79.5 -0.2101 1.1335 0.2525 2
-79.0 -0.2196 1.1297 0.2504 2
-78.5 -0.2290 1.1258 0.2482 2
-78.0 -0.2384 1.1217 0.2461 2
-77.5 -0.2477 1.1175 0.2439 2
-77.0 -0.2570 1.1131 0.2418 2
-76.5 -0.2661 1.1085 0.2396 2
-76.0 -0.2752 1.1038 0.2374 2
-75.5 -0.2842 1.0989 0.2352 2
-75.0 -0.2931 1.0939 0.2330 2
-74.5 -0.3019 1.0887 0.2308 2
-74.0 -0.3106 1.0833 0.2286 2
-73.5 -0.3193 1.0778 0.2263 2
-73.0 -0.3278 1.0722 0.2241 2
-72.5 -0.3362 1.0664 0.2218 2
-72.0 -0.3446 1.0604 0.2195 2
-71.5 -0.3528 1.0544 0.2173 2
-71.0 -0.3609 1.0481 0.2150 2
-70.5 -0.3689 1.0418 0.2127 2
-70.0 -0.3768 1.0353 0.2104 2
-69.5 -0.3846 1.0286 0.2081 2
-69.0 -0.3922 1.0218 0.2058 2
-68.5 -0.3998 1.0149 0.2035 2
-68.0 -0.4072 1.0079 0.2012 2
-67.5 -0.4145 1.0007 0.1989 2
-67.0 -0.4217 0.9934 0.1966 2
-66.5 -0.4287 0.9860 0.1943 2
-66.0 -0.4356 0.9784 0.1919 2
-65.5 -0.4424 0.9708 0.1896 2
-65.0 -0.4491 0.9630 0.1873 2
-64.5 -0.4556 0.9551 0.1849 2
-64.0 -0.4619 0.9471 0.1826 2
-63.5 -0.4682 0.9390 0.1803 2
-63.0 -0.4742 0.9308 0.1780 2
-62.5 -0.4802 0.9224 0.1756 2
-62.0 -0.4860 0.9140 0.1733 2
-61.5 -0.4916 0.9055 0.1710 2
-61.0 -0.4971 0.8968 0.1686 2
-60.5 -0.5025 0.8881 0.1663 2
-60.0 -0.5077 0.8793 0.1640 2
-59.5 -0.5127 0.8704 0.1617 2
-59.0 -0.5176 0.8614 0.1593 2
-58.5 -0.5223 0.8523 0.1570 2
-58.0 -0.5269 0.8432 0.1547 2
-57.5 -0.5313 0.8339 0.1524 2
-57.0 -0.5355 0.8246 0.1501 2
-56.5 -0.5396 0.8152 0.1478 2
-56.0 -0.5435 0.8058 0.1455 2
-55.5 -0.5473 0.7963 0.1432 2
-55.0 -0.5508 0.7867 0.1409 2
-54.5 -0.5543 0.7770 0.1387 2
-54.0 -0.5575 0.7673 0.1364 2
-53.5 -0.5606 0.7576 0.1341 2
-53.0 -0.5635 0.7478 0.1319 2
-52.5 -0.5662 0.7379 0.1296 2
-52.0 -0.5688 0.7280 0.1274 2
-51.5 -0.5712 0.7181 0.1252 2
-51.0 -0.5734 0.7081 0.1230 2
-50.5 -0.5754 0.6981 0.1208 2
-50.0 -0.5773 0.6880 0.1186 2
-49.5 -0.5790 0.6779 0.1164 2
-49.0 -0.5805 0.6678 0.1142 2
-48.5 -0.5818 0.6576 0.1120 2
-48.0 -0.5830 0.6475 0.1099 2
-47.5 -0.5840 0.6373 0.1077 2
-47.0 -0.5848 0.6271 0.1056 2
-46.5 -0.5854 0.6169 0.1035 2
-46.0 -0.5858 0.6067 0.1014 2
-45.5 -0.5861 0.5964 0.0993 2
-45.0 -0.5862 0.5862 0.0972 2
-44.5 -0.5861 0.5760 0.0951 2
-44.0 -0.5858 0.5657 0.0931 2
-43.5 -0.5854 0.5555 0.0911 2
-43.0 -0.5848 0.5453 0.0890 2
-42.5 -0.5840 0.5351 0.0870 2
-42.0 -0.5830 0.5249 0.0850 2
-41.5 -0.5818 0.5148 0.0831 2
-41.0 -0.5805 0.5046 0.0811 2
-40.5 -0.5790 0.4945 0.0792 2
-40.0 -0.5773 0.4844 0.0772 2
-39.5 -0.5754 0.4743 0.0753 2
-39.0 -0.5734 0.4643 0.0735 2
-38.5 -0.5712 0.4543 0.0716 2
-38.0 -0.5688 0.4444 0.0697 2
-37.5 -0.5662 0.4345 0.0679 2
-37.0 -0.5635 0.4246 0.0661 2
-36.5 -0.5606 0.4148 0.0643 2
-36.0 -0.5575 0.4051 0.0625 2
-35.5 -0.5543 0.3954 0.0607 2
-35.0 -0.5508 0.3857 0.0590 2
-34.5 -0.5473 0.3761 0.0573 2
-34.0 -0.5435 0.3666 0.0556 2
-33.5 -0.5396 0.3572 0.0539 2
-33.0 -0.5355 0.3478 0.0523 2
-32.5 -0.5313 0.3385 0.0506 2
-32.0 -0.5269 0.3292 0.0490 2
-31.5 -0.5223 0.3201 0.0474 2
-31.0 -0.5176 0.3110 0.0459 2
-30.5 -0.5127 0.3020 0.0443 2
-30.0 -0.5077 0.2931 0.0428 2
-29.5 -0.5025 0.2843 0.0413 2
-29.0 -0.4971 0.2756 0.0398 2
-28.5 -0.4916 0.2669 0.0384 2
-28.0 -0.4860 0.2584 0.0369 2
-27.5 -0.4802 0.2500 0.0355 2
-27.0 -0.4742 0.2416 0.0341 2
-26.5 -0.4682 0.2334 0.0328 2
-26.0 -0.4619 0.2253 0.0315 2
-25.5 -0.4556 0.2173 0.0301 2
-25.0 -0.4491 0.2094 0.0289 2
-24.5 -0.4424 0.2016 0.0276 2
-24.0 -0.4356 0.1940 0.0264 2
-23.5 -0.4287 0.1864 0.0252 2
-23.0 -0.4217 0.1790 0.0240 2
-22.5 -0.4145 0.1717 0.0228 2
-22.0 -0.4072 0.1645 0.0217 2
-21.5 -0.3998 0.1575 0.0206 2
-21.0 -0.3922 0.1506 0.0195 2
-20.5 -0.3846 0.1438 0.0185 2
-20.0 -0.3768 0.1371 0.0174 2
-19.5 -0.3689 0.1306 0.0164 2
-19.0 -0.3609 0.1243 0.0155 2
-18.5 -0.3528 0.1180 0.0145 2
-18.0 -0.3446 0.1120 0.0136 2
-17.5 -0.3374 0.1064 0.0128 2
-17.0 -0.3325 0.1019 0.0121 2
-16.5 -0.3298 0.0983 0.0114 2
-16.0 -0.3291 0.0956 0.0109 2
-15.5 -0.3305 0.0938 0.0104 2
-15.0 -0.3336 0.0928 0.0100 2
-14.5 -0.3382 0.0925 0.0096 2
-14.0 -0.3443 0.0929 0.0092 2
-13.5 -0.3514 0.0939 0.0088 2
-13.0 -0.3593 0.0954 0.0085 2
-12.5 -0.3678 0.0972 0.0081 2
-12.0 -0.3765 0.0993 0.0077 2
-11.5 -0.3852 0.1016 0.0073 2
-11.0 -0.3935 0.1039 0.0069 2
-10.5 -0.4010 0.1062 0.0064 2
-10.0 -0.4077 0.1083 0.0059 2
-9.5 -0.4130 0.1102 0.0053 2
-9.0 -0.4169 0.1117 0.0047 2
-8.5 -0.4191 0.1128 0.0041 2
-8.0 -0.4193 0.1135 0.0035 2
-7.5 -0.4174 0.1136 0.0028 2
-7.0 -0.4133 0.1130 0.0022 2
-6.5 -0.4069 0.1119 0.0015 2
-6.0 -0.3981 0.1101 0.0009 0
-5.5 -0.4095 0.1058 0.0055 0
-5.0 -0.4285 0.1025 0.0092 0
-4.5 -0.4307 0.0975 0.0154 0
-4.0 -0.4312 0.0925 0.0238 0
-3.5 -0.0155 0.0655 -0.0219 0
-3.0 -0.1189 0.0682 0.0020 0
-2.5 -0.2154 0.0694 0.0218 0
-2.0 -0.3141 0.0693 0.0396 0
-1.5 -0.4183 0.0678 0.0554 0
-1.0 -0.0667 0.0558 -0.0731 0
-0.5 -0.0085 0.0543 -0.0782 0
0.0 0.0462 0.0539 -0.0820 0
0.5 0.0990 0.0543 -0.0849 0
1.0 0.1503 0.0553 -0.0871 0
1.5 0.2068 0.0565 -0.0898 0
2.0 0.2340 0.0567 -0.0879 0
2.5 0.2703 0.0600 -0.0888 0
3.0 0.3034 0.0634 -0.0894 0
3.5 0.3350 0.0670 -0.0899 0
4.0 0.3656 0.0708 -0.0906 0
4.5 0.3995 0.0751 -0.0921 0
5.0 0.4568 0.0814 -0.0984 0
5.5 0.5035 0.0869 -0.1026 0
6.0 0.5412 0.0920 -0.1052 0
6.5 0.5834 0.0978 -0.1085 0
7.0 0.6126 0.1026 -0.1096 0
7.5 0.6492 0.1084 -0.1118 0
8.0 0.6816 0.1137 -0.1134 0
8.5 0.7123 0.1197 -0.1148 0
9.0 0.7334 0.1243 -0.1149 0
9.5 0.7702 0.1313 -0.1173 0
10.0 0.7855 0.1359 -0.1170 0
10.5 0.8148 0.1420 -0.1185 0
11.0 0.8345 0.1475 -0.1191 0
11.5 0.8615 0.1533 -0.1203 0
12.0 0.8849 0.1601 -0.1213 0
12.5 0.8999 0.1659 -0.1220 0
13.0 0.9184 0.1722 -0.1227 0
13.5 0.9407 0.1787 -0.1244 0
14.0 0.9668 0.1852 -0.1258 0
14.5 0.9801 0.1919 -0.1274 0
15.0 0.9935 0.1985 -0.1293 0
15.5 1.0207 0.2055 -0.1314 0
16.0 1.0320 0.2134 -0.1336 0
16.5 1.0158 0.2186 -0.1326 1
17.0 1.0009 0.2239 -0.1317 1
17.5 0.9871 0.2294 -0.1310 1
18.0 0.9744 0.2350 -0.1304 1
18.5 0.9627 0.2407 -0.1299 1
19.0 0.9518 0.2466 -0.1295 1
19.5 0.9417 0.2526 -0.1292 1
20.0 0.9324 0.2587 -0.1290 1
20.5 0.9237 0.2650 -0.1289 1
21.0 0.9156 0.2713 -0.1289 1
21.5 0.9080 0.2778 -0.1290 1
22.0 0.9010 0.2845 -0.1291 1
22.5 0.8945 0.2912 -0.1293 1
23.0 0.8883 0.2981 -0.1296 1
23.5 0.8826 0.3050 -0.1300 1
24.0 0.8772 0.3121 -0.1303 1
24.5 0.8721 0.3193 -0.1308 1
25.0 0.8673 0.3266 -0.1313 1
25.5 0.8628 0.3340 -0.1318 1
26.0 0.8585 0.3416 -0.1324 1
26.5 0.8544 0.3492 -0.1331 1
27.0 0.8505 0.3569 -0.1337 1
27.5 0.8468 0.3647 -0.1345 1
28.0 0.8433 0.3726 -0.1352 1
28.5 0.8399 0.3806 -0.1360 1
29.0 0.8367 0.3887 -0.1369 1
29.5 0.8335 0.3969 -0.1377 1
30.0 0.8304 0.4051 -0.1386 1
30.5 0.8275 0.4135 -0.1395 1
31.0 0.8246 0.4219 -0.1405 1
31.5 0.8217 0.4304 -0.1415 1
32.0 0.8189 0.4389 -0.1425 1
32.5 0.8161 0.4476 -0.1435 1
33.0 0.8134 0.4563 -0.1446 1
33.5 0.8107 0.4650 -0.1457 1
34.0 0.8080 0.4738 -0.1468 1
34.5 0.8053 0.4827 -0.1479 1
35.0 0.8026 0.4917 -0.1491 1
35.5 0.7999 0.5007 -0.1502 1
36.0 0.7971 0.5097 -0.1514 1
36.5 0.7943 0.5188 -0.1527 1
37.0 0.7915 0.5279 -0.1539 1
37.5 0.7887 0.5371 -0.1551 1
38.0 0.7858 0.5463 -0.1564 1
38.5 0.7829 0.5556 -0.1577 1
39.0 0.7799 0.5649 -0.1590 1
39.5 0.7769 0.5742 -0.1603 1
40.0 0.7737 0.5835 -0.1616 1
40.5 0.7706 0.5929 -0.1629 1
41.0 0.7673 0.6022 -0.1643 1
41.5 0.7640 0.6116 -0.1657 1
42.0 0.7606 0.6211 -0.1670 1
42.5 0.7571 0.6305 -0.1684 1
43.0 0.7535 0.6399 -0.1698 1
43.5 0.7499 0.6494 -0.1712 1
44.0 0.7461 0.6588 -0.1726 1
44.5 0.7423 0.6682 -0.1741 1
45.0 0.7384 0.6777 -0.1755 1
45.5 0.7343 0.6871 -0.1770 1
46.0 0.7302 0.6965 -0.1784 1
46.5 0.7260 0.7059 -0.1799 1
47.0 0.7216 0.7153 -0.1813 1
47.5 0.7172 0.7247 -0.1828 1
48.0 0.7126 0.7340 -0.1843 1
48.5 0.7080 0.7434 -0.1858 1
49.0 0.7032 0.7526 -0.1873 1
49.5 0.6983 0.7619 -0.1888 1
50.0 0.6934 0.7711 -0.1903 1
50.5 0.6883 0.7803 -0.1918 1
51.0 0.6831 0.7895 -0.1933 1
51.5 0.6777 0.7986 -0.1948 1
52.0 0.6723 0.8077 -0.1963 1
52.5 0.6667 0.8167 -0.1978 1
53.0 0.6611 0.8256 -0.1994 1
53.5 0.6553 0.8345 -0.2009 1
54.0 0.6494 0.8434 -0.2024 1
54.5 0.6434 0.8522 -0.2039 1
55.0 0.6373 0.8609 -0.2055 1
55.5 0.6310 0.8695 -0.2070 1
56.0 0.6247 0.8781 -0.2085 1
56.5 0.6182 0.8866 -0.2100 1
57.0 0.6116 0.8951 -0.2116 1
57.5 0.6049 0.9034 -0.2131 1
58.0 0.5981 0.9117 -0.2146 1
58.5 0.5912 0.9199 -0.2161 1
59.0 0.5842 0.9280 -0.2177 1
59.5 0.5770 0.9360 -0.2192 1
60.0 0.5698 0.9440 -0.2207 1
60.5 0.5624 0.9518 -0.2222 1
61.0 0.5550 0.9596 -0.2237 1
61.5 0.5474 0.9672 -0.2252 1
62.0 0.5397 0.9747 -0.2267 1
62.5 0.5319 0.9822 -0.2282 1
63.0 0.5240 0.9895 -0.2297 1
63.5 0.5160 0.9967 -0.2312 1
64.0 0.5079 1.0038 -0.2327 1
64.5 0.4997 1.0108 -0.2341 1
65.0 0.4915 1.0177 -0.2356 1
65.5 0.4831 1.0244 -0.2371 1
66.0 0.4746 1.0311 -0.2385 1
66.5 0.4660 1.0376 -0.2400 1
67.0 0.4574 1.0440 -0.2414 1
67.5 0.4486 1.0502 -0.2428 1
68.0 0.4398 1.0563 -0.2442 1
68.5 0.4309 1.0623 -0.2457 1
69.0 0.4218 1.0682 -0.2471 1
69.5 0.4128 1.0739 -0.2485 1
70.0 0.4036 1.0795 -0.2498 1
70.5 0.3943 1.0849 -0.2512 1
71.0 0.3850 1.0902 -0.2526 1
71.5 0.3756 1.0954 -0.2539 1
72.0 0.3662 1.1004 -0.2553 1
72.5 0.3566 1.1053 -0.2566 1
73.0 0.3470 1.1100 -0.2579 1
73.5 0.3374 1.1146 -0.2592 1
74.0 0.3276 1.1190 -0.2605 1
74.5 0.3179 1.1232 -0.2618 1
75.0 0.3080 1.1273 -0.2631 1
75.5 0.2981 1.1313 -0.2643 1
76.0 0.2882 1.1351 -0.2655 1
76.5 0.2782 1.1387 -0.2668 1
77.0 0.2681 1.1422 -0.2680 1
77.5 0.2581 1.1455 -0.2692 1
78.0 0.2479 1.1486 -0.2704 1
78.5 0.2378 1.1516 -0.2715 1
79.0 0.2276 1.1544 -0.2727 1
79.5 0.2173 1.1570 -0.2738 1
80.0 0.2071 1.1595 -0.2749 1
80.5 0.1968 1.1618 -0.2760 1
81.0 0.1865 1.1639 -0.2771 1
81.5 0.1761 1.1659 -0.2781 1
82.0 0.1658 1.1677 -0.2792 1
82.5 0.1554 1.1693 -0.2802 1
83.0 0.1450 1.1708 -0.2812 1
83.5 0.1346 1.1720 -0.2822 1
84.0 0.1242 1.1731 -0.2832 1
84.5 0.1138 1.1740 -0.2841 1
85.0 0.1034 1.1748 -0.2850 1
85.5 0.0930 1.1753 -0.2859 1
86.0 0.0826 1.1757 -0.2868 1
86.5 0.0722 1.1759 -0.2877 1
87.0 0.0619 1.1760 -0.2885 1
87.5 0.0515 1.1758 -0.2893 1
88.0 0.0412 1.1755 -0.2901 1
88.5 0.0308 1.1750 -0.2909 1
89.0 0.0205 1.1743 -0.2917 1
89.5 0.0102 1.1734 -0.2924 1
90.0 0.0000 1.1724 -0.2931 1
90.5 -0.0072 1.1734 -0.2950 3
91.0 -0.0144 1.1743 -0.2969 3
91.5 -0.0216 1.1750 -0.2987 3
92.0 -0.0288 1.1755 -0.3005 3
92.5 -0.0361 1.1758 -0.3022 3
93.0 -0.0433 1.1760 -0.3040 3
93.5 -0.0506 1.1759 -0.3056 3
94.0 -0.0578 1.1757 -0.3073 3
94.5 -0.0651 1.1753 -0.3089 3
95.0 -0.0724 1.1748 -0.3105 3
95.5 -0.0797 1.1740 -0.3120 3
96.0 -0.0870 1.1731 -0.3135 3
96.5 -0.0942 1.1720 -0.3150 3
97.0 -0.1015 1.1708 -0.3164 3
97.5 -0.1088 1.1693 -0.3178 3
98.0 -0.1161 1.1677 -0.3192 3
98.5 -0.1233 1.1659 -0.3205 3
99.0 -0.1305 1.1639 -0.3218 3
99.5 -0.1378 1.1618 -0.3230 3
100.0 -0.1450 1.1595 -0.3242 3
100.5 -0.1521 1.1570 -0.3253 3
101.0 -0.1593 1.1544 -0.3265 3
101.5 -0.1664 1.1516 -0.3275 3
102.0 -0.1736 1.1486 -0.3286 3
102.5 -0.1806 1.1455 -0.3295 3
103.0 -0.1877 1.1422 -0.3305 3
103.5 -0.1947 1.1387 -0.3314 3
104.0 -0.2017 1.1351 -0.3323 3
104.5 -0.2087 1.1313 -0.3331 3
105.0 -0.2156 1.1273 -0.3339 3
105.5 -0.2225 1.1232 -0.3346 3
106.0 -0.2294 1.1190 -0.3353 3
106.5 -0.2362 1.1146 -0.3360 3
107.0 -0.2429 1.1100 -0.3366 3
107.5 -0.2496 1.1053 -0.3372 3
108.0 -0.2563 1.1004 -0.3377 3
108.5 -0.2629 1.0954 -0.3382 3
109.0 -0.2695 1.0902 -0.3387 3
109.5 -0.2760 1.0849 -0.3391 3
110.0 -0.2825 1.0795 -0.3395 3
110.5 -0.2889 1.0739 -0.3398 3
111.0 -0.2953 1.0682 -0.3401 3
111.5 -0.3016 1.0623 -0.3404 3
112.0 -0.3078 1.0563 -0.3406 3
112.5 -0.3140 1.0502 -0.3408 3
113.0 -0.3202 1.0440 -0.3409 3
113.5 -0.3262 1.0376 -0.3410 3
114.0 -0.3322 1.0311 -0.3411 3
114.5 -0.3382 1.0244 -0.3411 3
115.0 -0.3440 1.0177 -0.3411 3
115.5 -0.3498 1.0108 -0.3410 3
116.0 -0.3556 1.0038 -0.3409 3
116.5 -0.3612 0.9967 -0.3408 3
117.0 -0.3668 0.9895 -0.3407 3
117.5 -0.3723 0.9822 -0.3405 3
118.0 -0.3778 0.9747 -0.3402 3
118.5 -0.3832 0.9672 -0.3400 3
119.0 -0.3885 0.9596 -0.3397 3
119.5 -0.3937 0.9518 -0.3393 3
120.0 -0.3988 0.9440 -0.3390 3
120.5 -0.4039 0.9360 -0.3386 3
121.0 -0.4089 0.9280 -0.3382 3
121.5 -0.4138 0.9199 -0.3377 3
122.0 -0.4187 0.9117 -0.3372 3
122.5 -0.4235 0.9034 -0.3367 3
123.0 -0.4281 0.8951 -0.3362 3
123.5 -0.4327 0.8866 -0.3356 3
124.0 -0.4373 0.8781 -0.3350 3
124.5 -0.4417 0.8695 -0.3344 3
125.0 -0.4461 0.8609 -0.3337 3
125.5 -0.4504 0.8522 -0.3330 3
126.0 -0.4546 0.8434 -0.3323 3
126.5 -0.4587 0.8345 -0.3316 3
127.0 -0.4628 0.8256 -0.3309 3
127.5 -0.4667 0.8167 -0.3301 3
128.0 -0.4706 0.8077 -0.3293 3
128.5 -0.4744 0.7986 -0.3285 3
129.0 -0.4781 0.7895 -0.3277 3
129.5 -0.4818 0.7803 -0.3268 3
130.0 -0.4853 0.7711 -0.3260 3
130.5 -0.4888 0.7619 -0.3251 3
131.0 -0.4923 0.7526 -0.3242 3
131.5 -0.4956 0.7434 -0.3233 3
132.0 -0.4988 0.7340 -0.3224 3
132.5 -0.5020 0.7247 -0.3215 3
133.0 -0.5051 0.7153 -0.3205 3
133.5 -0.5082 0.7059 -0.3196 3
134.0 -0.5111 0.6965 -0.3187 3
134.5 -0.5140 0.6871 -0.3177 3
135.0 -0.5169 0.6777 -0.3167 3
135.5 -0.5196 0.6682 -0.3158 3
136.0 -0.5223 0.6588 -0.3148 3
136.5 -0.5249 0.6494 -0.3139 3
137.0 -0.5275 0.6399 -0.3129 3
137.5 -0.5300 0.6305 -0.3119 3
138.0 -0.5324 0.6211 -0.3110 3
138.5 -0.5348 0.6116 -0.3100 3
139.0 -0.5371 0.6022 -0.3091 3
139.5 -0.5394 0.5929 -0.3081 3
140.0 -0.5416 0.5835 -0.3072 3
140.5 -0.5438 0.5742 -0.3063 3
141.0 -0.5459 0.5649 -0.3054 3
141.5 -0.5480 0.5556 -0.3045 3
142.0 -0.5501 0.5463 -0.3036 3
142.5 -0.5521 0.5371 -0.3028 3
143.0 -0.5541 0.5279 -0.3020 3
143.5 -0.5560 0.5188 -0.3012 3
144.0 -0.5580 0.5097 -0.3004 3
144.5 -0.5599 0.5007 -0.2997 3
145.0 -0.5618 0.4917 -0.2989 3
145.5 -0.5637 0.4827 -0.2983 3
146.0 -0.5656 0.4738 -0.2976 3
146.5 -0.5675 0.4650 -0.2970 3
147.0 -0.5694 0.4563 -0.2965 3
147.5 -0.5713 0.4476 -0.2959 3
148.0 -0.5732 0.4389 -0.2955 3
148.5 -0.5752 0.4304 -0.2951 3
149.0 -0.5772 0.4219 -0.2947 3
149.5 -0.5792 0.4135 -0.2944 3
150.0 -0.5813 0.4051 -0.2942 3
150.5 -0.5834 0.3969 -0.2940 3
151.0 -0.5857 0.3887 -0.2939 3
151.5 -0.5879 0.3806 -0.2939 3
152.0 -0.5903 0.3726 -0.2939 3
152.5 -0.5928 0.3647 -0.2941 3
153.0 -0.5954 0.3569 -0.2943 3
153.5 -0.5981 0.3492 -0.2947 3
154.0 -0.6009 0.3416 -0.2951 3
154.5 -0.6039 0.3340 -0.2957 3
155.0 -0.6071 0.3266 -0.2963 3
155.5 -0.6105 0.3193 -0.2971 3
156.0 -0.6140 0.3121 -0.2981 3
156.5 -0.6178 0.3050 -0.2992 3
157.0 -0.6218 0.2981 -0.3004 3
157.5 -0.6261 0.2912 -0.3018 3
158.0 -0.6307 0.2845 -0.3034 3
158.5 -0.6356 0.2778 -0.3052 3
159.0 -0.6409 0.2713 -0.3072 3
159.5 -0.6466 0.2650 -0.3094 3
160.0 -0.6527 0.2587 -0.3119 3
160.5 -0.6592 0.2526 -0.3146 3
161.0 -0.6663 0.2466 -0.3176 3
161.5 -0.6739 0.2407 -0.3209 3
162.0 -0.6821 0.2350 -0.3246 3
162.5 -0.6910 0.2294 -0.3286 3
163.0 -0.7006 0.2239 -0.3330 3
163.5 -0.7111 0.2186 -0.3378 3
164.0 -0.7224 0.2134 -0.3431 3
164.5 -0.7145 0.2055 -0.3397 3
165.0 -0.6955 0.1985 -0.3314 3
165.5 -0.6861 0.1919 -0.3274 3
166.0 -0.6768 0.1852 -0.3235 3
166.5 -0.6585 0.1787 -0.3154 3
167.0 -0.6429 0.1722 -0.3085 3
167.5 -0.6299 0.1659 -0.3029 3
168.0 -0.6194 0.1601 -0.2983 3
168.5 -0.6030 0.1533 -0.2909 3
169.0 -0.5841 0.1475 -0.2824 3
169.5 -0.5704 0.1420 -0.2762 3
170.0 -0.5498 0.1359 -0.2669 3
170.5 -0.5391 0.1313 -0.2621 3
171.0 -0.5134 0.1243 -0.2501 3
171.5 -0.4986 0.1197 -0.2434 3
172.0 -0.4771 0.1137 -0.2333 3
172.5 -0.4544 0.1084 -0.2227 3
173.0 -0.4288 0.1026 -0.2105 3
173.5 -0.4084 0.0978 -0.2009 3
174.0 -0.3788 0.0920 -0.1867 3
174.5 -0.3524 0.0869 -0.1741 3
175.0 -0.3198 0.0814 -0.1583 3
175.5 -0.2797 0.0751 -0.1388 3
176.0 -0.2559 0.0708 -0.1272 3
176.5 -0.2345 0.0670 -0.1168 3
177.0 -0.2124 0.0634 -0.1059 3
177.5 -0.1892 0.0600 -0.0945 3
178.0 -0.1638 0.0567 -0.0819 3
178.5 -0.1448 0.0565 -0.0725 3
179.0 -0.1052 0.0553 -0.0528 3
179.5 -0.0693 0.0543 -0.0348 3
180.0 -0.0323 0.0539 -0.0162 3
