alpha cl cd cm ld phi
-6.00 -0.3677 0.10590 -0.0214 -3.47 nan
-5.75 -0.3628 0.10300 -0.0214 -3.52 nan
-5.50 -0.3570 0.10055 -0.0217 -3.55 nan
-5.25 -0.3479 0.09805 -0.0236 -3.55 nan
-5.00 -0.3343 0.09621 -0.0275 -3.47 nan
-4.75 -0.3275 0.09305 -0.0272 -3.52 nan
-4.50 -0.3169 0.09014 -0.0281 -3.52 nan
-4.25 -0.2902 0.08843 -0.0358 -3.28 nan
-4.00 -0.2855 0.08458 -0.0335 -3.38 nan
-3.75 -0.2571 0.08239 -0.0401 -3.12 nan
-3.50 -0.2432 0.07903 -0.0415 -3.08 nan
-3.25 -0.2183 0.07619 -0.0453 -2.87 nan
-3.00 -0.1861 0.07353 -0.0517 -2.53 nan
-2.75 -0.1640 0.07052 -0.0547 -2.33 nan
-2.50 -0.1415 0.06746 -0.0568 -2.10 nan
-2.25 -0.1063 0.06492 -0.0629 -1.64 nan
-2.00 -0.0837 0.06197 -0.0651 -1.35 nan
-1.75 -0.0548 0.05936 -0.0686 -0.92 nan
-1.50 -0.0222 0.05658 -0.0721 -0.39 nan
-1.25 0.0009 0.05439 -0.0737 0.02 nan
nan nan nan nan nan nan
-0.50 0.2109 0.04636 -0.1090 4.55 12.398
-0.25 0.2536 0.04426 -0.1137 5.73 9.900
0.00 0.2965 0.04254 -0.1180 6.97 8.165
0.25 0.3351 0.04113 -0.1213 8.15 6.997
0.50 0.3783 0.03998 -0.1253 9.46 6.033
0.75 0.4234 0.03903 -0.1292 10.85 5.267
1.00 0.4641 0.03833 -0.1321 12.11 4.721
1.25 0.5031 0.03794 -0.1344 13.26 4.313
1.50 0.5375 0.03770 -0.1362 14.26 4.012
1.75 0.5728 0.03754 -0.1378 15.26 3.750
2.00 0.6059 0.03757 -0.1393 16.13 3.548
2.25 0.6397 0.03763 -0.1409 17.00 3.367
2.50 0.6755 0.03756 -0.1431 17.98 3.183
2.75 0.7042 0.03703 -0.1440 19.02 3.010
3.00 0.7311 0.03788 -0.1444 19.30 2.966
3.25 0.7599 0.03877 -0.1453 19.60 2.921
3.50 0.7885 0.03966 -0.1461 19.88 2.879
3.75 0.9416 0.03141 -0.1479 29.98 1.911
4.00 0.9560 0.03304 -0.1456 28.93 1.979
4.25 0.9698 0.03469 -0.1432 27.96 2.049
4.50 0.9840 0.03625 -0.1408 27.14 2.110
4.75 0.9972 0.03800 -0.1384 26.24 2.182
5.00 1.0136 0.03981 -0.1363 25.46 2.249
5.25 1.0371 0.04147 -0.1348 25.01 2.290
5.50 1.0823 0.04347 -0.1362 24.90 2.300
5.75 1.1750 0.04667 -0.1446 25.18 2.275
6.00 1.2265 0.04993 -0.1469 24.56 2.331
6.25 1.2618 0.05315 -0.1472 23.74 2.412
6.50 1.2899 0.05656 -0.1463 22.81 2.511
6.75 1.3126 0.06052 -0.1449 21.69 2.640
7.00 1.3304 0.06414 -0.1431 20.74 2.760
7.25 1.3452 0.06710 -0.1406 20.05 2.856
7.50 1.3582 0.07103 -0.1382 19.12 2.994
7.75 1.3639 0.07462 -0.1344 18.28 3.132
8.00 1.3683 0.07847 -0.1312 17.44 3.282
8.25 1.3715 0.08279 -0.1283 16.57 3.454
8.50 1.3767 0.08772 -0.1262 15.69 3.646
8.75 1.3712 0.09123 -0.1224 15.03 3.806
9.00 1.3608 0.09546 -0.1190 14.26 4.013
9.25 1.3554 0.10020 -0.1167 13.53 4.228
9.50 1.3420 0.10439 -0.1138 12.86 4.448
9.75 1.3209 0.10818 -0.1110 12.21 4.682
10.00 1.3141 0.11275 -0.1098 11.65 4.904
10.25 1.2897 0.11791 -0.1091 10.94 5.224
10.50 1.2818 0.12420 -0.1094 10.32 5.534
10.75 1.2563 0.12962 -0.1113 9.69 5.891
11.00 1.2333 0.13618 -0.1158 9.06 6.301
11.25 1.2200 0.14380 -0.1218 8.48 6.722
11.50 1.2127 0.15394 -0.1300 7.88 7.234
11.75 1.0430 0.15870 -0.1191 6.57 8.652
12.00 1.0349 0.16511 -0.1230 6.27 9.065
nan nan nan nan nan nan
12.50 1.0102 0.18540 -0.1409 5.45 10.400
12.75 1.0063 0.18861 -0.1406 5.34 10.616
13.00 1.0114 0.19286 -0.1409 5.24 10.796
13.25 1.0053 0.19590 -0.1437 5.13 11.027
13.50 1.0094 0.19921 -0.1420 5.07 11.164
13.75 1.0057 0.20280 -0.1454 4.96 11.401
14.00 1.0174 0.20828 -0.1454 4.88 11.570
14.25 1.0107 0.21032 -0.1469 4.81 11.755
14.50 1.0101 0.21398 -0.1481 4.72 11.961
14.75 1.0163 0.21813 -0.1485 4.66 12.114
15.00 1.0113 0.22109 -0.1503 4.57 12.332
15.25 1.0173 0.22524 -0.1508 4.52 12.484
15.50 1.0160 0.22889 -0.1523 4.44 12.696
15.75 1.0146 0.23181 -0.1538 4.38 12.870
16.00 1.0238 0.23740 -0.1541 4.31 13.055
