alpha cl cd cm fuente
-180.0 -0.1569 0.0209 -0.0785 3
-179.5 -0.1161 0.0236 -0.0578 3
-179.0 0.0197 0.0285 0.0100 3
-178.5 0.0268 0.0289 0.0137 3
-178.0 0.0339 0.0291 0.0172 3
-177.5 0.0409 0.0294 0.0208 3
-177.0 0.0479 0.0295 0.0243 3
-176.5 0.0548 0.0296 0.0277 3
-176.0 0.0617 0.0298 0.0311 3
-175.5 0.0685 0.0299 0.0344 3
-175.0 0.0753 0.0301 0.0377 3
-174.5 0.0820 0.0303 0.0410 3
-174.0 0.0887 0.0306 0.0442 3
-173.5 0.0953 0.0310 0.0473 3
-173.0 0.1019 0.0315 0.0505 3
-172.5 0.1085 0.0322 0.0536 3
-172.0 0.1151 0.0332 0.0567 3
-171.5 0.1216 0.0343 0.0597 3
-171.0 0.1281 0.0357 0.0628 3
-170.5 0.1346 0.0375 0.0658 3
-170.0 0.1411 0.0395 0.0689 3
-169.5 0.1476 0.0418 0.0719 3
-169.0 0.1541 0.0446 0.0750 3
-168.5 0.1605 0.0477 0.0781 3
-168.0 0.1670 0.0512 0.0812 3
-167.5 0.1734 0.0550 0.0843 3
-167.0 0.1799 0.0593 0.0875 3
-166.5 0.1863 0.0639 0.0907 3
-166.0 0.1926 0.0686 0.0938 3
-165.5 0.1989 0.0735 0.0970 3
-165.0 0.2052 0.0785 0.1001 3
-164.5 0.2113 0.0837 0.1033 3
-164.0 0.2174 0.0891 0.1064 3
-163.5 0.2235 0.0946 0.1095 3
-163.0 0.2295 0.1002 0.1126 3
-162.5 0.2354 0.1060 0.1157 3
-162.0 0.2412 0.1120 0.1188 3
-161.5 0.2469 0.1180 0.1219 3
-161.0 0.2526 0.1243 0.1249 3
-160.5 0.2582 0.1306 0.1280 3
-160.0 0.2638 0.1371 0.1310 3
-159.5 0.2692 0.1438 0.1340 3
-159.0 0.2746 0.1506 0.1370 3
-158.5 0.2799 0.1575 0.1401 3
-158.0 0.2850 0.1645 0.1430 3
-157.5 0.2902 0.1717 0.1460 3
-157.0 0.2952 0.1790 0.1490 3
-156.5 0.3001 0.1864 0.1520 3
-156.0 0.3049 0.1940 0.1549 3
-155.5 0.3097 0.2016 0.1578 3
-155.0 0.3143 0.2094 0.1608 3
-154.5 0.3189 0.2173 0.1637 3
-154.0 0.3234 0.2253 0.1666 3
-153.5 0.3277 0.2334 0.1695 3
-153.0 0.3320 0.2416 0.1723 3
-152.5 0.3361 0.2500 0.1752 3
-152.0 0.3402 0.2584 0.1780 3
-151.5 0.3441 0.2669 0.1809 3
-151.0 0.3480 0.2756 0.1837 3
-150.5 0.3517 0.2843 0.1865 3
-150.0 0.3554 0.2931 0.1893 3
-149.5 0.3589 0.3020 0.1921 3
-149.0 0.3623 0.3110 0.1948 3
-148.5 0.3656 0.3201 0.1976 3
-148.0 0.3688 0.3292 0.2003 3
-147.5 0.3719 0.3385 0.2030 3
-147.0 0.3749 0.3478 0.2057 3
-146.5 0.3777 0.3572 0.2084 3
-146.0 0.3805 0.3666 0.2111 3
-145.5 0.3831 0.3761 0.2137 3
-145.0 0.3856 0.3857 0.2163 3
-144.5 0.3880 0.3954 0.2189 3
-144.0 0.3903 0.4051 0.2215 3
-143.5 0.3924 0.4148 0.2241 3
-143.0 0.3944 0.4246 0.2266 3
-142.5 0.3964 0.4345 0.2292 3
-142.0 0.3982 0.4444 0.2317 3
-141.5 0.3998 0.4543 0.2342 3
-141.0 0.4014 0.4643 0.2366 3
-140.5 0.4028 0.4743 0.2391 3
-140.0 0.4041 0.4844 0.2415 3
-139.5 0.4053 0.4945 0.2439 3
-139.0 0.4063 0.5046 0.2462 3
-138.5 0.4073 0.5148 0.2486 3
-138.0 0.4081 0.5249 0.2509 3
-137.5 0.4088 0.5351 0.2532 3
-137.0 0.4093 0.5453 0.2555 3
-136.5 0.4098 0.5555 0.2577 3
-136.0 0.4101 0.5657 0.2599 3
-135.5 0.4103 0.5760 0.2621 3
-135.0 0.4103 0.5862 0.2642 3
-134.5 0.4103 0.5964 0.2664 3
-134.0 0.4101 0.6067 0.2685 3
-133.5 0.4098 0.6169 0.2705 3
-133.0 0.4093 0.6271 0.2726 3
-132.5 0.4088 0.6373 0.2746 3
-132.0 0.4081 0.6475 0.2766 3
-131.5 0.4073 0.6576 0.2785 3
-131.0 0.4063 0.6678 0.2804 3
-130.5 0.4053 0.6779 0.2823 3
-130.0 0.4041 0.6880 0.2841 3
-129.5 0.4028 0.6981 0.2859 3
-129.0 0.4014 0.7081 0.2877 3
-128.5 0.3998 0.7181 0.2894 3
-128.0 0.3982 0.7280 0.2911 3
-127.5 0.3964 0.7379 0.2928 3
-127.0 0.3944 0.7478 0.2944 3
-126.5 0.3924 0.7576 0.2960 3
-126.0 0.3903 0.7673 0.2976 3
-125.5 0.3880 0.7770 0.2991 3
-125.0 0.3856 0.7867 0.3006 3
-124.5 0.3831 0.7963 0.3020 3
-124.0 0.3805 0.8058 0.3034 3
-123.5 0.3777 0.8152 0.3047 3
-123.0 0.3749 0.8246 0.3061 3
-122.5 0.3719 0.8339 0.3073 3
-122.0 0.3688 0.8432 0.3086 3
-121.5 0.3656 0.8523 0.3097 3
-121.0 0.3623 0.8614 0.3109 3
-120.5 0.3589 0.8704 0.3120 3
-120.0 0.3554 0.8793 0.3131 3
-119.5 0.3517 0.8881 0.3141 3
-119.0 0.3480 0.8968 0.3151 3
-118.5 0.3441 0.9055 0.3160 3
-118.0 0.3402 0.9140 0.3169 3
-117.5 0.3361 0.9224 0.3177 3
-117.0 0.3320 0.9308 0.3185 3
-116.5 0.3277 0.9390 0.3193 3
-116.0 0.3234 0.9471 0.3200 3
-115.5 0.3189 0.9551 0.3206 3
-115.0 0.3143 0.9630 0.3212 3
-114.5 0.3097 0.9708 0.3218 3
-114.0 0.3049 0.9784 0.3223 3
-113.5 0.3001 0.9860 0.3228 3
-113.0 0.2952 0.9934 0.3232 3
-112.5 0.2902 1.0007 0.3236 3
-112.0 0.2850 1.0079 0.3239 3
-111.5 0.2799 1.0149 0.3242 3
-111.0 0.2746 1.0218 0.3245 3
-110.5 0.2692 1.0286 0.3247 3
-110.0 0.2638 1.0353 0.3248 3
-109.5 0.2582 1.0418 0.3249 3
-109.0 0.2526 1.0481 0.3250 3
-108.5 0.2469 1.0544 0.3250 3
-108.0 0.2412 1.0604 0.3249 3
-107.5 0.2354 1.0664 0.3248 3
-107.0 0.2295 1.0722 0.3247 3
-106.5 0.2235 1.0778 0.3245 3
-106.0 0.2174 1.0833 0.3243 3
-105.5 0.2113 1.0887 0.3240 3
-105.0 0.2052 1.0939 0.3237 3
-104.5 0.1989 1.0989 0.3233 3
-104.0 0.1926 1.1038 0.3229 3
-103.5 0.1863 1.1085 0.3224 3
-103.0 0.1799 1.1131 0.3219 3
-102.5 0.1734 1.1175 0.3213 3
-102.0 0.1669 1.1217 0.3207 3
-101.5 0.1603 1.1258 0.3201 3
-101.0 0.1537 1.1297 0.3194 3
-100.5 0.1471 1.1335 0.3186 3
-100.0 0.1403 1.1370 0.3178 3
-99.5 0.1336 1.1405 0.3170 3
-99.0 0.1268 1.1437 0.3161 3
-98.5 0.1200 1.1468 0.3152 3
-98.0 0.1131 1.1497 0.3142 3
-97.5 0.1062 1.1524 0.3132 3
-97.0 0.0993 1.1550 0.3121 3
-96.5 0.0923 1.1574 0.3110 3
-96.0 0.0853 1.1596 0.3099 3
-95.5 0.0783 1.1616 0.3087 3
-95.0 0.0713 1.1635 0.3075 3
-94.5 0.0642 1.1652 0.3062 3
-94.0 0.0571 1.1667 0.3049 3
-93.5 0.0500 1.1680 0.3036 3
-93.0 0.0429 1.1692 0.3022 3
-92.5 0.0358 1.1702 0.3008 3
-92.0 0.0286 1.1710 0.2993 3
-91.5 0.0215 1.1716 0.2978 3
-91.0 0.0143 1.1720 0.2963 3
-90.5 0.0072 1.1723 0.2947 3
-90.0 0.0000 1.1724 0.2931 3
-89.5 -0.0102 1.1723 0.2914 2
-89.0 -0.0205 1.1720 0.2898 2
-88.5 -0.0307 1.1716 0.2881 2
-88.0 -0.0409 1.1710 0.2863 2
-87.5 -0.0511 1.1702 0.2846 2
-87.0 -0.0613 1.1692 0.2828 2
-86.5 -0.0714 1.1680 0.2810 2
-86.0 -0.0816 1.1667 0.2792 2
-85.5 -0.0917 1.1652 0.2774 2
-85.0 -0.1018 1.1635 0.2756 2
-84.5 -0.1119 1.1616 0.2737 2
-84.0 -0.1219 1.1596 0.2718 2
-83.5 -0.1319 1.1574 0.2699 2
-83.0 -0.1418 1.1550 0.2680 2
-82.5 -0.1517 1.1524 0.2661 2
-82.0 -0.1616 1.1497 0.2642 2
-81.5 -0.1714 1.1468 0.2622 2
-81.0 -0.1811 1.1437 0.2602 2
-80.5 -0.1908 1.1405 0.2582 2
-80.0 -0.2005 1.1370 0.2562 2
-79.5 -0.2101 1.1335 0.2542 2
-79.0 -0.2196 1.1297 0.2522 2
-78.5 -0.2290 1.1258 0.2501 2
-78.0 -0.2384 1.1217 0.2480 2
-77.5 -0.2477 1.1175 0.2460 2
-77.0 -0.2570 1.1131 0.2439 2
-76.5 -0.2661 1.1085 0.2418 2
-76.0 -0.2752 1.1038 0.2397 2
-75.5 -0.2842 1.0989 0.2375 2
-75.0 -0.2931 1.0939 0.2354 2
-74.5 -0.3019 1.0887 0.2333 2
-74.0 -0.3106 1.0833 0.2311 2
-73.5 -0.3193 1.0778 0.2289 2
-73.0 -0.3278 1.0722 0.2268 2
-72.5 -0.3362 1.0664 0.2246 2
-72.0 -0.3446 1.0604 0.2224 2
-71.5 -0.3528 1.0544 0.2202 2
-71.0 -0.3609 1.0481 0.2180 2
-70.5 -0.3689 1.0418 0.2158 2
-70.0 -0.3768 1.0353 0.2135 2
-69.5 -0.3846 1.0286 0.2113 2
-69.0 -0.3922 1.0218 0.2091 2
-68.5 -0.3998 1.0149 0.2068 2
-68.0 -0.4072 1.0079 0.2046 2
-67.5 -0.4145 1.0007 0.2023 2
-67.0 -0.4217 0.9934 0.2001 2
-66.5 -0.4287 0.9860 0.1978 2
-66.0 -0.4356 0.9784 0.1956 2
-65.5 -0.4424 0.9708 0.1933 2
-65.0 -0.4491 0.9630 0.1910 2
-64.5 -0.4556 0.9551 0.1888 2
-64.0 -0.4619 0.9471 0.1865 2
-63.5 -0.4682 0.9390 0.1842 2
-63.0 -0.4742 0.9308 0.1819 2
-62.5 -0.4802 0.9224 0.1797 2
-62.0 -0.4860 0.9140 0.1774 2
-61.5 -0.4916 0.9055 0.1751 2
-61.0 -0.4971 0.8968 0.1728 2
-60.5 -0.5025 0.8881 0.1705 2
-60.0 -0.5077 0.8793 0.1683 2
-59.5 -0.5127 0.8704 0.1660 2
-59.0 -0.5176 0.8614 0.1637 2
-58.5 -0.5223 0.8523 0.1615 2
-58.0 -0.5269 0.8432 0.1592 2
-57.5 -0.5313 0.8339 0.1569 2
-57.0 -0.5355 0.8246 0.1547 2
-56.5 -0.5396 0.8152 0.1524 2
-56.0 -0.5435 0.8058 0.1502 2
-55.5 -0.5473 0.7963 0.1479 2
-55.0 -0.5508 0.7867 0.1457 2
-54.5 -0.5543 0.7770 0.1434 2
-54.0 -0.5575 0.7673 0.1412 2
-53.5 -0.5606 0.7576 0.1390 2
-53.0 -0.5635 0.7478 0.1368 2
-52.5 -0.5662 0.7379 0.1346 2
-52.0 -0.5688 0.7280 0.1324 2
-51.5 -0.5712 0.7181 0.1302 2
-51.0 -0.5734 0.7081 0.1280 2
-50.5 -0.5754 0.6981 0.1258 2
-50.0 -0.5773 0.6880 0.1236 2
-49.5 -0.5790 0.6779 0.1215 2
-49.0 -0.5805 0.6678 0.1193 2
-48.5 -0.5818 0.6576 0.1172 2
-48.0 -0.5830 0.6475 0.1150 2
-47.5 -0.5840 0.6373 0.1129 2
-47.0 -0.5848 0.6271 0.1108 2
-46.5 -0.5854 0.6169 0.1087 2
-46.0 -0.5858 0.6067 0.1066 2
-45.5 -0.5861 0.5964 0.1045 2
-45.0 -0.5862 0.5862 0.1025 2
-44.5 -0.5861 0.5760 0.1004 2
-44.0 -0.5858 0.5657 0.0984 2
-43.5 -0.5854 0.5555 0.0963 2
-43.0 -0.5848 0.5453 0.0943 2
-42.5 -0.5840 0.5351 0.0923 2
-42.0 -0.5830 0.5249 0.0903 2
-41.5 -0.5818 0.5148 0.0884 2
-41.0 -0.5805 0.5046 0.0864 2
-40.5 -0.5790 0.4945 0.0845 2
-40.0 -0.5773 0.4844 0.0826 2
-39.5 -0.5754 0.4743 0.0806 2
-39.0 -0.5734 0.4643 0.0788 2
-38.5 -0.5712 0.4543 0.0769 2
-38.0 -0.5688 0.4444 0.0750 2
-37.5 -0.5662 0.4345 0.0732 2
-37.0 -0.5635 0.4246 0.0713 2
-36.5 -0.5606 0.4148 0.0695 2
-36.0 -0.5575 0.4051 0.0678 2
-35.5 -0.5543 0.3954 0.0660 2
-35.0 -0.5508 0.3857 0.0642 2
-34.5 -0.5473 0.3761 0.0625 2
-34.0 -0.5435 0.3666 0.0608 2
-33.5 -0.5396 0.3572 0.0591 2
-33.0 -0.5355 0.3478 0.0574 2
-32.5 -0.5313 0.3385 0.0557 2
-32.0 -0.5269 0.3292 0.0541 2
-31.5 -0.5223 0.3201 0.0525 2
-31.0 -0.5176 0.3110 0.0509 2
-30.5 -0.5127 0.3020 0.0493 2
-30.0 -0.5077 0.2931 0.0478 2
-29.5 -0.5025 0.2843 0.0462 2
-29.0 -0.4971 0.2756 0.0447 2
-28.5 -0.4916 0.2669 0.0432 2
-28.0 -0.4860 0.2584 0.0417 2
-27.5 -0.4802 0.2500 0.0403 2
-27.0 -0.4742 0.2416 0.0389 2
-26.5 -0.4682 0.2334 0.0375 2
-26.0 -0.4619 0.2253 0.0361 2
-25.5 -0.4556 0.2173 0.0347 2
-25.0 -0.4491 0.2094 0.0334 2
-24.5 -0.4424 0.2016 0.0321 2
-24.0 -0.4356 0.1940 0.0308 2
-23.5 -0.4287 0.1864 0.0295 2
-23.0 -0.4217 0.1790 0.0283 2
-22.5 -0.4145 0.1717 0.0271 2
-22.0 -0.4072 0.1645 0.0259 2
-21.5 -0.3998 0.1575 0.0247 2
-21.0 -0.3922 0.1506 0.0236 2
-20.5 -0.3846 0.1438 0.0225 2
-20.0 -0.3768 0.1371 0.0214 2
-19.5 -0.3689 0.1306 0.0203 2
-19.0 -0.3609 0.1243 0.0193 2
-18.5 -0.3528 0.1180 0.0183 2
-18.0 -0.3446 0.1120 0.0173 2
-17.5 -0.3362 0.1060 0.0163 2
-17.0 -0.3278 0.1002 0.0154 2
-16.5 -0.3193 0.0946 0.0145 2
-16.0 -0.3106 0.0891 0.0136 2
-15.5 -0.3019 0.0837 0.0128 2
-15.0 -0.2931 0.0785 0.0119 2
-14.5 -0.2842 0.0735 0.0111 2
-14.0 -0.2752 0.0686 0.0104 2
-13.5 -0.2661 0.0639 0.0096 2
-13.0 -0.2570 0.0593 0.0089 2
-12.5 -0.2478 0.0550 0.0082 2
-12.0 -0.2386 0.0512 0.0075 2
-11.5 -0.2293 0.0477 0.0069 2
-11.0 -0.2201 0.0446 0.0063 2
-10.5 -0.2109 0.0418 0.0057 2
-10.0 -0.2016 0.0395 0.0052 2
-9.5 -0.1923 0.0375 0.0047 2
-9.0 -0.1831 0.0357 0.0042 2
-8.5 -0.1737 0.0343 0.0037 2
-8.0 -0.1644 0.0332 0.0033 2
-7.5 -0.1550 0.0322 0.0029 2
-7.0 -0.1456 0.0315 0.0025 2
-6.5 -0.1362 0.0310 0.0021 2
-6.0 -0.1267 0.0306 0.0018 2
-5.5 -0.1171 0.0303 0.0015 2
-5.0 -0.1075 0.0301 0.0012 2
-4.5 -0.0978 0.0299 0.0010 2
-4.0 -0.0881 0.0298 0.0008 2
-3.5 -0.0783 0.0296 0.0006 2
-3.0 -0.0684 0.0295 0.0004 2
-2.5 -0.0584 0.0294 0.0003 2
-2.0 -0.0484 0.0291 0.0001 2
-1.5 -0.0383 0.0289 0.0001 2
-1.0 -0.0281 0.0285 -0.0453 0
-0.5 0.1658 0.0236 -0.0750 0
0.0 0.2242 0.0209 -0.0744 0
0.5 0.2761 0.0194 -0.0731 0
1.0 0.3313 0.0183 -0.0725 0
1.5 0.3952 0.0159 -0.0738 0
2.0 0.4385 0.0166 -0.0719 0
2.5 0.6596 0.0205 -0.0964 0
3.0 0.7171 0.0235 -0.0950 0
3.5 0.7801 0.0278 -0.0943 0
4.0 0.8429 0.0318 -0.0917 0
4.5 0.9216 0.0368 -0.0882 0
5.0 0.8825 0.0526 -0.1177 0
5.5 0.9035 0.0612 -0.1120 0
6.0 1.0015 0.0623 -0.0925 0
6.5 1.0554 0.0660 -0.0789 0
7.0 1.0605 0.0736 -0.0750 0
7.5 1.0472 0.0817 -0.0701 0
8.0 1.0572 0.0903 -0.0695 0
8.5 1.0412 0.0987 -0.0705 0
9.0 1.0379 0.1080 -0.0692 0
9.5 1.0036 0.1178 -0.0767 0
10.0 1.0129 0.1277 -0.0757 0
10.5 0.9887 0.1372 -0.0865 0
11.0 1.0116 0.1479 -0.0830 0
11.5 0.9926 0.1557 -0.0935 0
12.0 0.9910 0.1636 -0.0995 0
12.5 1.0205 0.1761 -0.0956 0
13.0 1.0115 0.1818 -0.1049 0
13.5 1.0137 0.1883 -0.1113 0
14.0 1.0257 0.1961 -0.1145 0
14.5 1.0544 0.2106 -0.1123 0
15.0 1.0536 0.2141 -0.1204 0
15.5 1.0590 0.2185 -0.1269 0
16.0 1.0714 0.2252 -0.1313 0
16.5 1.0538 0.2304 -0.1303 1
17.0 1.0376 0.2356 -0.1295 1
17.5 1.0227 0.2411 -0.1287 1
18.0 1.0088 0.2466 -0.1282 1
18.5 0.9960 0.2523 -0.1277 1
19.0 0.9841 0.2582 -0.1273 1
19.5 0.9730 0.2641 -0.1271 1
20.0 0.9627 0.2702 -0.1269 1
20.5 0.9531 0.2764 -0.1268 1
21.0 0.9442 0.2828 -0.1268 1
21.5 0.9358 0.2892 -0.1269 1
22.0 0.9280 0.2958 -0.1270 1
22.5 0.9207 0.3025 -0.1272 1
23.0 0.9138 0.3093 -0.1275 1
23.5 0.9073 0.3163 -0.1278 1
24.0 0.9013 0.3233 -0.1282 1
24.5 0.8955 0.3305 -0.1287 1
25.0 0.8901 0.3377 -0.1291 1
25.5 0.8850 0.3451 -0.1297 1
26.0 0.8801 0.3526 -0.1303 1
26.5 0.8755 0.3601 -0.1309 1
27.0 0.8711 0.3678 -0.1316 1
27.5 0.8669 0.3756 -0.1323 1
28.0 0.8628 0.3834 -0.1331 1
28.5 0.8589 0.3914 -0.1339 1
29.0 0.8552 0.3994 -0.1347 1
29.5 0.8516 0.4075 -0.1355 1
30.0 0.8481 0.4157 -0.1364 1
30.5 0.8447 0.4240 -0.1374 1
31.0 0.8413 0.4324 -0.1383 1
31.5 0.8381 0.4408 -0.1393 1
32.0 0.8349 0.4493 -0.1403 1
32.5 0.8317 0.4579 -0.1413 1
33.0 0.8286 0.4665 -0.1424 1
33.5 0.8255 0.4752 -0.1435 1
34.0 0.8224 0.4840 -0.1446 1
34.5 0.8194 0.4928 -0.1457 1
35.0 0.8163 0.5017 -0.1469 1
35.5 0.8133 0.5106 -0.1480 1
36.0 0.8102 0.5196 -0.1492 1
36.5 0.8071 0.5286 -0.1504 1
37.0 0.8040 0.5377 -0.1517 1
37.5 0.8009 0.5468 -0.1529 1
38.0 0.7977 0.5560 -0.1542 1
38.5 0.7945 0.5652 -0.1555 1
39.0 0.7912 0.5744 -0.1568 1
39.5 0.7879 0.5836 -0.1581 1
40.0 0.7845 0.5929 -0.1594 1
40.5 0.7810 0.6022 -0.1608 1
41.0 0.7775 0.6115 -0.1621 1
41.5 0.7739 0.6208 -0.1635 1
42.0 0.7703 0.6302 -0.1649 1
42.5 0.7666 0.6395 -0.1662 1
43.0 0.7628 0.6489 -0.1676 1
43.5 0.7589 0.6582 -0.1691 1
44.0 0.7549 0.6676 -0.1705 1
44.5 0.7508 0.6770 -0.1719 1
45.0 0.7467 0.6863 -0.1734 1
45.5 0.7424 0.6957 -0.1748 1
46.0 0.7381 0.7050 -0.1763 1
46.5 0.7336 0.7144 -0.1777 1
47.0 0.7291 0.7237 -0.1792 1
47.5 0.7245 0.7330 -0.1807 1
48.0 0.7197 0.7422 -0.1822 1
48.5 0.7149 0.7515 -0.1837 1
49.0 0.7099 0.7607 -0.1852 1
49.5 0.7049 0.7699 -0.1867 1
50.0 0.6997 0.7790 -0.1882 1
50.5 0.6944 0.7881 -0.1897 1
51.0 0.6890 0.7972 -0.1913 1
51.5 0.6835 0.8062 -0.1928 1
52.0 0.6779 0.8152 -0.1943 1
52.5 0.6722 0.8241 -0.1959 1
53.0 0.6664 0.8330 -0.1974 1
53.5 0.6605 0.8418 -0.1989 1
54.0 0.6544 0.8506 -0.2005 1
54.5 0.6483 0.8593 -0.2020 1
55.0 0.6420 0.8679 -0.2036 1
55.5 0.6356 0.8765 -0.2051 1
56.0 0.6291 0.8850 -0.2067 1
56.5 0.6225 0.8934 -0.2082 1
57.0 0.6158 0.9018 -0.2097 1
57.5 0.6090 0.9100 -0.2113 1
58.0 0.6020 0.9182 -0.2128 1
58.5 0.5950 0.9263 -0.2144 1
59.0 0.5878 0.9343 -0.2159 1
59.5 0.5805 0.9423 -0.2175 1
60.0 0.5732 0.9501 -0.2190 1
60.5 0.5657 0.9578 -0.2205 1
61.0 0.5581 0.9655 -0.2221 1
61.5 0.5504 0.9730 -0.2236 1
62.0 0.5426 0.9805 -0.2251 1
62.5 0.5347 0.9878 -0.2266 1
63.0 0.5267 0.9951 -0.2281 1
63.5 0.5186 1.0022 -0.2296 1
64.0 0.5105 1.0092 -0.2311 1
64.5 0.5022 1.0161 -0.2326 1
65.0 0.4938 1.0228 -0.2341 1
65.5 0.4853 1.0295 -0.2356 1
66.0 0.4767 1.0360 -0.2371 1
66.5 0.4681 1.0425 -0.2386 1
67.0 0.4593 1.0487 -0.2400 1
67.5 0.4505 1.0549 -0.2415 1
68.0 0.4416 1.0609 -0.2429 1
68.5 0.4325 1.0668 -0.2444 1
69.0 0.4235 1.0726 -0.2458 1
69.5 0.4143 1.0782 -0.2472 1
70.0 0.4051 1.0837 -0.2486 1
70.5 0.3957 1.0890 -0.2500 1
71.0 0.3863 1.0942 -0.2514 1
71.5 0.3769 1.0993 -0.2528 1
72.0 0.3673 1.1042 -0.2542 1
72.5 0.3577 1.1090 -0.2555 1
73.0 0.3481 1.1136 -0.2569 1
73.5 0.3384 1.1180 -0.2582 1
74.0 0.3286 1.1224 -0.2596 1
74.5 0.3187 1.1265 -0.2609 1
75.0 0.3088 1.1305 -0.2622 1
75.5 0.2989 1.1344 -0.2634 1
76.0 0.2889 1.1380 -0.2647 1
76.5 0.2788 1.1416 -0.2660 1
77.0 0.2688 1.1449 -0.2672 1
77.5 0.2586 1.1481 -0.2684 1
78.0 0.2485 1.1512 -0.2696 1
78.5 0.2383 1.1540 -0.2708 1
79.0 0.2280 1.1567 -0.2720 1
79.5 0.2177 1.1593 -0.2732 1
80.0 0.2074 1.1616 -0.2743 1
80.5 0.1971 1.1638 -0.2754 1
81.0 0.1868 1.1659 -0.2765 1
81.5 0.1764 1.1677 -0.2776 1
82.0 0.1660 1.1694 -0.2787 1
82.5 0.1556 1.1709 -0.2798 1
83.0 0.1452 1.1722 -0.2808 1
83.5 0.1348 1.1734 -0.2818 1
84.0 0.1244 1.1744 -0.2828 1
84.5 0.1139 1.1752 -0.2838 1
85.0 0.1035 1.1758 -0.2847 1
85.5 0.0931 1.1763 -0.2857 1
86.0 0.0827 1.1766 -0.2866 1
86.5 0.0723 1.1767 -0.2875 1
87.0 0.0619 1.1766 -0.2884 1
87.5 0.0515 1.1763 -0.2892 1
88.0 0.0412 1.1759 -0.2900 1
88.5 0.0308 1.1753 -0.2908 1
89.0 0.0205 1.1745 -0.2916 1
89.5 0.0102 1.1735 -0.2924 1
90.0 0.0000 1.1724 -0.2931 1
90.5 -0.0072 1.1735 -0.2950 3
91.0 -0.0144 1.1745 -0.2969 3
91.5 -0.0216 1.1753 -0.2988 3
92.0 -0.0288 1.1759 -0.3006 3
92.5 -0.0361 1.1763 -0.3024 3
93.0 -0.0433 1.1766 -0.3041 3
93.5 -0.0506 1.1767 -0.3058 3
94.0 -0.0579 1.1766 -0.3075 3
94.5 -0.0652 1.1763 -0.3092 3
95.0 -0.0725 1.1758 -0.3108 3
95.5 -0.0798 1.1752 -0.3123 3
96.0 -0.0871 1.1744 -0.3139 3
96.5 -0.0944 1.1734 -0.3154 3
97.0 -0.1016 1.1722 -0.3168 3
97.5 -0.1089 1.1709 -0.3183 3
98.0 -0.1162 1.1694 -0.3196 3
98.5 -0.1235 1.1677 -0.3210 3
99.0 -0.1307 1.1659 -0.3223 3
99.5 -0.1380 1.1638 -0.3236 3
100.0 -0.1452 1.1616 -0.3248 3
100.5 -0.1524 1.1593 -0.3260 3
101.0 -0.1596 1.1567 -0.3271 3
101.5 -0.1668 1.1540 -0.3282 3
102.0 -0.1739 1.1512 -0.3293 3
102.5 -0.1810 1.1481 -0.3303 3
103.0 -0.1881 1.1449 -0.3313 3
103.5 -0.1952 1.1416 -0.3322 3
104.0 -0.2022 1.1380 -0.3331 3
104.5 -0.2092 1.1344 -0.3340 3
105.0 -0.2162 1.1305 -0.3348 3
105.5 -0.2231 1.1265 -0.3356 3
106.0 -0.2300 1.1224 -0.3363 3
106.5 -0.2369 1.1180 -0.3370 3
107.0 -0.2437 1.1136 -0.3377 3
107.5 -0.2504 1.1090 -0.3383 3
108.0 -0.2571 1.1042 -0.3389 3
108.5 -0.2638 1.0993 -0.3394 3
109.0 -0.2704 1.0942 -0.3399 3
109.5 -0.2770 1.0890 -0.3404 3
110.0 -0.2835 1.0837 -0.3408 3
110.5 -0.2900 1.0782 -0.3412 3
111.0 -0.2964 1.0726 -0.3415 3
111.5 -0.3028 1.0668 -0.3418 3
112.0 -0.3091 1.0609 -0.3421 3
112.5 -0.3153 1.0549 -0.3423 3
113.0 -0.3215 1.0487 -0.3425 3
113.5 -0.3276 1.0425 -0.3426 3
114.0 -0.3337 1.0360 -0.3427 3
114.5 -0.3397 1.0295 -0.3428 3
115.0 -0.3456 1.0228 -0.3428 3
115.5 -0.3515 1.0161 -0.3428 3
116.0 -0.3573 1.0092 -0.3427 3
116.5 -0.3631 1.0022 -0.3427 3
117.0 -0.3687 0.9951 -0.3425 3
117.5 -0.3743 0.9878 -0.3424 3
118.0 -0.3798 0.9805 -0.3422 3
118.5 -0.3853 0.9730 -0.3420 3
119.0 -0.3907 0.9655 -0.3417 3
119.5 -0.3960 0.9578 -0.3415 3
120.0 -0.4012 0.9501 -0.3411 3
120.5 -0.4064 0.9423 -0.3408 3
121.0 -0.4115 0.9343 -0.3404 3
121.5 -0.4165 0.9263 -0.3400 3
122.0 -0.4214 0.9182 -0.3396 3
122.5 -0.4263 0.9100 -0.3391 3
123.0 -0.4311 0.9018 -0.3386 3
123.5 -0.4358 0.8934 -0.3381 3
124.0 -0.4404 0.8850 -0.3375 3
124.5 -0.4449 0.8765 -0.3370 3
125.0 -0.4494 0.8679 -0.3364 3
125.5 -0.4538 0.8593 -0.3357 3
126.0 -0.4581 0.8506 -0.3351 3
126.5 -0.4623 0.8418 -0.3344 3
127.0 -0.4665 0.8330 -0.3337 3
127.5 -0.4706 0.8241 -0.3330 3
128.0 -0.4746 0.8152 -0.3323 3
128.5 -0.4785 0.8062 -0.3315 3
129.0 -0.4823 0.7972 -0.3308 3
129.5 -0.4861 0.7881 -0.3300 3
130.0 -0.4898 0.7790 -0.3292 3
130.5 -0.4934 0.7699 -0.3284 3
131.0 -0.4969 0.7607 -0.3275 3
131.5 -0.5004 0.7515 -0.3267 3
132.0 -0.5038 0.7422 -0.3259 3
132.5 -0.5071 0.7330 -0.3250 3
133.0 -0.5104 0.7237 -0.3241 3
133.5 -0.5135 0.7144 -0.3232 3
134.0 -0.5167 0.7050 -0.3224 3
134.5 -0.5197 0.6957 -0.3215 3
135.0 -0.5227 0.6863 -0.3206 3
135.5 -0.5256 0.6770 -0.3197 3
136.0 -0.5284 0.6676 -0.3188 3
136.5 -0.5312 0.6582 -0.3179 3
137.0 -0.5339 0.6489 -0.3170 3
137.5 -0.5366 0.6395 -0.3161 3
138.0 -0.5392 0.6302 -0.3152 3
138.5 -0.5418 0.6208 -0.3144 3
139.0 -0.5443 0.6115 -0.3135 3
139.5 -0.5467 0.6022 -0.3126 3
140.0 -0.5491 0.5929 -0.3118 3
140.5 -0.5515 0.5836 -0.3110 3
141.0 -0.5538 0.5744 -0.3101 3
141.5 -0.5561 0.5652 -0.3094 3
142.0 -0.5584 0.5560 -0.3086 3
142.5 -0.5606 0.5468 -0.3078 3
143.0 -0.5628 0.5377 -0.3071 3
143.5 -0.5650 0.5286 -0.3064 3
144.0 -0.5671 0.5196 -0.3057 3
144.5 -0.5693 0.5106 -0.3051 3
145.0 -0.5714 0.5017 -0.3044 3
145.5 -0.5736 0.4928 -0.3039 3
146.0 -0.5757 0.4840 -0.3033 3
146.5 -0.5779 0.4752 -0.3028 3
147.0 -0.5800 0.4665 -0.3024 3
147.5 -0.5822 0.4579 -0.3020 3
148.0 -0.5844 0.4493 -0.3016 3
148.5 -0.5866 0.4408 -0.3013 3
149.0 -0.5889 0.4324 -0.3011 3
149.5 -0.5913 0.4240 -0.3009 3
150.0 -0.5936 0.4157 -0.3008 3
150.5 -0.5961 0.4075 -0.3008 3
151.0 -0.5986 0.3994 -0.3008 3
151.5 -0.6013 0.3914 -0.3010 3
152.0 -0.6040 0.3834 -0.3012 3
152.5 -0.6068 0.3756 -0.3015 3
153.0 -0.6098 0.3678 -0.3019 3
153.5 -0.6129 0.3601 -0.3024 3
154.0 -0.6161 0.3526 -0.3030 3
154.5 -0.6195 0.3451 -0.3037 3
155.0 -0.6231 0.3377 -0.3046 3
155.5 -0.6269 0.3305 -0.3056 3
156.0 -0.6309 0.3233 -0.3067 3
156.5 -0.6351 0.3163 -0.3080 3
157.0 -0.6397 0.3093 -0.3095 3
157.5 -0.6445 0.3025 -0.3111 3
158.0 -0.6496 0.2958 -0.3130 3
158.5 -0.6551 0.2892 -0.3150 3
159.0 -0.6609 0.2828 -0.3173 3
159.5 -0.6672 0.2764 -0.3198 3
160.0 -0.6739 0.2702 -0.3225 3
160.5 -0.6811 0.2641 -0.3255 3
161.0 -0.6888 0.2582 -0.3289 3
161.5 -0.6972 0.2523 -0.3325 3
162.0 -0.7062 0.2466 -0.3365 3
162.5 -0.7159 0.2411 -0.3409 3
163.0 -0.7263 0.2356 -0.3457 3
163.5 -0.7377 0.2304 -0.3509 3
164.0 -0.7500 0.2252 -0.3567 3
164.5 -0.7413 0.2185 -0.3531 3
165.0 -0.7375 0.2141 -0.3519 3
165.5 -0.7381 0.2106 -0.3527 3
166.0 -0.7180 0.1961 -0.3431 3
166.5 -0.7096 0.1883 -0.3395 3
167.0 -0.7080 0.1818 -0.3390 3
167.5 -0.7143 0.1761 -0.3422 3
168.0 -0.6937 0.1636 -0.3325 3
168.5 -0.6948 0.1557 -0.3332 3
169.0 -0.7081 0.1479 -0.3396 3
169.5 -0.6921 0.1372 -0.3322 3
170.0 -0.7090 0.1277 -0.3402 3
170.5 -0.7025 0.1178 -0.3374 3
171.0 -0.7265 0.1080 -0.3489 3
171.5 -0.7288 0.0987 -0.3503 3
172.0 -0.7400 0.0903 -0.3561 3
172.5 -0.7330 0.0817 -0.3534 3
173.0 -0.7424 0.0736 -0.3584 3
173.5 -0.7388 0.0660 -0.3574 3
174.0 -0.7010 0.0623 -0.3401 3
174.5 -0.6324 0.0612 -0.3080 3
175.0 -0.6178 0.0526 -0.3014 3
175.5 -0.6451 0.0368 -0.3149 3
176.0 -0.5900 0.0318 -0.2888 3
176.5 -0.5461 0.0278 -0.2681 3
177.0 -0.5020 0.0235 -0.2471 3
177.5 -0.4617 0.0205 -0.2279 3
178.0 -0.3070 0.0166 -0.1520 3
178.5 -0.2766 0.0159 -0.1373 3
179.0 -0.2319 0.0183 -0.1155 3
179.5 -0.1933 0.0194 -0.0964 3
180.0 -0.1569 0.0209 -0.0785 3
