x cp
1.00000 -0.2571
0.99344 -0.2602
0.98270 -0.2656
0.97020 -0.2703
0.95728 -0.2738
0.94423 -0.2805
0.93111 -0.2875
0.91794 -0.2893
0.90470 -0.2934
0.89141 -0.2993
0.87807 -0.3054
0.86467 -0.3124
0.85114 -0.3126
0.83729 -0.3124
0.82335 -0.3118
0.80937 -0.3112
0.79538 -0.3106
0.78136 -0.3100
0.76733 -0.3095
0.75329 -0.3090
0.73922 -0.3085
0.72515 -0.3080
0.71106 -0.3076
0.69696 -0.3073
0.68284 -0.3071
0.66872 -0.3071
0.65458 -0.3071
0.64043 -0.3075
0.62628 -0.3080
0.61212 -0.3089
0.59795 -0.3102
0.58378 -0.3120
0.56960 -0.3144
0.55542 -0.3176
0.54123 -0.3216
0.52704 -0.3266
0.51285 -0.3329
0.49866 -0.3404
0.48447 -0.3492
0.47028 -0.3589
0.45609 -0.3701
0.44190 -0.3826
0.42772 -0.3961
0.41354 -0.4098
0.39937 -0.4234
0.38521 -0.4364
0.37105 -0.4485
0.35689 -0.4595
0.34275 -0.4692
0.32862 -0.4777
0.31449 -0.4848
0.30038 -0.4907
0.28628 -0.4953
0.27219 -0.4988
0.25812 -0.5011
0.24406 -0.5024
0.23002 -0.5025
0.21599 -0.5017
0.20198 -0.4999
0.18799 -0.4971
0.17401 -0.4935
0.16006 -0.4889
0.14612 -0.4837
0.13221 -0.4778
0.11832 -0.4719
0.10446 -0.4671
0.09061 -0.4662
0.07679 -0.4754
0.06301 -0.5055
0.04928 -0.5688
0.03583 -0.6703
0.02376 -0.7972
0.01514 -0.9402
0.00977 -1.1012
0.00624 -1.2976
0.00375 -1.5299
0.00193 -1.6698
0.00069 -1.3933
-0.00002 -0.6273
-0.00027 0.1728
-0.00014 0.7237
0.00034 0.9828
0.00121 0.9237
0.00249 0.5568
0.00422 0.1279
0.00637 -0.0610
0.00904 -0.0526
0.01253 0.0196
0.01762 0.1017
0.02582 0.1776
0.03766 0.2332
0.05107 0.2667
0.06478 0.2880
0.07856 0.3034
0.09237 0.3156
0.10621 0.3257
0.12007 0.3344
0.13395 0.3419
0.14786 0.3486
0.16179 0.3546
0.17574 0.3599
0.18971 0.3647
0.20369 0.3690
0.21770 0.3729
0.23172 0.3764
0.24576 0.3795
0.25982 0.3821
0.27389 0.3846
0.28797 0.3867
0.30207 0.3884
0.31618 0.3897
0.33030 0.3912
0.34443 0.3922
0.35857 0.3930
0.37272 0.3933
0.38687 0.3933
0.40104 0.3929
0.41521 0.3924
0.42938 0.3914
0.44356 0.3908
0.45774 0.3897
0.47193 0.3882
0.48612 0.3864
0.50030 0.3843
0.51449 0.3819
0.52868 0.3791
0.54286 0.3759
0.55704 0.3724
0.57122 0.3684
0.58540 0.3641
0.59957 0.3593
0.61373 0.3540
0.62789 0.3485
0.64204 0.3424
0.65617 0.3359
0.67030 0.3287
0.68442 0.3209
0.69853 0.3124
0.71263 0.3031
0.72671 0.2933
0.74078 0.2825
0.75484 0.2707
0.76888 0.2581
0.78290 0.2436
0.79690 0.2276
0.81089 0.2096
0.82486 0.1881
0.83882 0.1638
0.85286 0.1332
0.86710 0.1004
0.88139 0.0682
0.89569 0.0348
0.91000 0.0001
0.92432 -0.0367
0.93864 -0.0770
0.95296 -0.1232
0.96724 -0.1773
0.98113 -0.2451
0.99297 -0.3276
1.00000 -0.3371
