alpha cl cd cm ld phi
-6.00 -0.0618 0.03146 -0.1342 -1.96 nan
-5.75 -0.0287 0.02955 -0.1361 -0.97 nan
-5.50 0.0001 0.02778 -0.1371 0.00 nan
-5.25 0.0314 0.02635 -0.1382 1.19 nan
-5.00 0.0619 0.02541 -0.1389 2.44 22.318
-4.75 0.0936 0.02426 -0.1398 3.86 14.531
-4.50 0.1232 0.02348 -0.1402 5.25 10.790
-4.25 0.1529 0.02268 -0.1405 6.74 8.437
-4.00 0.1851 0.02200 -0.1413 8.41 6.778
-3.75 0.2127 0.02145 -0.1412 9.92 5.759
-3.50 0.2446 0.02085 -0.1419 11.73 4.872
-3.25 0.2727 0.02041 -0.1419 13.36 4.280
-3.00 0.3022 0.01993 -0.1421 15.16 3.773
-2.75 0.3330 0.01949 -0.1424 17.09 3.350
-2.50 0.3630 0.01912 -0.1427 18.99 3.015
-2.25 0.3908 0.01881 -0.1426 20.78 2.756
-2.00 0.4198 0.01852 -0.1426 22.67 2.526
-1.75 0.4486 0.01826 -0.1427 24.57 2.331
-1.50 0.4798 0.01795 -0.1431 26.73 2.143
-1.25 0.5066 0.01780 -0.1428 28.46 2.012
-1.00 0.5351 0.01760 -0.1427 30.40 1.884
-0.75 0.5633 0.01743 -0.1427 32.32 1.772
-0.50 0.5915 0.01727 -0.1426 34.25 1.672
-0.25 0.6202 0.01711 -0.1426 36.25 1.580
0.00 0.6484 0.01692 -0.1426 38.32 1.495
0.25 0.6765 0.01652 -0.1426 40.95 1.399
0.50 0.6988 0.01549 -0.1406 45.11 1.270
0.75 0.7268 0.01562 -0.1405 46.53 1.231
1.00 0.7544 0.01577 -0.1403 47.84 1.198
1.25 0.7820 0.01593 -0.1402 49.09 1.167
1.50 0.8092 0.01611 -0.1400 50.23 1.141
1.75 0.8371 0.01628 -0.1399 51.42 1.114
2.00 0.8634 0.01650 -0.1396 52.33 1.095
2.25 0.8898 0.01673 -0.1393 53.19 1.077
2.50 0.9170 0.01695 -0.1391 54.10 1.059
2.75 0.9429 0.01720 -0.1388 54.82 1.045
3.00 0.9695 0.01745 -0.1385 55.56 1.031
3.25 0.9957 0.01772 -0.1382 56.19 1.020
3.50 1.0215 0.01800 -0.1379 56.75 1.010
3.75 1.0481 0.01828 -0.1377 57.34 0.999
4.00 1.0729 0.01860 -0.1372 57.68 0.993
4.25 1.0997 0.01887 -0.1370 58.28 0.983
4.50 1.1237 0.01923 -0.1364 58.43 0.980
4.75 1.1501 0.01952 -0.1362 58.92 0.972
5.00 1.1745 0.01989 -0.1356 59.05 0.970
5.25 1.1989 0.02023 -0.1351 59.26 0.967
5.50 1.2249 0.02058 -0.1348 59.52 0.963
5.75 1.2474 0.02097 -0.1340 59.48 0.963
6.00 1.2712 0.02136 -0.1334 59.51 0.963
6.25 1.2956 0.02171 -0.1328 59.68 0.960
6.50 1.3176 0.02215 -0.1319 59.49 0.963
6.75 1.3435 0.02248 -0.1316 59.76 0.959
7.00 1.3626 0.02297 -0.1303 59.32 0.966
7.25 1.3860 0.02336 -0.1296 59.33 0.966
7.50 1.4059 0.02379 -0.1283 59.10 0.969
7.75 1.4267 0.02421 -0.1272 58.93 0.972
8.00 1.4448 0.02463 -0.1256 58.66 0.977
8.25 1.4622 0.02503 -0.1238 58.42 0.981
8.50 1.4754 0.02546 -0.1214 57.95 0.989
8.75 1.4868 0.02591 -0.1187 57.38 0.998
9.00 1.4951 0.02641 -0.1154 56.61 1.012
9.25 1.5023 0.02702 -0.1122 55.60 1.030
9.50 1.5092 0.02770 -0.1090 54.48 1.051
9.75 1.5149 0.02849 -0.1058 53.17 1.077
10.00 1.5193 0.02943 -0.1027 51.62 1.110
10.25 1.5226 0.03051 -0.0996 49.90 1.148
10.50 1.5247 0.03176 -0.0965 48.01 1.193
10.75 1.5249 0.03325 -0.0935 45.86 1.249
11.00 1.5234 0.03500 -0.0906 43.53 1.316
11.25 1.5194 0.03706 -0.0877 41.00 1.397
11.50 1.5133 0.03945 -0.0850 38.36 1.493
11.75 1.5049 0.04221 -0.0824 35.65 1.607
12.00 1.4949 0.04532 -0.0801 32.99 1.736
12.25 1.4844 0.04869 -0.0782 30.49 1.879
12.50 1.4731 0.05232 -0.0766 28.16 2.034
12.75 1.4619 0.05617 -0.0753 26.03 2.200
13.00 1.4506 0.06017 -0.0744 24.11 2.375
13.25 1.4403 0.06423 -0.0736 22.42 2.553
13.50 1.4309 0.06836 -0.0731 20.93 2.735
13.75 1.4218 0.07258 -0.0728 19.59 2.922
14.00 1.4144 0.07663 -0.0726 18.46 3.101
14.25 1.4072 0.08072 -0.0725 17.43 3.283
14.50 1.4000 0.08479 -0.0726 16.51 3.466
14.75 1.3955 0.08875 -0.0727 15.72 3.639
15.00 1.3902 0.09258 -0.0730 15.02 3.810
15.25 1.3869 0.09647 -0.0732 14.38 3.979
15.50 1.3832 0.10006 -0.0736 13.82 4.138
15.75 1.3824 0.10354 -0.0738 13.35 4.283
16.00 1.3813 0.10697 -0.0742 12.91 4.428
