alpha cl cd cm xtrs xtri npts dcl dcd biest clalt cdalt
-6.00 -0.3754 0.10993 -0.0203 1.0000 0.2185 7 0.0014 0.00150 0 -0.3754 0.10993
-5.75 -0.3704 0.10642 -0.0191 1.0000 0.2291 7 0.0008 0.00092 0 -0.3704 0.10642
-5.50 -0.3666 0.10447 -0.0195 1.0000 0.2403 7 0.0005 0.00087 0 -0.3666 0.10447
-5.25 -0.3616 0.10224 -0.0203 1.0000 0.2523 9 0.0004 0.00143 0 -0.3616 0.10224
-5.00 -0.3561 0.09923 -0.0195 1.0000 0.2627 6 0.0008 0.00120 0 -0.3561 0.09923
-4.75 -0.3501 0.09622 -0.0193 1.0000 0.2837 9 0.0018 0.00123 0 -0.3501 0.09622
-4.50 -0.3445 0.09320 -0.0184 1.0000 0.3009 9 0.0016 0.00072 0 -0.3445 0.09320
-4.25 -0.3393 0.09074 -0.0175 1.0000 0.3172 6 0.0023 0.00034 0 -0.3393 0.09074
-4.00 -0.3343 0.08749 -0.0161 1.0000 0.3470 9 0.0020 0.00045 0 -0.3343 0.08749
-3.75 -0.3290 0.08471 -0.0148 1.0000 0.3782 8 0.0013 0.00120 0 -0.3290 0.08471
-3.50 -0.3283 0.08166 -0.0112 1.0000 0.4130 6 0.0012 0.00044 0 -0.3283 0.08166
-3.25 -0.3314 0.07835 -0.0060 1.0000 0.4666 6 0.0017 0.00034 0 -0.3314 0.07835
-3.00 -0.3394 0.07453 0.0016 1.0000 0.5306 8 0.0038 0.00104 0 -0.3394 0.07453
-2.75 -0.3429 0.07114 0.0077 1.0000 0.5830 9 0.0040 0.00103 0 -0.3429 0.07114
-2.50 -0.3416 0.06773 0.0122 1.0000 0.6234 9 0.0046 0.00096 0 -0.3416 0.06773
-2.25 -0.3367 0.06453 0.0146 1.0000 0.6533 9 0.0044 0.00106 0 -0.3367 0.06453
-2.00 -0.3273 0.06158 0.0154 1.0000 0.6770 9 0.0043 0.00099 0 -0.3273 0.06158
-1.75 -0.3139 0.05899 0.0137 1.0000 0.6924 3 0.0058 0.00097 0 -0.3139 0.05899
-1.50 -0.2924 0.05630 0.0103 1.0000 0.6942 3 0.0098 0.00086 0 -0.2924 0.05630
-1.25 -0.2061 0.05530 -0.0133 1.0000 0.6270 2 0.0584 0.00166 1 0.0625 0.05675
-1.00 0.1157 0.05426 -0.0972 1.0000 0.1488 9 0.0255 0.00066 0 0.1157 0.05426
-0.75 0.1653 0.05205 -0.1041 1.0000 0.1383 9 0.0218 0.00054 0 0.1653 0.05205
-0.50 0.2170 0.05009 -0.1110 1.0000 0.1294 9 0.0167 0.00048 0 0.2170 0.05009
-0.25 0.2571 0.04833 -0.1151 1.0000 0.1247 9 0.0146 0.00043 0 0.2571 0.04833
0.00 0.2996 0.04691 -0.1194 1.0000 0.1238 9 0.0158 0.00041 0 0.2996 0.04691
0.25 0.3390 0.04577 -0.1229 1.0000 0.1262 9 0.0196 0.00037 0 0.3390 0.04577
0.50 0.3764 0.04483 -0.1256 1.0000 0.1281 9 0.0181 0.00035 0 0.3764 0.04483
0.75 0.4111 0.04407 -0.1276 1.0000 0.1291 9 0.0170 0.00030 0 0.4111 0.04407
1.00 0.4415 0.04348 -0.1288 1.0000 0.1349 9 0.0163 0.00023 0 0.4415 0.04348
1.25 0.4711 0.04309 -0.1297 1.0000 0.1447 9 0.0168 0.00019 0 0.4711 0.04309
1.50 0.4998 0.04280 -0.1302 1.0000 0.1537 9 0.0174 0.00021 0 0.4998 0.04280
1.75 0.5272 0.04260 -0.1306 1.0000 0.1664 9 0.0170 0.00018 0 0.5272 0.04260
2.00 0.5538 0.04250 -0.1309 1.0000 0.1917 12 0.0174 0.00018 0 0.5538 0.04250
2.25 0.5812 0.04240 -0.1314 1.0000 0.2256 9 0.0189 0.00023 0 0.5812 0.04240
2.50 0.6132 0.04184 -0.1327 1.0000 0.3462 8 0.0245 0.00139 0 0.6132 0.04184
2.75 0.6275 0.04151 -0.1309 1.0000 1.0000 9 0.0168 0.00018 0 0.6275 0.04151
3.00 0.6474 0.04247 -0.1301 1.0000 1.0000 9 0.0162 0.00020 0 0.6474 0.04247
3.25 0.6664 0.04347 -0.1294 1.0000 1.0000 9 0.0162 0.00021 0 0.6664 0.04347
3.50 0.6848 0.04453 -0.1287 1.0000 1.0000 9 0.0164 0.00023 0 0.6848 0.04453
3.75 0.7028 0.04564 -0.1281 1.0000 1.0000 9 0.0164 0.00025 0 0.7028 0.04564
4.00 0.7205 0.04681 -0.1274 1.0000 1.0000 9 0.0165 0.00027 0 0.7205 0.04681
4.25 0.7378 0.04803 -0.1268 1.0000 1.0000 7 0.0167 0.00029 0 0.7378 0.04803
4.50 0.7549 0.04932 -0.1262 1.0000 1.0000 6 0.0168 0.00032 1 0.9381 0.04108
4.75 0.7717 0.05066 -0.1255 1.0000 1.0000 6 0.0169 0.00035 1 0.9621 0.04116
5.00 0.7884 0.05205 -0.1248 1.0000 1.0000 6 0.0171 0.00036 1 0.9716 0.04372
5.25 0.9824 0.04611 -0.1281 0.1192 1.0000 7 0.0417 0.00166 0 0.9824 0.04611
5.50 0.9982 0.04838 -0.1264 0.1104 1.0000 9 0.0433 0.00104 0 0.9982 0.04838
5.75 1.0148 0.05051 -0.1244 0.1024 1.0000 9 0.0452 0.00052 0 1.0148 0.05051
6.00 1.0365 0.05276 -0.1229 0.0976 1.0000 9 0.0471 0.00017 0 1.0365 0.05276
6.25 1.0690 0.05516 -0.1221 0.0921 1.0000 9 0.0488 0.00034 0 1.0690 0.05516
6.50 1.1189 0.05807 -0.1236 0.0874 1.0000 9 0.0515 0.00040 0 1.1189 0.05807
6.75 1.1750 0.06135 -0.1258 0.0837 1.0000 9 0.0478 0.00023 0 1.1750 0.06135
7.00 1.2275 0.06514 -0.1281 0.0814 1.0000 9 0.0421 0.00037 0 1.2275 0.06514
7.25 1.2697 0.06909 -0.1294 0.0812 1.0000 9 0.0460 0.00105 0 1.2697 0.06909
7.50 1.2990 0.07314 -0.1292 0.0803 1.0000 9 0.0446 0.00082 0 1.2990 0.07314
7.75 1.3167 0.07718 -0.1276 0.0797 1.0000 9 0.0464 0.00082 0 1.3167 0.07718
8.00 1.3284 0.08128 -0.1256 0.0803 1.0000 9 0.0484 0.00106 0 1.3284 0.08128
8.25 1.3360 0.08547 -0.1235 0.0816 1.0000 6 0.0065 0.00025 0 1.3360 0.08547
8.50 1.3402 0.08979 -0.1213 0.0821 1.0000 6 0.0089 0.00021 0 1.3402 0.08979
8.75 1.3416 0.09424 -0.1192 0.0831 1.0000 6 0.0125 0.00019 0 1.3416 0.09424
9.00 1.3411 0.09873 -0.1172 0.0843 1.0000 6 0.0190 0.00034 0 1.3411 0.09873
9.25 1.3384 0.10328 -0.1153 0.0855 1.0000 6 0.0122 0.00074 0 1.3384 0.10328
9.50 1.3244 0.10790 -0.1130 0.0868 1.0000 6 0.0159 0.00119 0 1.3244 0.10790
9.75 1.3115 0.11177 -0.1113 0.0880 1.0000 6 0.0063 0.00144 0 1.3115 0.11177
10.00 1.2940 0.11593 -0.1097 0.0890 1.0000 6 0.0108 0.00184 0 1.2940 0.11593
10.25 1.2788 0.12064 -0.1093 0.0902 1.0000 6 0.0264 0.00236 0 1.2788 0.12064
10.50 1.2674 0.12580 -0.1097 0.0914 1.0000 6 0.0106 0.00124 0 1.2674 0.12580
10.75 1.2453 0.13133 -0.1114 0.0929 1.0000 6 0.0183 0.00140 0 1.2453 0.13133
11.00 1.2351 0.13703 -0.1138 0.0945 1.0000 6 0.0174 0.00198 0 1.2351 0.13703
11.25 1.2288 0.14268 -0.1171 0.0965 1.0000 6 0.0158 0.00204 0 1.2288 0.14268
11.50 1.2207 0.14883 -0.1210 0.0989 1.0000 6 0.0108 0.00201 0 1.2207 0.14883
11.75 1.2131 0.15567 -0.1237 0.1017 1.0000 6 0.0100 0.00211 0 1.2131 0.15567
12.00 1.2128 0.16194 -0.1286 0.1050 1.0000 6 0.0065 0.00170 0 1.2128 0.16194
12.25 1.2141 0.16758 -0.1330 0.1094 1.0000 6 0.0118 0.00242 0 1.2141 0.16758
12.50 1.2083 0.17404 -0.1365 0.1142 1.0000 6 0.0106 0.00241 0 1.2083 0.17404
12.75 1.2155 0.17965 -0.1395 0.1208 1.0000 6 0.0104 0.00239 0 1.2155 0.17965
13.00 1.2139 0.18546 -0.1437 0.1278 1.0000 6 0.0111 0.00243 0 1.2139 0.18546
13.25 1.2162 0.19120 -0.1477 0.1383 1.0000 6 0.0187 0.00209 0 1.2162 0.19120
13.50 1.2206 0.19730 -0.1520 0.1535 1.0000 6 0.0122 0.00236 0 1.2206 0.19730
13.75 1.2233 0.20425 -0.1583 0.1882 1.0000 6 0.0133 0.00195 0 1.2233 0.20425
14.00 1.0067 0.20413 -0.1364 0.1699 1.0000 5 0.0091 0.00226 0 1.0067 0.20413
14.25 0.9853 0.21416 -0.1492 0.3320 1.0000 5 0.0096 0.00239 0 0.9853 0.21416
14.50 0.9845 0.21716 -0.1507 0.3373 1.0000 5 0.0015 0.00060 0 0.9845 0.21716
14.75 0.9846 0.22054 -0.1519 0.3379 1.0000 5 0.0011 0.00113 0 0.9846 0.22054
15.00 0.9864 0.22459 -0.1529 0.3345 1.0000 5 0.0023 0.00065 0 0.9864 0.22459
15.25 0.9886 0.22804 -0.1539 0.3313 1.0000 5 0.0068 0.00245 0 0.9886 0.22804
15.50 0.9919 0.23162 -0.1547 0.3250 1.0000 5 0.0056 0.00203 0 0.9919 0.23162
15.75 0.9920 0.23492 -0.1554 0.3192 1.0000 5 0.0093 0.00315 0 0.9920 0.23492
16.00 0.9930 0.23793 -0.1561 0.3115 1.0000 5 0.0048 0.00204 0 0.9930 0.23793
