alpha cl cd cm ld phi
-6.00 -0.3682 0.10625 -0.0221 -3.47 nan
-5.75 -0.3603 0.10350 -0.0247 -3.48 nan
-5.50 -0.3596 0.09954 -0.0218 -3.61 nan
-5.25 -0.3547 0.09625 -0.0209 -3.69 nan
-5.00 -0.3468 0.09357 -0.0216 -3.71 nan
-4.75 -0.3360 0.09100 -0.0233 -3.69 nan
-4.50 -0.3196 0.08867 -0.0269 -3.60 nan
-4.25 -0.3051 0.08632 -0.0293 -3.53 nan
-4.00 -0.2824 0.08289 -0.0343 -3.41 nan
-3.75 -0.2552 0.08012 -0.0399 -3.19 nan
-3.50 -0.2271 0.07660 -0.0444 -2.96 nan
-3.25 -0.1802 0.07290 -0.0527 -2.47 nan
-3.00 -0.1508 0.06986 -0.0587 -2.16 nan
-2.75 -0.1125 0.06619 -0.0654 -1.70 nan
-2.50 -0.0595 0.06316 -0.0753 -0.94 nan
-2.25 -0.0103 0.06026 -0.0848 -0.17 nan
-2.00 0.0188 0.05713 -0.0856 0.33 nan
-1.75 0.0600 0.05441 -0.0931 1.10 42.203
-1.50 0.1074 0.05208 -0.1011 2.06 25.869
-1.25 0.1479 0.04978 -0.1067 2.97 18.602
-1.00 0.1869 0.04755 -0.1110 3.93 14.274
-0.75 0.2713 0.04423 -0.1245 6.13 9.259
-0.50 0.2561 0.04385 -0.1175 5.84 9.716
-0.25 0.3766 0.03890 -0.1365 9.68 5.897
0.00 0.4233 0.03715 -0.1408 11.39 5.016
0.25 0.4635 0.03578 -0.1438 12.95 4.414
0.50 0.5004 0.03475 -0.1460 14.40 3.972
0.75 0.5402 0.03393 -0.1485 15.92 3.594
1.00 0.5766 0.03332 -0.1504 17.30 3.307
1.25 0.6074 0.03297 -0.1512 18.42 3.107
1.50 0.6422 0.03271 -0.1527 19.63 2.916
1.75 0.6712 0.03256 -0.1531 20.61 2.777
2.00 0.7046 0.03250 -0.1545 21.68 2.641
2.25 0.7368 0.03229 -0.1558 22.82 2.509
2.50 0.7650 0.03156 -0.1564 24.24 2.362
2.75 0.7902 0.03212 -0.1562 24.60 2.328
3.00 0.9173 0.02518 -0.1582 36.43 1.572
3.25 0.9336 0.02665 -0.1561 35.03 1.635
3.50 0.9513 0.02787 -0.1541 34.13 1.678
3.75 0.9688 0.02907 -0.1521 33.33 1.719
4.00 0.9849 0.03045 -0.1498 32.34 1.771
4.25 1.0008 0.03181 -0.1477 31.46 1.821
4.50 1.0215 0.03328 -0.1460 30.69 1.866
4.75 1.0558 0.03494 -0.1464 30.22 1.895
5.00 1.1166 0.03718 -0.1505 30.03 1.907
5.25 1.1672 0.03987 -0.1535 29.28 1.956
5.50 1.2048 0.04248 -0.1545 28.36 2.019
5.75 1.2361 0.04556 -0.1543 27.13 2.111
6.00 1.2622 0.04831 -0.1532 26.13 2.192
6.25 1.2861 0.05130 -0.1516 25.07 2.284
6.50 1.3064 0.05455 -0.1499 23.95 2.391
6.75 1.3249 0.05805 -0.1476 22.82 2.509
7.00 1.3403 0.06162 -0.1451 21.75 2.632
7.25 1.3527 0.06592 -0.1418 20.52 2.790
7.50 1.3676 0.06959 -0.1393 19.65 2.913
7.75 1.3759 0.07356 -0.1355 18.70 3.060
8.00 1.3827 0.07766 -0.1319 17.80 3.215
8.25 1.3249 0.08236 -0.1195 16.09 3.557
8.50 1.3356 0.09361 -0.1210 14.27 4.009
8.75 1.3440 0.09853 -0.1287 13.64 4.193
9.00 1.3080 0.10496 -0.1289 12.46 4.588
9.25 1.2702 0.11211 -0.1310 11.33 5.044
9.50 1.2307 0.12183 -0.1379 10.10 5.653
9.75 1.1566 0.12934 -0.1244 8.94 6.381
10.00 1.1039 0.14187 -0.1343 7.78 7.323
nan nan nan nan nan nan
10.50 1.2091 0.14054 -0.1353 8.60 6.630
nan nan nan nan nan nan
11.00 1.2195 0.14942 -0.1341 8.16 6.985
11.25 1.2098 0.15471 -0.1364 7.82 7.287
11.50 1.2123 0.15875 -0.1372 7.64 7.460
11.75 1.2170 0.16331 -0.1369 7.45 7.643
12.00 1.2079 0.16786 -0.1402 7.20 7.912
12.25 1.2096 0.17282 -0.1427 7.00 8.131
12.50 1.2085 0.17727 -0.1434 6.82 8.345
12.75 1.2253 0.18169 -0.1404 6.74 8.434
13.00 1.2078 0.18609 -0.1481 6.49 8.759
13.25 1.2142 0.19003 -0.1489 6.39 8.895
13.50 1.2192 0.19512 -0.1501 6.25 9.092
13.75 1.2195 0.19884 -0.1553 6.13 9.261
14.00 1.2213 0.20324 -0.1559 6.01 9.448
14.25 1.2263 0.20813 -0.1593 5.89 9.633
14.50 1.2312 0.21193 -0.1608 5.81 9.767
14.75 1.2415 0.21620 -0.1601 5.74 9.879
15.00 1.2354 0.21938 -0.1660 5.63 10.070
15.25 1.2438 0.22459 -0.1685 5.54 10.235
15.50 1.2521 0.22827 -0.1708 5.49 10.332
15.75 1.2524 0.23236 -0.1720 5.39 10.511
16.00 1.2644 0.23487 -0.1749 5.38 10.523
