alpha cl cd cm xtrs xtri npts dcl dcd biest clalt cdalt
-6.00 -0.4780 0.07413 -0.0226 1.0000 0.1498 7 0.0602 0.00261 0 -0.4780 0.07413
-5.75 -0.4802 0.07197 -0.0224 1.0000 0.1549 7 0.0038 0.00076 0 -0.4802 0.07197
-5.50 -0.4547 0.06718 -0.0291 0.9943 0.1654 4 0.0002 0.00063 0 -0.4547 0.06718
-5.25 -0.4245 0.06269 -0.0356 0.9873 0.1799 3 0.0005 0.00011 0 -0.4245 0.06269
-5.00 -0.3818 0.04196 -0.0513 0.9828 0.0961 8 0.0152 0.01906 0 -0.3818 0.04196
-4.75 -0.3458 0.03688 -0.0546 0.9777 0.0925 8 0.0200 0.01984 0 -0.3458 0.03688
-4.50 -0.3084 0.03324 -0.0574 0.9731 0.0926 8 0.0264 0.01949 0 -0.3084 0.03324
-4.25 -0.2698 0.03091 -0.0596 0.9676 0.0948 8 0.0396 0.01892 0 -0.2698 0.03091
-4.00 -0.2320 0.02934 -0.0621 0.9624 0.0993 8 0.0044 0.00073 0 -0.2320 0.02934
-3.75 -0.1947 0.02795 -0.0639 0.9561 0.1039 9 0.0017 0.00014 0 -0.1947 0.02795
-3.50 -0.1556 0.02673 -0.0663 0.9509 0.1108 9 0.0012 0.00030 0 -0.1556 0.02673
-3.25 -0.1199 0.02572 -0.0679 0.9443 0.1186 9 0.0022 0.00016 0 -0.1199 0.02572
-3.00 -0.0809 0.02485 -0.0701 0.9389 0.1309 9 0.0050 0.00015 0 -0.0809 0.02485
-2.75 -0.0463 0.02411 -0.0716 0.9319 0.1481 9 0.0066 0.00024 0 -0.0463 0.02411
-2.50 -0.0101 0.02343 -0.0734 0.9256 0.1755 9 0.0016 0.00002 0 -0.0101 0.02343
-2.25 0.0242 0.02290 -0.0749 0.9188 0.2177 9 0.0019 0.00004 0 0.0242 0.02290
-2.00 0.0592 0.02214 -0.0765 0.9117 0.2962 9 0.0051 0.00013 0 0.0592 0.02214
-1.75 0.0961 0.02093 -0.0783 0.9059 0.4784 9 0.0046 0.00011 0 0.0961 0.02093
-1.50 0.1178 0.01982 -0.0749 0.8981 0.8359 8 0.0277 0.00021 0 0.1178 0.01982
-1.25 0.1956 0.01956 -0.0839 0.8939 1.0000 9 0.0036 0.00006 0 0.1956 0.01956
-1.00 0.2313 0.01958 -0.0853 0.8839 1.0000 9 0.0049 0.00005 0 0.2313 0.01958
-0.75 0.2732 0.01944 -0.0877 0.8755 1.0000 9 0.0106 0.00019 0 0.2732 0.01944
-0.50 0.3128 0.01918 -0.0893 0.8660 1.0000 9 0.0084 0.00018 0 0.3128 0.01918
-0.25 0.3503 0.01895 -0.0906 0.8562 1.0000 9 0.0064 0.00013 0 0.3503 0.01895
0.00 0.3870 0.01860 -0.0914 0.8460 1.0000 9 0.0060 0.00019 0 0.3870 0.01860
0.25 0.4189 0.01835 -0.0915 0.8351 1.0000 7 0.0012 0.00003 0 0.4189 0.01835
0.50 0.4506 0.01818 -0.0916 0.8257 1.0000 9 0.0025 0.00004 0 0.4506 0.01818
0.75 0.4830 0.01796 -0.0917 0.8172 1.0000 9 0.0031 0.00009 0 0.4830 0.01796
1.00 0.5112 0.01791 -0.0914 0.8073 1.0000 9 0.0063 0.00019 0 0.5112 0.01791
1.25 0.5404 0.01779 -0.0910 0.7973 1.0000 9 0.0058 0.00021 0 0.5404 0.01779
1.50 0.5670 0.01775 -0.0903 0.7863 1.0000 9 0.0052 0.00019 0 0.5670 0.01775
1.75 0.5937 0.01769 -0.0895 0.7752 1.0000 9 0.0043 0.00019 0 0.5937 0.01769
2.00 0.6221 0.01756 -0.0890 0.7644 1.0000 12 0.0010 0.00008 0 0.6221 0.01756
2.25 0.6502 0.01744 -0.0883 0.7527 1.0000 9 0.0020 0.00004 0 0.6502 0.01744
2.50 0.6769 0.01740 -0.0876 0.7404 1.0000 9 0.0009 0.00008 0 0.6769 0.01740
2.75 0.7038 0.01732 -0.0868 0.7271 1.0000 9 0.0028 0.00011 0 0.7038 0.01732
3.00 0.7300 0.01728 -0.0859 0.7131 1.0000 9 0.0026 0.00009 0 0.7300 0.01728
3.25 0.7567 0.01724 -0.0851 0.6985 1.0000 9 0.0015 0.00004 0 0.7567 0.01724
3.50 0.7841 0.01718 -0.0843 0.6834 1.0000 9 0.0032 0.00008 0 0.7841 0.01718
3.75 0.8100 0.01721 -0.0834 0.6667 1.0000 9 0.0017 0.00004 0 0.8100 0.01721
4.00 0.8346 0.01726 -0.0823 0.6478 1.0000 9 0.0003 0.00002 0 0.8346 0.01726
4.25 0.8602 0.01732 -0.0813 0.6288 1.0000 9 0.0013 0.00005 0 0.8602 0.01732
4.50 0.8848 0.01744 -0.0803 0.6085 1.0000 9 0.0011 0.00002 0 0.8848 0.01744
4.75 0.9094 0.01764 -0.0793 0.5876 1.0000 9 0.0005 0.00001 0 0.9094 0.01764
5.00 0.9340 0.01789 -0.0783 0.5670 1.0000 9 0.0010 0.00003 0 0.9340 0.01789
5.25 0.9579 0.01823 -0.0773 0.5466 1.0000 9 0.0009 0.00004 0 0.9579 0.01823
5.50 0.9812 0.01859 -0.0763 0.5273 1.0000 9 0.0013 0.00000 0 0.9812 0.01859
5.75 1.0056 0.01895 -0.0755 0.5098 1.0000 9 0.0016 0.00002 0 1.0056 0.01895
6.00 1.0286 0.01934 -0.0744 0.4921 1.0000 9 0.0004 0.00002 0 1.0286 0.01934
6.25 1.0511 0.01977 -0.0734 0.4747 1.0000 9 0.0009 0.00001 0 1.0511 0.01977
6.50 1.0744 0.02020 -0.0725 0.4594 1.0000 9 0.0000 0.00002 0 1.0744 0.02020
6.75 1.0961 0.02065 -0.0715 0.4444 1.0000 9 0.0004 0.00001 0 1.0961 0.02065
7.00 1.1181 0.02108 -0.0704 0.4304 1.0000 9 0.0004 0.00002 0 1.1181 0.02108
7.25 1.1403 0.02156 -0.0695 0.4176 1.0000 9 0.0017 0.00004 0 1.1403 0.02156
7.50 1.1628 0.02206 -0.0686 0.4054 1.0000 9 0.0010 0.00003 0 1.1628 0.02206
7.75 1.1852 0.02260 -0.0677 0.3931 1.0000 9 0.0008 0.00004 0 1.1852 0.02260
8.00 1.2074 0.02321 -0.0668 0.3804 1.0000 9 0.0009 0.00004 0 1.2074 0.02321
8.25 1.2294 0.02386 -0.0660 0.3670 1.0000 4 0.0018 0.00002 0 1.2294 0.02386
8.50 1.2492 0.02449 -0.0646 0.3535 1.0000 6 0.0010 0.00003 0 1.2492 0.02449
8.75 1.2682 0.02511 -0.0633 0.3387 1.0000 6 0.0004 0.00004 0 1.2682 0.02511
9.00 1.2854 0.02573 -0.0616 0.3230 1.0000 6 0.0007 0.00002 0 1.2854 0.02573
9.25 1.3010 0.02636 -0.0597 0.3062 1.0000 4 0.0024 0.00002 0 1.3010 0.02636
9.50 1.3151 0.02707 -0.0576 0.2884 1.0000 6 0.0023 0.00004 0 1.3151 0.02707
9.75 1.3269 0.02793 -0.0552 0.2694 1.0000 6 0.0014 0.00005 0 1.3269 0.02793
10.00 1.3398 0.02886 -0.0531 0.2521 1.0000 6 0.0035 0.00005 0 1.3398 0.02886
10.25 1.3507 0.02985 -0.0507 0.2357 1.0000 6 0.0045 0.00004 0 1.3507 0.02985
10.50 1.3610 0.03081 -0.0483 0.2216 1.0000 6 0.0029 0.00002 0 1.3610 0.03081
10.75 1.3700 0.03175 -0.0458 0.2092 1.0000 6 0.0035 0.00002 0 1.3700 0.03175
11.00 1.3763 0.03263 -0.0429 0.1986 1.0000 6 0.0028 0.00003 0 1.3763 0.03263
11.25 1.3827 0.03348 -0.0402 0.1892 1.0000 6 0.0026 0.00008 0 1.3827 0.03348
11.50 1.3891 0.03449 -0.0376 0.1807 1.0000 6 0.0032 0.00011 0 1.3891 0.03449
11.75 1.3963 0.03554 -0.0354 0.1725 1.0000 6 0.0022 0.00014 0 1.3963 0.03554
12.00 1.4023 0.03687 -0.0333 0.1640 1.0000 6 0.0019 0.00011 0 1.4023 0.03687
12.25 1.4080 0.03838 -0.0312 0.1557 1.0000 6 0.0028 0.00019 0 1.4080 0.03838
12.50 1.4139 0.03996 -0.0294 0.1476 1.0000 6 0.0021 0.00010 0 1.4139 0.03996
12.75 1.4173 0.04158 -0.0274 0.1394 1.0000 6 0.0062 0.00025 0 1.4173 0.04158
13.00 1.4184 0.04342 -0.0256 0.1324 1.0000 6 0.0019 0.00019 0 1.4184 0.04342
13.25 1.4175 0.04542 -0.0237 0.1250 1.0000 6 0.0058 0.00037 0 1.4175 0.04542
13.50 1.4173 0.04747 -0.0221 0.1172 1.0000 6 0.0065 0.00053 0 1.4173 0.04747
13.75 1.4112 0.04993 -0.0205 0.1093 1.0000 6 0.0047 0.00038 0 1.4112 0.04993
14.00 1.4006 0.05301 -0.0192 0.1014 1.0000 6 0.0057 0.00061 0 1.4006 0.05301
14.25 1.3901 0.05633 -0.0181 0.0931 1.0000 6 0.0033 0.00045 0 1.3901 0.05633
14.50 1.3806 0.05978 -0.0174 0.0852 1.0000 6 0.0042 0.00049 0 1.3806 0.05978
14.75 1.3729 0.06318 -0.0169 0.0780 1.0000 6 0.0073 0.00092 0 1.3729 0.06318
15.00 1.3631 0.06710 -0.0166 0.0727 1.0000 6 0.0032 0.00031 0 1.3631 0.06710
15.25 1.3601 0.07037 -0.0162 0.0678 1.0000 6 0.0109 0.00143 0 1.3601 0.07037
15.50 1.3513 0.07449 -0.0164 0.0643 1.0000 6 0.0087 0.00117 0 1.3513 0.07449
15.75 1.3555 0.07697 -0.0159 0.0605 1.0000 6 0.0036 0.00061 0 1.3555 0.07697
16.00 1.3423 0.08195 -0.0167 0.0585 1.0000 6 0.0054 0.00086 0 1.3423 0.08195
