theta cl_placa7_Re50 rpm_placa7_Re50 a_placa7_Re50 sal_placa7_Re50 cl_placa7_Re50_N5 rpm_placa7_Re50_N5 a_placa7_Re50_N5 sal_placa7_Re50_N5 cl_placa7_Re75 rpm_placa7_Re75 a_placa7_Re75 sal_placa7_Re75 cl_placa7_Re75_N5 rpm_placa7_Re75_N5 a_placa7_Re75_N5 sal_placa7_Re75_N5 cl_placa4_Re50 rpm_placa4_Re50 a_placa4_Re50 sal_placa4_Re50 cl_plana3_Re50 rpm_plana3_Re50 a_plana3_Re50 sal_plana3_Re50 cl_naca6412_Re50 rpm_naca6412_Re50 a_naca6412_Re50 sal_naca6412_Re50 cl_naca6412_Re50_N5 rpm_naca6412_Re50_N5 a_naca6412_Re50_N5 sal_naca6412_Re50_N5
-6.0 0.345 1851.003 0.945 0.345 0.383 1757.343 -0.217 nan 0.297 1994.524 1.007 nan 0.396 1727.070 -0.780 nan 0.224 2298.247 -0.036 nan 0.173 2610.480 0.713 nan 0.407 1703.769 0.673 nan 0.378 1768.766 -1.381 nan
-5.5 0.363 1805.175 0.965 0.363 0.403 1711.803 -0.107 nan 0.310 1952.241 1.138 nan 0.416 1686.133 -0.687 nan 0.236 2237.530 0.066 nan 0.189 2501.518 0.825 nan 0.424 1669.239 0.919 nan 0.401 1717.056 -1.177 nan
-5.0 0.380 1762.592 0.984 0.380 0.424 1669.446 0.005 nan 0.326 1904.223 1.258 0.326 0.437 1644.151 -0.563 nan 0.250 2176.048 0.178 nan 0.206 2395.110 0.942 nan 0.450 1620.981 1.258 nan 0.426 1665.901 -0.966 nan
-4.5 0.399 1721.517 1.028 nan 0.448 1624.827 0.151 nan 0.358 1815.993 1.316 0.358 0.460 1602.684 -0.421 nan 0.264 2115.789 0.299 nan 0.227 2282.639 1.075 nan 0.479 1570.479 1.554 nan 0.453 1615.900 -0.739 nan
-4.0 0.420 1677.277 1.185 nan 0.472 1581.916 0.309 nan 0.391 1738.990 1.373 0.391 0.484 1561.886 -0.262 nan 0.280 2054.321 0.437 nan 0.251 2169.429 1.222 nan 0.510 1522.939 1.888 nan 0.482 1566.089 -0.516 nan
-3.5 0.445 1629.700 1.340 nan 0.499 1539.050 0.490 nan 0.423 1671.019 1.431 0.423 0.514 1515.802 -0.085 nan 0.298 1992.920 0.589 nan 0.278 2060.301 1.437 nan 0.540 1479.426 2.350 nan 0.511 1521.178 -0.242 nan
-3.0 0.472 1581.722 1.493 nan 0.530 1492.807 0.688 nan 0.456 1610.442 1.488 0.456 0.545 1473.110 0.115 nan 0.316 1932.660 0.754 nan 0.310 1952.963 1.706 nan 0.572 1437.432 2.795 nan 0.542 1476.951 0.001 nan
-2.5 0.501 1535.699 1.702 nan 0.564 1448.156 0.910 nan 0.481 1567.730 1.693 nan 0.576 1431.814 0.343 nan 0.338 1870.529 0.941 nan 0.351 1836.089 2.073 nan 0.605 1397.770 3.282 nan 0.560 1453.076 0.274 nan
-2.0 0.531 1491.974 1.947 nan 0.598 1406.248 1.171 nan 0.510 1521.621 1.913 nan 0.613 1388.992 0.593 nan 0.356 1822.764 1.103 nan 0.395 1728.951 2.492 nan 0.638 1360.956 3.847 nan 0.600 1403.842 0.610 nan
-1.5 0.562 1450.483 2.234 nan 0.636 1363.629 1.452 nan 0.543 1475.944 2.166 nan 0.650 1348.181 0.885 nan 0.372 1781.679 1.255 nan 0.466 1592.331 3.074 nan 0.673 1325.019 6.725 nan 0.641 1358.052 0.970 nan
-1.0 0.593 1412.111 2.556 nan 0.674 1324.607 1.768 nan 0.573 1436.354 2.504 nan 0.691 1308.128 1.200 nan 0.403 1712.399 1.616 nan 0.632 1367.992 5.495 0.632 0.706 1293.727 7.264 nan 0.683 1315.217 1.343 nan
-0.5 0.625 1375.472 2.908 nan 0.716 1284.305 2.092 nan 0.622 1378.442 2.769 nan 0.733 1270.095 1.549 nan 0.435 1649.039 2.004 nan 0.712 1288.734 12.697 nan 0.738 1265.869 7.852 nan 0.725 1276.529 1.753 nan
0.0 0.658 1339.832 3.195 nan 0.755 1250.938 2.413 nan 0.680 1318.036 3.012 0.680 0.779 1231.561 1.901 nan 0.466 1591.911 2.425 nan 0.733 1269.693 14.068 nan 0.768 1240.236 8.498 nan 0.770 1239.093 2.154 nan
