alpha cl cd cm xtrs xtri npts dcl dcd biest clalt cdalt
-6.00 -0.4370 0.09055 -0.0130 1.0000 0.2487 6 0.0021 0.00204 0 -0.4370 0.09055
-5.75 -0.4303 0.08714 -0.0124 1.0000 0.2645 9 0.0011 0.00173 0 -0.4303 0.08714
-5.50 -0.4235 0.08398 -0.0117 1.0000 0.2808 6 0.0006 0.00076 0 -0.4235 0.08398
-5.25 -0.4165 0.08095 -0.0108 1.0000 0.2989 6 0.0005 0.00048 0 -0.4165 0.08095
-5.00 -0.4099 0.07840 -0.0108 1.0000 0.3204 5 0.0003 0.00027 0 -0.4099 0.07840
-4.75 -0.4036 0.07468 -0.0078 1.0000 0.3514 4 0.0010 0.00014 0 -0.4036 0.07468
-4.50 -0.3981 0.07202 -0.0063 1.0000 0.3782 5 0.0009 0.00033 0 -0.3981 0.07202
-4.25 -0.3956 0.06879 -0.0020 1.0000 0.4246 2 0.0018 0.00071 0 -0.3956 0.06879
-4.00 -0.0984 0.03954 -0.0246 1.0000 1.0000 6 0.0288 0.00161 0 -0.0984 0.03954
-3.75 -0.0894 0.03787 -0.0248 1.0000 1.0000 7 0.0014 0.00049 0 -0.0894 0.03787
-3.50 -0.0809 0.03625 -0.0248 1.0000 1.0000 7 0.0014 0.00049 0 -0.0809 0.03625
-3.25 -0.0955 0.03558 -0.0192 1.0000 0.9901 7 0.0148 0.00100 0 -0.0955 0.03558
-3.00 -0.1255 0.03572 -0.0099 1.0000 0.9719 9 0.0117 0.00085 0 -0.1255 0.03572
-2.75 -0.1545 0.03566 -0.0010 1.0000 0.9537 9 0.0108 0.00076 0 -0.1545 0.03566
-2.50 -0.1821 0.03539 0.0069 1.0000 0.9357 9 0.0098 0.00056 0 -0.1821 0.03539
-2.25 -0.2132 0.03496 0.0152 1.0000 0.9186 7 0.0064 0.00044 0 -0.2132 0.03496
-2.00 -0.2504 0.03447 0.0245 1.0000 0.9044 5 0.0060 0.00041 0 -0.2504 0.03447
-1.75 -0.2828 0.03390 0.0328 1.0000 0.8918 3 0.0038 0.00044 0 -0.2828 0.03390
-1.50 -0.3146 0.03298 0.0398 1.0000 0.8756 2 0.0015 0.00021 1 0.0023 0.03540
-1.25 -0.3192 0.03212 0.0377 1.0000 0.8376 2 0.0098 0.00027 1 0.0569 0.03292
-1.00 0.0961 0.03095 -0.0757 1.0000 0.2069 9 0.0139 0.00834 0 0.0961 0.03095
-0.75 0.1308 0.02925 -0.0769 1.0000 0.1938 9 0.0106 0.00859 0 0.1308 0.02925
-0.50 0.1660 0.02783 -0.0778 1.0000 0.1873 9 0.0106 0.00872 0 0.1660 0.02783
-0.25 0.1984 0.02659 -0.0781 1.0000 0.1854 9 0.0108 0.00891 0 0.1984 0.02659
0.00 0.2296 0.02552 -0.0783 1.0000 0.1935 9 0.0122 0.00918 0 0.2296 0.02552
0.25 0.2603 0.02457 -0.0782 1.0000 0.2037 9 0.0135 0.00925 0 0.2603 0.02457
0.50 0.2900 0.02371 -0.0779 1.0000 0.2212 9 0.0151 0.00935 0 0.2900 0.02371
0.75 0.3191 0.02276 -0.0778 1.0000 0.2671 9 0.0166 0.00956 0 0.3191 0.02276
1.00 0.3440 0.02020 -0.0767 1.0000 1.0000 9 0.0165 0.00913 0 0.3440 0.02020
1.25 0.3693 0.02050 -0.0751 1.0000 1.0000 9 0.0177 0.00913 0 0.3693 0.02050
1.50 0.3919 0.02083 -0.0742 1.0000 1.0000 9 0.0193 0.00913 0 0.3919 0.02083
1.75 0.4141 0.02118 -0.0733 1.0000 1.0000 9 0.0212 0.00910 0 0.4141 0.02118
2.00 0.4359 0.02157 -0.0724 1.0000 1.0000 12 0.0233 0.00902 0 0.4359 0.02157
2.25 0.4574 0.02199 -0.0715 1.0000 1.0000 9 0.0258 0.00887 0 0.4574 0.02199
2.50 0.4788 0.02244 -0.0706 1.0000 1.0000 6 0.0123 0.00003 1 0.6242 0.02187
2.75 0.5005 0.02292 -0.0695 1.0000 1.0000 6 0.0127 0.00003 1 0.6368 0.02104
3.00 0.5157 0.02338 -0.0665 1.0000 1.0000 2 0.0000 0.00000 1 0.6626 0.02611
3.25 0.6879 0.02776 -0.0834 0.1552 1.0000 9 0.0158 0.00610 0 0.6879 0.02776
3.50 0.7199 0.02975 -0.0830 0.1483 1.0000 9 0.0150 0.00574 0 0.7199 0.02975
3.75 0.7674 0.03197 -0.0848 0.1432 1.0000 9 0.0155 0.00575 0 0.7674 0.03197
4.00 0.8167 0.03443 -0.0865 0.1440 1.0000 9 0.0172 0.00602 0 0.8167 0.03443
4.25 0.8538 0.03701 -0.0865 0.1447 1.0000 9 0.0203 0.00636 0 0.8538 0.03701
4.50 0.8864 0.03936 -0.0858 0.1508 1.0000 8 0.0024 0.00015 0 0.8864 0.03936
4.75 0.9166 0.04237 -0.0849 0.1595 1.0000 8 0.0028 0.00047 0 0.9166 0.04237
5.00 0.9438 0.04518 -0.0835 0.1686 1.0000 8 0.0033 0.00020 0 0.9438 0.04518
5.25 0.9700 0.04844 -0.0823 0.1828 1.0000 8 0.0026 0.00051 0 0.9700 0.04844
5.50 0.9949 0.05186 -0.0812 0.2051 1.0000 8 0.0023 0.00024 0 0.9949 0.05186
5.75 1.0195 0.05583 -0.0809 0.2314 1.0000 8 0.0030 0.00030 0 1.0195 0.05583
6.00 1.0403 0.06065 -0.0823 0.2712 1.0000 8 0.0035 0.00035 0 1.0403 0.06065
6.25 1.0499 0.06668 -0.0868 0.3263 1.0000 6 0.0068 0.00033 0 1.0499 0.06668
6.50 1.0401 0.07372 -0.0936 0.3757 1.0000 6 0.0580 0.00233 0 1.0401 0.07372
6.75 1.0128 0.08072 -0.1001 0.4143 1.0000 6 0.0709 0.00384 0 1.0128 0.08072
7.00 0.9799 0.08730 -0.1062 0.4476 1.0000 5 0.0693 0.00297 0 0.9799 0.08730
7.25 0.9368 0.09404 -0.1133 0.5114 1.0000 5 0.0027 0.00178 0 0.9368 0.09404
7.50 0.8700 0.09923 -0.1205 0.6148 1.0000 3 0.0004 0.00021 0 0.8700 0.09923
8.25 0.8290 0.11131 -0.1261 0.7267 1.0000 4 0.0029 0.00026 0 0.8290 0.11131
8.50 0.8423 0.11595 -0.1275 0.7118 1.0000 2 0.0030 0.00025 0 0.8423 0.11595
8.75 0.8573 0.12060 -0.1285 0.6922 1.0000 4 0.0113 0.00146 0 0.8573 0.12060
9.00 0.8641 0.12415 -0.1266 0.6595 1.0000 4 0.0098 0.00101 0 0.8641 0.12415
9.25 0.8855 0.12919 -0.1274 0.6282 1.0000 5 0.0121 0.00122 0 0.8855 0.12919
9.50 0.9039 0.13398 -0.1268 0.5937 1.0000 5 0.0025 0.00072 0 0.9039 0.13398
9.75 0.9202 0.13839 -0.1259 0.5566 1.0000 5 0.0172 0.00157 0 0.9202 0.13839
10.00 0.9375 0.14318 -0.1248 0.5219 1.0000 5 0.0130 0.00096 0 0.9375 0.14318
10.25 0.9411 0.14632 -0.1231 0.4902 1.0000 5 0.0085 0.00010 0 0.9411 0.14632
10.50 0.9484 0.15008 -0.1219 0.4608 1.0000 5 0.0134 0.00066 0 0.9484 0.15008
10.75 0.9647 0.15422 -0.1207 0.4298 1.0000 5 0.0118 0.00124 0 0.9647 0.15422
11.00 0.9733 0.15806 -0.1197 0.4032 1.0000 5 0.0087 0.00151 0 0.9733 0.15806
11.25 0.9861 0.16335 -0.1183 0.3745 1.0000 5 0.0023 0.00158 0 0.9861 0.16335
11.50 0.9899 0.16578 -0.1177 0.3516 1.0000 5 0.0123 0.00124 0 0.9899 0.16578
11.75 1.0005 0.17119 -0.1170 0.3294 1.0000 5 0.0030 0.00142 0 1.0005 0.17119
12.00 0.9985 0.17413 -0.1176 0.3126 1.0000 5 0.0126 0.00125 0 0.9985 0.17413
12.25 1.0094 0.17830 -0.1170 0.2950 1.0000 5 0.0179 0.00063 0 1.0094 0.17830
12.50 1.0089 0.18122 -0.1179 0.2812 1.0000 5 0.0111 0.00081 0 1.0089 0.18122
12.75 1.0136 0.18527 -0.1184 0.2666 1.0000 5 0.0177 0.00075 0 1.0136 0.18527
13.00 1.0217 0.18881 -0.1188 0.2536 1.0000 5 0.0098 0.00151 0 1.0217 0.18881
13.25 1.0302 0.19313 -0.1191 0.2410 1.0000 5 0.0038 0.00314 0 1.0302 0.19313
13.50 1.0330 0.19623 -0.1204 0.2308 1.0000 5 0.0092 0.00195 0 1.0330 0.19623
13.75 1.0361 0.19954 -0.1216 0.2216 1.0000 5 0.0246 0.00144 0 1.0361 0.19954
14.00 1.0418 0.20440 -0.1228 0.2118 1.0000 5 0.0178 0.00196 0 1.0418 0.20440
14.25 1.0477 0.20759 -0.1229 0.2029 1.0000 4 0.0060 0.00021 0 1.0477 0.20759
14.50 1.0550 0.21177 -0.1240 0.1950 1.0000 4 0.0142 0.00178 0 1.0550 0.21177
14.75 1.0634 0.21616 -0.1249 0.1860 1.0000 4 0.0073 0.00531 0 1.0634 0.21616
15.00 1.0626 0.21747 -0.1274 0.1808 1.0000 4 0.0074 0.00034 0 1.0626 0.21747
15.25 1.0786 0.22457 -0.1271 0.1711 1.0000 4 0.0010 0.00299 0 1.0786 0.22457
15.50 1.0744 0.22413 -0.1305 0.1667 1.0000 4 0.0060 0.00114 0 1.0744 0.22413
15.75 1.0901 0.23150 -0.1303 0.1582 1.0000 4 0.0042 0.00555 0 1.0901 0.23150
16.00 1.0882 0.23138 -0.1335 0.1541 1.0000 4 0.0048 0.00196 0 1.0882 0.23138
