alpha cl cd cm xtrs xtri npts dcl dcd biest clalt cdalt
-6.00 -0.4159 0.10739 -0.0067 1.0002 0.2192 9 0.0432 0.00378 0 -0.4159 0.10739
-5.75 -0.4226 0.10584 -0.0065 1.0002 0.2248 8 0.0225 0.00489 0 -0.4226 0.10584
-5.50 -0.4280 0.10373 -0.0067 1.0002 0.2318 6 0.0035 0.00102 0 -0.4280 0.10373
-5.25 -0.4317 0.10114 -0.0070 1.0002 0.2373 9 0.0211 0.00431 0 -0.4317 0.10114
-5.00 -0.4321 0.09879 -0.0077 1.0002 0.2439 9 0.0086 0.00468 0 -0.4321 0.09879
-4.75 -0.4298 0.09644 -0.0066 1.0002 0.2520 9 0.0106 0.00452 0 -0.4298 0.09644
-4.50 -0.4278 0.09377 -0.0074 1.0002 0.2595 9 0.0036 0.00463 0 -0.4278 0.09377
-4.25 -0.4229 0.09131 -0.0099 1.0002 0.2711 9 0.0094 0.00423 0 -0.4229 0.09131
-4.00 -0.4176 0.08887 -0.0098 1.0002 0.2831 9 0.0393 0.00209 0 -0.4176 0.08887
-3.75 -0.3876 0.08549 -0.0157 0.9934 0.3044 7 0.0277 0.00255 0 -0.3876 0.08549
-3.50 -0.3530 0.08202 -0.0207 0.9823 0.3264 8 0.0045 0.00002 0 -0.3530 0.08202
-3.25 -0.3190 0.07894 -0.0260 0.9716 0.3555 6 0.0064 0.00006 0 -0.3190 0.07894
-3.00 -0.2952 0.07629 -0.0274 0.9611 0.3894 1 0.0000 0.00000 0 -0.2952 0.07629
-2.50 -0.0706 0.05822 -0.0877 0.9412 0.2148 8 0.0355 0.00471 0 -0.0706 0.05822
-2.25 -0.1070 0.06298 -0.0709 0.9304 0.3437 2 0.0004 0.00009 1 -0.0166 0.05463
-2.00 -0.1076 0.06260 -0.0628 0.9219 0.4204 2 0.0015 0.00034 1 0.0360 0.05207
-1.75 -0.1215 0.06207 -0.0500 0.9140 0.5035 2 0.0003 0.00006 1 0.0815 0.05040
-1.50 0.1253 0.04938 -0.1111 0.9047 0.2334 7 0.0059 0.00028 0 0.1253 0.04938
-1.25 0.1620 0.04873 -0.1138 0.8953 0.2480 9 0.0045 0.00011 0 0.1620 0.04873
-1.00 0.1941 0.04837 -0.1154 0.8857 0.2641 9 0.0028 0.00012 0 0.1941 0.04837
-0.75 0.2315 0.04811 -0.1179 0.8772 0.2856 9 0.0149 0.00016 0 0.2315 0.04811
-0.50 0.2638 0.04802 -0.1195 0.8685 0.3101 9 0.0095 0.00019 0 0.2638 0.04802
-0.25 0.3018 0.04799 -0.1218 0.8596 0.3406 9 0.0075 0.00016 0 0.3018 0.04799
0.00 0.3262 0.04820 -0.1221 0.8513 0.3726 9 0.0061 0.00018 0 0.3262 0.04820
0.25 0.3606 0.04826 -0.1237 0.8433 0.4186 9 0.0067 0.00016 0 0.3606 0.04826
0.50 0.3837 0.04846 -0.1237 0.8349 0.4738 9 0.0010 0.00004 0 0.3837 0.04846
0.75 0.4176 0.04712 -0.1239 0.8289 0.7182 6 0.0006 0.00014 0 0.4176 0.04712
1.00 0.4273 0.04800 -0.1221 0.8197 0.9998 9 0.0071 0.00011 0 0.4273 0.04800
1.25 0.4490 0.04928 -0.1222 0.8119 0.9998 9 0.0101 0.00013 0 0.4490 0.04928
1.50 0.4720 0.05055 -0.1225 0.8045 0.9998 9 0.0129 0.00022 0 0.4720 0.05055
1.75 0.5049 0.05168 -0.1240 0.7967 0.9998 9 0.0170 0.00029 0 0.5049 0.05168
2.00 0.5133 0.05326 -0.1226 0.7896 0.9998 12 0.0125 0.00026 0 0.5133 0.05326
2.25 0.5311 0.05474 -0.1223 0.7821 0.9998 9 0.0164 0.00032 0 0.5311 0.05474
2.50 0.5532 0.05618 -0.1226 0.7753 0.9998 9 0.0169 0.00042 0 0.5532 0.05618
2.75 0.5690 0.05775 -0.1222 0.7682 0.9998 9 0.0058 0.00012 0 0.5690 0.05775
3.00 0.5856 0.05940 -0.1219 0.7617 0.9998 9 0.0003 0.00004 0 0.5856 0.05940
3.25 0.6031 0.06102 -0.1217 0.7549 0.9998 9 0.0115 0.00032 0 0.6031 0.06102
3.50 0.6169 0.06284 -0.1212 0.7487 0.9998 9 0.0159 0.00038 0 0.6169 0.06284
3.75 0.6323 0.06461 -0.1209 0.7423 0.9998 9 0.0130 0.00039 0 0.6323 0.06461
4.00 0.6471 0.06650 -0.1206 0.7362 0.9998 8 0.0071 0.00019 0 0.6471 0.06650
4.25 0.5358 0.07558 -0.1152 0.8449 0.9998 2 0.0073 0.00014 1 0.6616 0.06843
4.50 0.5459 0.07782 -0.1150 0.8461 0.9998 2 0.0090 0.00010 1 0.6697 0.07059
4.75 0.5620 0.08008 -0.1154 0.8414 0.9998 2 0.0042 0.00037 1 0.6847 0.07261
5.00 0.5676 0.08181 -0.1142 0.8353 0.9998 2 0.0001 0.00002 1 0.6963 0.07482
5.25 0.5907 0.08439 -0.1155 0.8282 0.9998 2 0.0005 0.00013 1 0.7030 0.07725
5.50 0.6104 0.08663 -0.1162 0.8183 0.9998 2 0.0038 0.00019 1 0.7056 0.08000
5.75 0.6168 0.08843 -0.1151 0.8098 0.9998 2 0.0059 0.00015 1 0.7093 0.08291
6.00 0.6333 0.09082 -0.1155 0.8014 0.9998 2 0.0042 0.00043 1 0.7211 0.08605
6.25 0.6528 0.09326 -0.1162 0.7913 0.9998 2 0.0153 0.00084 0 0.6528 0.09326
6.50 0.6618 0.09524 -0.1155 0.7814 0.9998 2 0.0037 0.00013 0 0.6618 0.09524
6.75 0.6744 0.09753 -0.1154 0.7715 0.9998 2 0.0013 0.00004 0 0.6744 0.09753
7.00 0.6905 0.09999 -0.1158 0.7621 0.9998 3 0.0003 0.00016 0 0.6905 0.09999
7.25 0.7053 0.10242 -0.1159 0.7516 0.9998 3 0.0105 0.00067 0 0.7053 0.10242
7.50 0.7192 0.10485 -0.1160 0.7409 0.9998 2 0.0000 0.00000 0 0.7192 0.10485
7.75 0.7326 0.10730 -0.1160 0.7301 0.9998 3 0.0038 0.00011 0 0.7326 0.10730
8.00 0.7446 0.10970 -0.1158 0.7173 0.9998 5 0.0003 0.00001 0 0.7446 0.10970
8.25 0.7565 0.11217 -0.1157 0.7067 0.9998 4 0.0015 0.00001 0 0.7565 0.11217
8.50 0.7684 0.11482 -0.1157 0.6954 0.9998 5 0.0016 0.00029 0 0.7684 0.11482
8.75 0.7833 0.11757 -0.1160 0.6837 0.9998 6 0.0218 0.00173 0 0.7833 0.11757
9.00 0.8009 0.12037 -0.1164 0.6716 0.9998 6 0.0062 0.00068 0 0.8009 0.12037
9.25 0.8107 0.12262 -0.1163 0.6594 0.9998 6 0.0134 0.00082 0 0.8107 0.12262
9.50 0.8275 0.12570 -0.1167 0.6477 0.9998 6 0.0140 0.00077 0 0.8275 0.12570
9.75 0.8460 0.12891 -0.1172 0.6350 0.9998 6 0.0032 0.00093 0 0.8460 0.12891
10.00 0.8525 0.13117 -0.1168 0.6225 0.9998 4 0.0100 0.00086 0 0.8525 0.13117
10.25 0.8532 0.13348 -0.1161 0.6089 0.9998 6 0.0153 0.00121 0 0.8532 0.13348
10.50 0.8665 0.13620 -0.1163 0.5952 0.9998 6 0.0170 0.00112 0 0.8665 0.13620
10.75 0.8843 0.13924 -0.1166 0.5816 0.9998 6 0.0192 0.00036 0 0.8843 0.13924
11.00 0.8913 0.14201 -0.1162 0.5681 0.9998 6 0.0018 0.00106 0 0.8913 0.14201
11.25 0.8983 0.14455 -0.1163 0.5529 0.9998 6 0.0111 0.00164 0 0.8983 0.14455
11.50 0.9207 0.14714 -0.1163 0.5371 0.9998 6 0.0161 0.00128 0 0.9207 0.14714
11.75 0.9302 0.15047 -0.1163 0.5197 0.9998 6 0.0174 0.00162 0 0.9302 0.15047
12.00 0.9386 0.15302 -0.1161 0.5038 0.9998 6 0.0018 0.00127 0 0.9386 0.15302
12.25 0.9430 0.15521 -0.1158 0.4855 0.9998 6 0.0171 0.00131 0 0.9430 0.15521
12.50 0.9554 0.15710 -0.1151 0.4615 0.9998 2 0.0000 0.00000 1 1.0657 0.13854
12.75 1.0642 0.14146 -0.1026 0.3598 0.9998 6 0.0109 0.00155 0 1.0642 0.14146
13.00 1.0759 0.14263 -0.1011 0.3412 0.9998 4 0.0049 0.00071 1 1.4389 0.07276
13.25 1.0888 0.14348 -0.0997 0.3230 0.9998 4 0.0166 0.00269 0 1.0888 0.14348
13.50 1.1270 0.13946 -0.0952 0.3017 0.9998 2 0.0000 0.00000 1 1.3956 0.08334
13.75 1.1182 0.14407 -0.0961 0.2861 0.9998 2 0.0000 0.00000 1 1.4653 0.07308
14.00 1.4634 0.07601 -0.0617 0.1926 0.9998 4 0.0006 0.00003 0 1.4634 0.07601
14.25 1.4693 0.07842 -0.0601 0.1765 0.9998 6 0.0187 0.00196 0 1.4693 0.07842
14.50 1.4747 0.08117 -0.0586 0.1639 0.9998 5 0.0145 0.00141 0 1.4747 0.08117
14.75 1.4871 0.08349 -0.0573 0.1513 0.9998 5 0.0271 0.00237 0 1.4871 0.08349
15.00 1.4764 0.08806 -0.0568 0.1464 0.9998 5 0.0171 0.00170 0 1.4764 0.08806
15.25 1.4886 0.09066 -0.0557 0.1379 0.9998 2 0.0000 0.00000 0 1.4886 0.09066
15.50 1.2556 0.13321 -0.0769 0.1735 0.9998 3 0.0969 0.02832 1 1.4649 0.09673
15.75 1.2353 0.14244 -0.0809 0.1688 0.9998 3 0.0789 0.02448 1 1.4412 0.10323
16.00 1.2035 0.15610 -0.0878 0.1670 0.9998 3 0.0623 0.02008 1 1.4247 0.10923
