alpha cl cd cm fuente
-180.0 -0.4383 0.0210 -0.2191 3
-179.5 -0.3957 0.0231 -0.1972 3
-179.0 -0.3486 0.0245 -0.1731 3
-178.5 -0.3001 0.0258 -0.1484 3
-178.0 -0.2480 0.0273 -0.1221 3
-177.5 -0.1961 0.0289 -0.0960 3
-177.0 -0.1469 0.0309 -0.0713 3
-176.5 -0.0879 0.0337 -0.0420 3
-176.0 -0.0166 0.0433 -0.0066 3
-175.5 0.0506 0.0620 0.0270 3
-175.0 0.0925 0.0693 0.0477 3
-174.5 0.1297 0.0774 0.0662 3
-174.0 0.1607 0.0852 0.0816 3
-173.5 0.1674 0.0871 0.0849 3
-173.0 0.1734 0.0885 0.0879 3
-172.5 0.1787 0.0896 0.0905 3
-172.0 0.1835 0.0902 0.0928 3
-171.5 0.1876 0.0905 0.0948 3
-171.0 0.1912 0.0904 0.0964 3
-170.5 0.1942 0.0901 0.0978 3
-170.0 0.1969 0.0896 0.0989 3
-169.5 0.1992 0.0890 0.0998 3
-169.0 0.2012 0.0882 0.1006 3
-168.5 0.2030 0.0875 0.1013 3
-168.0 0.2046 0.0869 0.1018 3
-167.5 0.2062 0.0864 0.1024 3
-167.0 0.2078 0.0861 0.1029 3
-166.5 0.2096 0.0862 0.1036 3
-166.0 0.2115 0.0867 0.1043 3
-165.5 0.2137 0.0877 0.1052 3
-165.0 0.2162 0.0891 0.1063 3
-164.5 0.2191 0.0912 0.1076 3
-164.0 0.2225 0.0939 0.1092 3
-163.5 0.2264 0.0973 0.1111 3
-163.0 0.2307 0.1015 0.1133 3
-162.5 0.2357 0.1063 0.1159 3
-162.0 0.2412 0.1120 0.1188 3
-161.5 0.2469 0.1180 0.1219 3
-161.0 0.2526 0.1243 0.1249 3
-160.5 0.2582 0.1306 0.1280 3
-160.0 0.2638 0.1371 0.1310 3
-159.5 0.2692 0.1438 0.1340 3
-159.0 0.2746 0.1506 0.1370 3
-158.5 0.2799 0.1575 0.1401 3
-158.0 0.2850 0.1645 0.1430 3
-157.5 0.2902 0.1717 0.1460 3
-157.0 0.2952 0.1790 0.1490 3
-156.5 0.3001 0.1864 0.1520 3
-156.0 0.3049 0.1940 0.1549 3
-155.5 0.3097 0.2016 0.1578 3
-155.0 0.3143 0.2094 0.1608 3
-154.5 0.3189 0.2173 0.1637 3
-154.0 0.3234 0.2253 0.1666 3
-153.5 0.3277 0.2334 0.1695 3
-153.0 0.3320 0.2416 0.1723 3
-152.5 0.3361 0.2500 0.1752 3
-152.0 0.3402 0.2584 0.1780 3
-151.5 0.3441 0.2669 0.1809 3
-151.0 0.3480 0.2756 0.1837 3
-150.5 0.3517 0.2843 0.1865 3
-150.0 0.3554 0.2931 0.1893 3
-149.5 0.3589 0.3020 0.1921 3
-149.0 0.3623 0.3110 0.1948 3
-148.5 0.3656 0.3201 0.1976 3
-148.0 0.3688 0.3292 0.2003 3
-147.5 0.3719 0.3385 0.2030 3
-147.0 0.3749 0.3478 0.2057 3
-146.5 0.3777 0.3572 0.2084 3
-146.0 0.3805 0.3666 0.2111 3
-145.5 0.3831 0.3761 0.2137 3
-145.0 0.3856 0.3857 0.2163 3
-144.5 0.3880 0.3954 0.2189 3
-144.0 0.3903 0.4051 0.2215 3
-143.5 0.3924 0.4148 0.2241 3
-143.0 0.3944 0.4246 0.2266 3
-142.5 0.3964 0.4345 0.2292 3
-142.0 0.3982 0.4444 0.2317 3
-141.5 0.3998 0.4543 0.2342 3
-141.0 0.4014 0.4643 0.2366 3
-140.5 0.4028 0.4743 0.2391 3
-140.0 0.4041 0.4844 0.2415 3
-139.5 0.4053 0.4945 0.2439 3
-139.0 0.4063 0.5046 0.2462 3
-138.5 0.4073 0.5148 0.2486 3
-138.0 0.4081 0.5249 0.2509 3
-137.5 0.4088 0.5351 0.2532 3
-137.0 0.4093 0.5453 0.2555 3
-136.5 0.4098 0.5555 0.2577 3
-136.0 0.4101 0.5657 0.2599 3
-135.5 0.4103 0.5760 0.2621 3
-135.0 0.4103 0.5862 0.2642 3
-134.5 0.4103 0.5964 0.2664 3
-134.0 0.4101 0.6067 0.2685 3
-133.5 0.4098 0.6169 0.2705 3
-133.0 0.4093 0.6271 0.2726 3
-132.5 0.4088 0.6373 0.2746 3
-132.0 0.4081 0.6475 0.2766 3
-131.5 0.4073 0.6576 0.2785 3
-131.0 0.4063 0.6678 0.2804 3
-130.5 0.4053 0.6779 0.2823 3
-130.0 0.4041 0.6880 0.2841 3
-129.5 0.4028 0.6981 0.2859 3
-129.0 0.4014 0.7081 0.2877 3
-128.5 0.3998 0.7181 0.2894 3
-128.0 0.3982 0.7280 0.2911 3
-127.5 0.3964 0.7379 0.2928 3
-127.0 0.3944 0.7478 0.2944 3
-126.5 0.3924 0.7576 0.2960 3
-126.0 0.3903 0.7673 0.2976 3
-125.5 0.3880 0.7770 0.2991 3
-125.0 0.3856 0.7867 0.3006 3
-124.5 0.3831 0.7963 0.3020 3
-124.0 0.3805 0.8058 0.3034 3
-123.5 0.3777 0.8152 0.3047 3
-123.0 0.3749 0.8246 0.3061 3
-122.5 0.3719 0.8339 0.3073 3
-122.0 0.3688 0.8432 0.3086 3
-121.5 0.3656 0.8523 0.3097 3
-121.0 0.3623 0.8614 0.3109 3
-120.5 0.3589 0.8704 0.3120 3
-120.0 0.3554 0.8793 0.3131 3
-119.5 0.3517 0.8881 0.3141 3
-119.0 0.3480 0.8968 0.3151 3
-118.5 0.3441 0.9055 0.3160 3
-118.0 0.3402 0.9140 0.3169 3
-117.5 0.3361 0.9224 0.3177 3
-117.0 0.3320 0.9308 0.3185 3
-116.5 0.3277 0.9390 0.3193 3
-116.0 0.3234 0.9471 0.3200 3
-115.5 0.3189 0.9551 0.3206 3
-115.0 0.3143 0.9630 0.3212 3
-114.5 0.3097 0.9708 0.3218 3
-114.0 0.3049 0.9784 0.3223 3
-113.5 0.3001 0.9860 0.3228 3
-113.0 0.2952 0.9934 0.3232 3
-112.5 0.2902 1.0007 0.3236 3
-112.0 0.2850 1.0079 0.3239 3
-111.5 0.2799 1.0149 0.3242 3
-111.0 0.2746 1.0218 0.3245 3
-110.5 0.2692 1.0286 0.3247 3
-110.0 0.2638 1.0353 0.3248 3
-109.5 0.2582 1.0418 0.3249 3
-109.0 0.2526 1.0481 0.3250 3
-108.5 0.2469 1.0544 0.3250 3
-108.0 0.2412 1.0604 0.3249 3
-107.5 0.2354 1.0664 0.3248 3
-107.0 0.2295 1.0722 0.3247 3
-106.5 0.2235 1.0778 0.3245 3
-106.0 0.2174 1.0833 0.3243 3
-105.5 0.2113 1.0887 0.3240 3
-105.0 0.2052 1.0939 0.3237 3
-104.5 0.1989 1.0989 0.3233 3
-104.0 0.1926 1.1038 0.3229 3
-103.5 0.1863 1.1085 0.3224 3
-103.0 0.1799 1.1131 0.3219 3
-102.5 0.1734 1.1175 0.3213 3
-102.0 0.1669 1.1217 0.3207 3
-101.5 0.1603 1.1258 0.3201 3
-101.0 0.1537 1.1297 0.3194 3
-100.5 0.1471 1.1335 0.3186 3
-100.0 0.1403 1.1370 0.3178 3
-99.5 0.1336 1.1405 0.3170 3
-99.0 0.1268 1.1437 0.3161 3
-98.5 0.1200 1.1468 0.3152 3
-98.0 0.1131 1.1497 0.3142 3
-97.5 0.1062 1.1524 0.3132 3
-97.0 0.0993 1.1550 0.3121 3
-96.5 0.0923 1.1574 0.3110 3
-96.0 0.0853 1.1596 0.3099 3
-95.5 0.0783 1.1616 0.3087 3
-95.0 0.0713 1.1635 0.3075 3
-94.5 0.0642 1.1652 0.3062 3
-94.0 0.0571 1.1667 0.3049 3
-93.5 0.0500 1.1680 0.3036 3
-93.0 0.0429 1.1692 0.3022 3
-92.5 0.0358 1.1702 0.3008 3
-92.0 0.0286 1.1710 0.2993 3
-91.5 0.0215 1.1716 0.2978 3
-91.0 0.0143 1.1720 0.2963 3
-90.5 0.0072 1.1723 0.2947 3
-90.0 0.0000 1.1724 0.2931 3
-89.5 -0.0102 1.1723 0.2895 2
-89.0 -0.0205 1.1720 0.2859 2
-88.5 -0.0307 1.1716 0.2822 2
-88.0 -0.0409 1.1710 0.2786 2
-87.5 -0.0511 1.1702 0.2749 2
-87.0 -0.0613 1.1692 0.2712 2
-86.5 -0.0714 1.1680 0.2675 2
-86.0 -0.0816 1.1667 0.2637 2
-85.5 -0.0917 1.1652 0.2600 2
-85.0 -0.1018 1.1635 0.2562 2
-84.5 -0.1119 1.1616 0.2525 2
-84.0 -0.1219 1.1596 0.2487 2
-83.5 -0.1319 1.1574 0.2449 2
-83.0 -0.1418 1.1550 0.2410 2
-82.5 -0.1517 1.1524 0.2372 2
-82.0 -0.1616 1.1497 0.2334 2
-81.5 -0.1714 1.1468 0.2295 2
-81.0 -0.1811 1.1437 0.2257 2
-80.5 -0.1908 1.1405 0.2218 2
-80.0 -0.2005 1.1370 0.2180 2
-79.5 -0.2101 1.1335 0.2141 2
-79.0 -0.2196 1.1297 0.2102 2
-78.5 -0.2290 1.1258 0.2063 2
-78.0 -0.2384 1.1217 0.2024 2
-77.5 -0.2477 1.1175 0.1986 2
-77.0 -0.2570 1.1131 0.1947 2
-76.5 -0.2661 1.1085 0.1908 2
-76.0 -0.2752 1.1038 0.1869 2
-75.5 -0.2842 1.0989 0.1830 2
-75.0 -0.2931 1.0939 0.1791 2
-74.5 -0.3019 1.0887 0.1752 2
-74.0 -0.3106 1.0833 0.1713 2
-73.5 -0.3193 1.0778 0.1675 2
-73.0 -0.3278 1.0722 0.1636 2
-72.5 -0.3362 1.0664 0.1597 2
-72.0 -0.3446 1.0604 0.1559 2
-71.5 -0.3528 1.0544 0.1520 2
-71.0 -0.3609 1.0481 0.1482 2
-70.5 -0.3689 1.0418 0.1443 2
-70.0 -0.3768 1.0353 0.1405 2
-69.5 -0.3846 1.0286 0.1367 2
-69.0 -0.3922 1.0218 0.1329 2
-68.5 -0.3998 1.0149 0.1291 2
-68.0 -0.4072 1.0079 0.1253 2
-67.5 -0.4145 1.0007 0.1216 2
-67.0 -0.4217 0.9934 0.1178 2
-66.5 -0.4287 0.9860 0.1141 2
-66.0 -0.4356 0.9784 0.1104 2
-65.5 -0.4424 0.9708 0.1067 2
-65.0 -0.4491 0.9630 0.1030 2
-64.5 -0.4556 0.9551 0.0993 2
-64.0 -0.4619 0.9471 0.0957 2
-63.5 -0.4682 0.9390 0.0921 2
-63.0 -0.4742 0.9308 0.0885 2
-62.5 -0.4802 0.9224 0.0849 2
-62.0 -0.4860 0.9140 0.0813 2
-61.5 -0.4916 0.9055 0.0778 2
-61.0 -0.4971 0.8968 0.0743 2
-60.5 -0.5025 0.8881 0.0708 2
-60.0 -0.5077 0.8793 0.0673 2
-59.5 -0.5127 0.8704 0.0639 2
-59.0 -0.5176 0.8614 0.0605 2
-58.5 -0.5223 0.8523 0.0571 2
-58.0 -0.5269 0.8432 0.0538 2
-57.5 -0.5313 0.8339 0.0504 2
-57.0 -0.5355 0.8246 0.0472 2
-56.5 -0.5396 0.8152 0.0439 2
-56.0 -0.5435 0.8058 0.0407 2
-55.5 -0.5473 0.7963 0.0375 2
-55.0 -0.5508 0.7867 0.0343 2
-54.5 -0.5543 0.7770 0.0312 2
-54.0 -0.5575 0.7673 0.0281 2
-53.5 -0.5606 0.7576 0.0250 2
-53.0 -0.5635 0.7478 0.0220 2
-52.5 -0.5662 0.7379 0.0190 2
-52.0 -0.5688 0.7280 0.0160 2
-51.5 -0.5712 0.7181 0.0131 2
-51.0 -0.5734 0.7081 0.0102 2
-50.5 -0.5754 0.6981 0.0074 2
-50.0 -0.5773 0.6880 0.0046 2
-49.5 -0.5790 0.6779 0.0018 2
-49.0 -0.5805 0.6678 -0.0009 2
-48.5 -0.5818 0.6576 -0.0036 2
-48.0 -0.5830 0.6475 -0.0062 2
-47.5 -0.5840 0.6373 -0.0088 2
-47.0 -0.5848 0.6271 -0.0114 2
-46.5 -0.5854 0.6169 -0.0139 2
-46.0 -0.5858 0.6067 -0.0164 2
-45.5 -0.5861 0.5964 -0.0188 2
-45.0 -0.5862 0.5862 -0.0211 2
-44.5 -0.5861 0.5760 -0.0235 2
-44.0 -0.5858 0.5657 -0.0258 2
-43.5 -0.5854 0.5555 -0.0280 2
-43.0 -0.5848 0.5453 -0.0302 2
-42.5 -0.5840 0.5351 -0.0323 2
-42.0 -0.5830 0.5249 -0.0344 2
-41.5 -0.5818 0.5148 -0.0365 2
-41.0 -0.5805 0.5046 -0.0385 2
-40.5 -0.5790 0.4945 -0.0404 2
-40.0 -0.5773 0.4844 -0.0423 2
-39.5 -0.5754 0.4743 -0.0441 2
-39.0 -0.5734 0.4643 -0.0459 2
-38.5 -0.5712 0.4543 -0.0477 2
-38.0 -0.5688 0.4444 -0.0493 2
-37.5 -0.5662 0.4345 -0.0510 2
-37.0 -0.5635 0.4246 -0.0526 2
-36.5 -0.5606 0.4148 -0.0541 2
-36.0 -0.5575 0.4051 -0.0556 2
-35.5 -0.5543 0.3954 -0.0570 2
-35.0 -0.5508 0.3857 -0.0583 2
-34.5 -0.5473 0.3761 -0.0596 2
-34.0 -0.5435 0.3666 -0.0609 2
-33.5 -0.5396 0.3572 -0.0621 2
-33.0 -0.5355 0.3478 -0.0632 2
-32.5 -0.5313 0.3385 -0.0643 2
-32.0 -0.5269 0.3292 -0.0653 2
-31.5 -0.5223 0.3201 -0.0663 2
-31.0 -0.5176 0.3110 -0.0672 2
-30.5 -0.5127 0.3020 -0.0680 2
-30.0 -0.5077 0.2931 -0.0688 2
-29.5 -0.5025 0.2843 -0.0695 2
-29.0 -0.4971 0.2756 -0.0702 2
-28.5 -0.4916 0.2669 -0.0708 2
-28.0 -0.4860 0.2584 -0.0713 2
-27.5 -0.4802 0.2500 -0.0718 2
-27.0 -0.4742 0.2416 -0.0722 2
-26.5 -0.4682 0.2334 -0.0726 2
-26.0 -0.4619 0.2253 -0.0729 2
-25.5 -0.4556 0.2173 -0.0731 2
-25.0 -0.4491 0.2094 -0.0733 2
-24.5 -0.4424 0.2016 -0.0734 2
-24.0 -0.4356 0.1940 -0.0735 2
-23.5 -0.4287 0.1864 -0.0735 2
-23.0 -0.4217 0.1790 -0.0734 2
-22.5 -0.4145 0.1717 -0.0733 2
-22.0 -0.4072 0.1645 -0.0730 2
-21.5 -0.3998 0.1575 -0.0728 2
-21.0 -0.3922 0.1506 -0.0725 2
-20.5 -0.3846 0.1438 -0.0721 2
-20.0 -0.3768 0.1371 -0.0716 2
-19.5 -0.3689 0.1306 -0.0711 2
-19.0 -0.3609 0.1243 -0.0705 2
-18.5 -0.3528 0.1180 -0.0698 2
-18.0 -0.3446 0.1120 -0.0691 2
-17.5 -0.3367 0.1063 -0.0685 2
-17.0 -0.3296 0.1015 -0.0679 2
-16.5 -0.3234 0.0973 -0.0675 2
-16.0 -0.3179 0.0939 -0.0673 2
-15.5 -0.3130 0.0912 -0.0672 2
-15.0 -0.3089 0.0891 -0.0672 2
-14.5 -0.3053 0.0877 -0.0674 2
-14.0 -0.3021 0.0867 -0.0676 2
-13.5 -0.2994 0.0862 -0.0680 2
-13.0 -0.2969 0.0861 -0.0683 2
-12.5 -0.2946 0.0864 -0.0688 2
-12.0 -0.2923 0.0869 -0.0692 2
-11.5 -0.2899 0.0875 -0.0695 2
-11.0 -0.2874 0.0882 -0.0699 2
-10.5 -0.2845 0.0890 -0.0701 2
-10.0 -0.2813 0.0896 -0.0702 2
-9.5 -0.2775 0.0901 -0.0701 2
-9.0 -0.2731 0.0904 -0.0698 2
-8.5 -0.2680 0.0905 -0.0693 2
-8.0 -0.2621 0.0902 -0.0686 2
-7.5 -0.2553 0.0896 -0.0676 2
-7.0 -0.2477 0.0885 -0.0663 2
-6.5 -0.2391 0.0871 -0.0646 2
-6.0 -0.2296 0.0852 -0.0627 0
-5.5 -0.1853 0.0774 -0.0713 0
-5.0 -0.1321 0.0693 -0.0840 0
-4.5 -0.0723 0.0620 -0.0942 0
-4.0 0.0237 0.0433 -0.1153 0
-3.5 0.1256 0.0337 -0.1304 0
-3.0 0.2098 0.0309 -0.1359 0
-2.5 0.2801 0.0289 -0.1384 0
-2.0 0.3543 0.0273 -0.1413 0
-1.5 0.4287 0.0258 -0.1439 0
-1.0 0.4980 0.0245 -0.1455 0
-0.5 0.5653 0.0231 -0.1468 0
0.0 0.6261 0.0210 -0.1467 0
0.5 0.6929 0.0201 -0.1468 0
1.0 0.7483 0.0203 -0.1463 0
1.5 0.8121 0.0203 -0.1471 0
2.0 0.8652 0.0208 -0.1464 0
2.5 0.9239 0.0211 -0.1466 0
3.0 0.9770 0.0217 -0.1460 0
3.5 1.0279 0.0225 -0.1452 0
4.0 1.0775 0.0233 -0.1442 0
4.5 1.1279 0.0241 -0.1434 0
5.0 1.1782 0.0250 -0.1425 0
5.5 1.2282 0.0259 -0.1416 0
6.0 1.2785 0.0267 -0.1407 0
6.5 1.3280 0.0277 -0.1397 0
7.0 1.3814 0.0283 -0.1391 0
7.5 1.4203 0.0294 -0.1363 0
8.0 1.4667 0.0300 -0.1344 0
8.5 1.5134 0.0299 -0.1320 0
9.0 1.5562 0.0297 -0.1289 0
9.5 1.5918 0.0298 -0.1248 0
10.0 1.6173 0.0300 -0.1193 0
10.5 1.6217 0.0308 -0.1106 0
11.0 1.6135 0.0324 -0.1011 0
11.5 1.5809 0.0354 -0.0959 1
12.0 1.5300 0.0395 -0.0946 1
12.5 1.4837 0.0438 -0.0934 1
13.0 1.4415 0.0482 -0.0924 1
13.5 1.4029 0.0528 -0.0915 1
14.0 1.3674 0.0576 -0.0907 1
14.5 1.3349 0.0625 -0.0901 1
15.0 1.3049 0.0675 -0.0895 1
15.5 1.2771 0.0728 -0.0891 1
16.0 1.2515 0.0781 -0.0887 1
16.5 1.2277 0.0837 -0.0885 1
17.0 1.2057 0.0893 -0.0883 1
17.5 1.1852 0.0952 -0.0881 1
18.0 1.1661 0.1011 -0.0881 1
18.5 1.1482 0.1072 -0.0881 1
19.0 1.1316 0.1135 -0.0882 1
19.5 1.1160 0.1199 -0.0883 1
20.0 1.1014 0.1265 -0.0885 1
20.5 1.0877 0.1331 -0.0887 1
21.0 1.0748 0.1399 -0.0890 1
21.5 1.0627 0.1469 -0.0893 1
22.0 1.0513 0.1540 -0.0897 1
22.5 1.0405 0.1612 -0.0901 1
23.0 1.0303 0.1685 -0.0905 1
23.5 1.0207 0.1760 -0.0910 1
24.0 1.0115 0.1836 -0.0915 1
24.5 1.0028 0.1913 -0.0921 1
25.0 0.9945 0.1991 -0.0927 1
25.5 0.9867 0.2070 -0.0933 1
26.0 0.9791 0.2151 -0.0940 1
26.5 0.9719 0.2232 -0.0947 1
27.0 0.9650 0.2315 -0.0954 1
27.5 0.9584 0.2399 -0.0961 1
28.0 0.9520 0.2484 -0.0969 1
28.5 0.9459 0.2569 -0.0977 1
29.0 0.9400 0.2656 -0.0986 1
29.5 0.9342 0.2744 -0.0994 1
30.0 0.9287 0.2832 -0.1003 1
30.5 0.9232 0.2922 -0.1012 1
31.0 0.9180 0.3012 -0.1022 1
31.5 0.9128 0.3104 -0.1031 1
32.0 0.9078 0.3196 -0.1041 1
32.5 0.9028 0.3289 -0.1051 1
33.0 0.8980 0.3382 -0.1061 1
33.5 0.8932 0.3477 -0.1072 1
34.0 0.8885 0.3572 -0.1083 1
34.5 0.8838 0.3667 -0.1094 1
35.0 0.8792 0.3764 -0.1105 1
35.5 0.8746 0.3861 -0.1116 1
36.0 0.8700 0.3958 -0.1128 1
36.5 0.8655 0.4057 -0.1140 1
37.0 0.8609 0.4155 -0.1152 1
37.5 0.8564 0.4255 -0.1164 1
38.0 0.8519 0.4354 -0.1176 1
38.5 0.8473 0.4454 -0.1189 1
39.0 0.8427 0.4555 -0.1202 1
39.5 0.8381 0.4656 -0.1215 1
40.0 0.8335 0.4757 -0.1228 1
40.5 0.8289 0.4858 -0.1241 1
41.0 0.8242 0.4960 -0.1255 1
41.5 0.8194 0.5062 -0.1268 1
42.0 0.8146 0.5165 -0.1282 1
42.5 0.8098 0.5267 -0.1296 1
43.0 0.8049 0.5370 -0.1310 1
43.5 0.7999 0.5473 -0.1325 1
44.0 0.7949 0.5576 -0.1339 1
44.5 0.7898 0.5679 -0.1354 1
45.0 0.7847 0.5782 -0.1369 1
45.5 0.7794 0.5885 -0.1384 1
46.0 0.7741 0.5988 -0.1399 1
46.5 0.7687 0.6090 -0.1414 1
47.0 0.7633 0.6193 -0.1429 1
47.5 0.7577 0.6296 -0.1445 1
48.0 0.7521 0.6399 -0.1461 1
48.5 0.7464 0.6501 -0.1476 1
49.0 0.7406 0.6603 -0.1492 1
49.5 0.7347 0.6705 -0.1508 1
50.0 0.7287 0.6807 -0.1525 1
50.5 0.7226 0.6908 -0.1541 1
51.0 0.7164 0.7009 -0.1557 1
51.5 0.7102 0.7110 -0.1574 1
52.0 0.7038 0.7210 -0.1591 1
52.5 0.6973 0.7310 -0.1607 1
53.0 0.6908 0.7409 -0.1624 1
53.5 0.6841 0.7508 -0.1641 1
54.0 0.6774 0.7607 -0.1658 1
54.5 0.6705 0.7704 -0.1676 1
55.0 0.6636 0.7802 -0.1693 1
55.5 0.6565 0.7898 -0.1710 1
56.0 0.6494 0.7994 -0.1728 1
56.5 0.6421 0.8090 -0.1745 1
57.0 0.6348 0.8184 -0.1763 1
57.5 0.6273 0.8278 -0.1781 1
58.0 0.6198 0.8371 -0.1799 1
58.5 0.6122 0.8464 -0.1817 1
59.0 0.6044 0.8555 -0.1835 1
59.5 0.5966 0.8646 -0.1853 1
60.0 0.5887 0.8736 -0.1871 1
60.5 0.5807 0.8825 -0.1889 1
61.0 0.5725 0.8913 -0.1907 1
61.5 0.5643 0.9000 -0.1926 1
62.0 0.5560 0.9087 -0.1944 1
62.5 0.5476 0.9172 -0.1962 1
63.0 0.5392 0.9256 -0.1981 1
63.5 0.5306 0.9339 -0.1999 1
64.0 0.5219 0.9421 -0.2018 1
64.5 0.5132 0.9502 -0.2037 1
65.0 0.5044 0.9582 -0.2055 1
65.5 0.4955 0.9661 -0.2074 1
66.0 0.4865 0.9738 -0.2093 1
66.5 0.4774 0.9814 -0.2111 1
67.0 0.4682 0.9890 -0.2130 1
67.5 0.4590 0.9964 -0.2149 1
68.0 0.4497 1.0036 -0.2167 1
68.5 0.4403 1.0107 -0.2186 1
69.0 0.4309 1.0178 -0.2205 1
69.5 0.4213 1.0246 -0.2224 1
70.0 0.4117 1.0314 -0.2242 1
70.5 0.4021 1.0380 -0.2261 1
71.0 0.3924 1.0444 -0.2280 1
71.5 0.3826 1.0507 -0.2298 1
72.0 0.3727 1.0569 -0.2317 1
72.5 0.3628 1.0630 -0.2336 1
73.0 0.3529 1.0689 -0.2354 1
73.5 0.3429 1.0746 -0.2373 1
74.0 0.3328 1.0802 -0.2391 1
74.5 0.3227 1.0856 -0.2410 1
75.0 0.3126 1.0909 -0.2428 1
75.5 0.3024 1.0961 -0.2447 1
76.0 0.2921 1.1010 -0.2465 1
76.5 0.2819 1.1059 -0.2483 1
77.0 0.2715 1.1105 -0.2501 1
77.5 0.2612 1.1150 -0.2519 1
78.0 0.2508 1.1194 -0.2537 1
78.5 0.2404 1.1235 -0.2555 1
79.0 0.2300 1.1275 -0.2573 1
79.5 0.2196 1.1314 -0.2591 1
80.0 0.2091 1.1351 -0.2608 1
80.5 0.1986 1.1386 -0.2626 1
81.0 0.1881 1.1419 -0.2643 1
81.5 0.1776 1.1451 -0.2661 1
82.0 0.1671 1.1481 -0.2678 1
82.5 0.1565 1.1509 -0.2695 1
83.0 0.1460 1.1536 -0.2712 1
83.5 0.1355 1.1561 -0.2728 1
84.0 0.1250 1.1584 -0.2745 1
84.5 0.1144 1.1605 -0.2762 1
85.0 0.1039 1.1625 -0.2778 1
85.5 0.0934 1.1643 -0.2794 1
86.0 0.0830 1.1659 -0.2810 1
86.5 0.0725 1.1673 -0.2826 1
87.0 0.0620 1.1686 -0.2841 1
87.5 0.0516 1.1697 -0.2857 1
88.0 0.0412 1.1706 -0.2872 1
88.5 0.0309 1.1713 -0.2887 1
89.0 0.0205 1.1718 -0.2902 1
89.5 0.0103 1.1722 -0.2917 1
90.0 0.0000 1.1724 -0.2931 1
90.5 -0.0072 1.1722 -0.2947 3
91.0 -0.0144 1.1718 -0.2962 3
91.5 -0.0216 1.1713 -0.2977 3
92.0 -0.0289 1.1706 -0.2992 3
92.5 -0.0361 1.1697 -0.3007 3
93.0 -0.0434 1.1686 -0.3021 3
93.5 -0.0507 1.1673 -0.3034 3
94.0 -0.0581 1.1659 -0.3047 3
94.5 -0.0654 1.1643 -0.3060 3
95.0 -0.0728 1.1625 -0.3073 3
95.5 -0.0801 1.1605 -0.3085 3
96.0 -0.0875 1.1584 -0.3097 3
96.5 -0.0948 1.1561 -0.3108 3
97.0 -0.1022 1.1536 -0.3119 3
97.5 -0.1096 1.1509 -0.3129 3
98.0 -0.1169 1.1481 -0.3139 3
98.5 -0.1243 1.1451 -0.3149 3
99.0 -0.1317 1.1419 -0.3158 3
99.5 -0.1390 1.1386 -0.3167 3
100.0 -0.1464 1.1351 -0.3176 3
100.5 -0.1537 1.1314 -0.3184 3
101.0 -0.1610 1.1275 -0.3191 3
101.5 -0.1683 1.1235 -0.3199 3
102.0 -0.1756 1.1194 -0.3206 3
102.5 -0.1828 1.1150 -0.3212 3
103.0 -0.1901 1.1105 -0.3218 3
103.5 -0.1973 1.1059 -0.3224 3
104.0 -0.2045 1.1010 -0.3229 3
104.5 -0.2117 1.0961 -0.3234 3
105.0 -0.2188 1.0909 -0.3239 3
105.5 -0.2259 1.0856 -0.3243 3
106.0 -0.2330 1.0802 -0.3246 3
106.5 -0.2400 1.0746 -0.3250 3
107.0 -0.2470 1.0689 -0.3253 3
107.5 -0.2540 1.0630 -0.3255 3
108.0 -0.2609 1.0569 -0.3257 3
108.5 -0.2678 1.0507 -0.3259 3
109.0 -0.2747 1.0444 -0.3261 3
109.5 -0.2815 1.0380 -0.3262 3
110.0 -0.2882 1.0314 -0.3263 3
110.5 -0.2949 1.0246 -0.3263 3
111.0 -0.3016 1.0178 -0.3263 3
111.5 -0.3082 1.0107 -0.3263 3
112.0 -0.3148 1.0036 -0.3262 3
112.5 -0.3213 0.9964 -0.3261 3
113.0 -0.3278 0.9890 -0.3259 3
113.5 -0.3342 0.9814 -0.3258 3
114.0 -0.3405 0.9738 -0.3256 3
114.5 -0.3468 0.9661 -0.3253 3
115.0 -0.3531 0.9582 -0.3251 3
115.5 -0.3592 0.9502 -0.3248 3
116.0 -0.3654 0.9421 -0.3245 3
116.5 -0.3714 0.9339 -0.3241 3
117.0 -0.3774 0.9256 -0.3237 3
117.5 -0.3834 0.9172 -0.3233 3
118.0 -0.3892 0.9087 -0.3229 3
118.5 -0.3950 0.9000 -0.3224 3
119.0 -0.4008 0.8913 -0.3219 3
119.5 -0.4065 0.8825 -0.3214 3
120.0 -0.4121 0.8736 -0.3209 3
120.5 -0.4176 0.8646 -0.3203 3
121.0 -0.4231 0.8555 -0.3197 3
121.5 -0.4285 0.8464 -0.3191 3
122.0 -0.4339 0.8371 -0.3185 3
122.5 -0.4391 0.8278 -0.3179 3
123.0 -0.4444 0.8184 -0.3172 3
123.5 -0.4495 0.8090 -0.3165 3
124.0 -0.4546 0.7994 -0.3158 3
124.5 -0.4596 0.7898 -0.3151 3
125.0 -0.4645 0.7802 -0.3144 3
125.5 -0.4694 0.7704 -0.3137 3
126.0 -0.4742 0.7607 -0.3129 3
126.5 -0.4789 0.7508 -0.3122 3
127.0 -0.4835 0.7409 -0.3114 3
127.5 -0.4881 0.7310 -0.3106 3
128.0 -0.4927 0.7210 -0.3099 3
128.5 -0.4971 0.7110 -0.3091 3
129.0 -0.5015 0.7009 -0.3083 3
129.5 -0.5058 0.6908 -0.3075 3
130.0 -0.5101 0.6807 -0.3067 3
130.5 -0.5143 0.6705 -0.3059 3
131.0 -0.5184 0.6603 -0.3051 3
131.5 -0.5225 0.6501 -0.3043 3
132.0 -0.5265 0.6399 -0.3035 3
132.5 -0.5304 0.6296 -0.3027 3
133.0 -0.5343 0.6193 -0.3020 3
133.5 -0.5381 0.6090 -0.3012 3
134.0 -0.5419 0.5988 -0.3004 3
134.5 -0.5456 0.5885 -0.2997 3
135.0 -0.5493 0.5782 -0.2990 3
135.5 -0.5529 0.5679 -0.2982 3
136.0 -0.5564 0.5576 -0.2975 3
136.5 -0.5600 0.5473 -0.2968 3
137.0 -0.5634 0.5370 -0.2962 3
137.5 -0.5669 0.5267 -0.2955 3
138.0 -0.5702 0.5165 -0.2949 3
138.5 -0.5736 0.5062 -0.2943 3
139.0 -0.5769 0.4960 -0.2938 3
139.5 -0.5802 0.4858 -0.2932 3
140.0 -0.5835 0.4757 -0.2927 3
140.5 -0.5867 0.4656 -0.2923 3
141.0 -0.5899 0.4555 -0.2918 3
141.5 -0.5931 0.4454 -0.2914 3
142.0 -0.5963 0.4354 -0.2911 3
142.5 -0.5995 0.4255 -0.2908 3
143.0 -0.6027 0.4155 -0.2905 3
143.5 -0.6058 0.4057 -0.2903 3
144.0 -0.6090 0.3958 -0.2902 3
144.5 -0.6122 0.3861 -0.2901 3
145.0 -0.6154 0.3764 -0.2900 3
145.5 -0.6187 0.3667 -0.2900 3
146.0 -0.6219 0.3572 -0.2901 3
146.5 -0.6252 0.3477 -0.2903 3
147.0 -0.6286 0.3382 -0.2905 3
147.5 -0.6320 0.3289 -0.2908 3
148.0 -0.6354 0.3196 -0.2912 3
148.5 -0.6390 0.3104 -0.2916 3
149.0 -0.6426 0.3012 -0.2922 3
149.5 -0.6463 0.2922 -0.2928 3
150.0 -0.6501 0.2832 -0.2936 3
150.5 -0.6540 0.2744 -0.2944 3
151.0 -0.6580 0.2656 -0.2954 3
151.5 -0.6621 0.2569 -0.2965 3
152.0 -0.6664 0.2484 -0.2977 3
152.5 -0.6709 0.2399 -0.2990 3
153.0 -0.6755 0.2315 -0.3005 3
153.5 -0.6804 0.2232 -0.3021 3
154.0 -0.6854 0.2151 -0.3039 3
154.5 -0.6907 0.2070 -0.3058 3
155.0 -0.6962 0.1991 -0.3079 3
155.5 -0.7020 0.1913 -0.3102 3
156.0 -0.7081 0.1836 -0.3127 3
156.5 -0.7145 0.1760 -0.3153 3
157.0 -0.7212 0.1685 -0.3182 3
157.5 -0.7284 0.1612 -0.3214 3
158.0 -0.7359 0.1540 -0.3248 3
158.5 -0.7439 0.1469 -0.3284 3
159.0 -0.7524 0.1399 -0.3324 3
159.5 -0.7614 0.1331 -0.3366 3
160.0 -0.7710 0.1265 -0.3412 3
160.5 -0.7812 0.1199 -0.3462 3
161.0 -0.7921 0.1135 -0.3515 3
161.5 -0.8038 0.1072 -0.3572 3
162.0 -0.8162 0.1011 -0.3634 3
162.5 -0.8296 0.0952 -0.3701 3
163.0 -0.8440 0.0893 -0.3773 3
163.5 -0.8594 0.0837 -0.3850 3
164.0 -0.8761 0.0781 -0.3934 3
164.5 -0.8940 0.0728 -0.4025 3
165.0 -0.9134 0.0675 -0.4124 3
165.5 -0.9344 0.0625 -0.4231 3
166.0 -0.9572 0.0576 -0.4347 3
166.5 -0.9820 0.0528 -0.4473 3
167.0 -1.0090 0.0482 -0.4611 3
167.5 -1.0386 0.0438 -0.4762 3
168.0 -1.0710 0.0395 -0.4927 3
168.5 -1.1066 0.0354 -0.5109 3
169.0 -1.1294 0.0324 -0.5234 3
169.5 -1.1352 0.0308 -0.5282 3
170.0 -1.1321 0.0300 -0.5289 3
170.5 -1.1143 0.0298 -0.5228 3
171.0 -1.0893 0.0297 -0.5133 3
171.5 -1.0594 0.0299 -0.5012 3
172.0 -1.0267 0.0300 -0.4878 3
172.5 -0.9942 0.0294 -0.4742 3
173.0 -0.9670 0.0283 -0.4629 3
173.5 -0.9296 0.0277 -0.4466 3
174.0 -0.8949 0.0267 -0.4315 3
174.5 -0.8597 0.0259 -0.4160 3
175.0 -0.8247 0.0250 -0.4004 3
175.5 -0.7895 0.0241 -0.3846 3
176.0 -0.7542 0.0233 -0.3686 3
176.5 -0.7195 0.0225 -0.3528 3
177.0 -0.6839 0.0217 -0.3363 3
177.5 -0.6467 0.0211 -0.3190 3
178.0 -0.6056 0.0208 -0.2996 3
178.5 -0.5685 0.0203 -0.2820 3
179.0 -0.5238 0.0203 -0.2606 3
179.5 -0.4850 0.0201 -0.2419 3
180.0 -0.4383 0.0210 -0.2191 3
