alpha cl cd cm xtrs xtri npan dcl dcd
-6.00 -0.3848 0.10501 -0.0258 1.0002 0.1658 3 0.0028 0.00020
-5.75 -0.3853 0.10206 -0.0261 1.0002 0.1630 3 0.0014 0.00005
-5.50 -0.3841 0.09898 -0.0271 1.0002 0.1595 3 0.0019 0.00048
-5.25 -0.3808 0.09562 -0.0294 1.0002 0.1587 3 0.0009 0.00048
-5.00 -0.3750 0.09231 -0.0319 1.0002 0.1574 3 0.0003 0.00077
-4.75 -0.3664 0.08898 -0.0342 1.0002 0.1571 3 0.0018 0.00106
-4.50 -0.3550 0.08556 -0.0370 1.0002 0.1569 3 0.0030 0.00105
-4.25 -0.3401 0.08204 -0.0406 1.0002 0.1576 3 0.0026 0.00076
-4.00 -0.3242 0.07879 -0.0434 1.0002 0.1589 3 0.0046 0.00087
-3.75 -0.3047 0.07561 -0.0467 1.0002 0.1612 3 0.0054 0.00095
-3.50 -0.2627 0.07153 -0.0553 0.9934 0.1650 3 0.0055 0.00053
-3.25 -0.2197 0.06818 -0.0625 0.9851 0.1704 3 0.0018 0.00020
-3.00 -0.1749 0.06517 -0.0697 0.9766 0.1770 3 0.0041 0.00056
-2.75 -0.1284 0.06247 -0.0768 0.9677 0.1854 3 0.0036 0.00022
-2.50 -0.0883 0.06050 -0.0817 0.9587 0.1946 3 0.0007 0.00010
-2.25 -0.0457 0.05877 -0.0868 0.9497 0.2060 3 0.0009 0.00011
-2.00 -0.0023 0.05740 -0.0915 0.9410 0.2195 3 0.0040 0.00004
-1.75 0.0384 0.05637 -0.0956 0.9319 0.2348 3 0.0008 0.00008
-1.50 0.0765 0.05567 -0.0987 0.9224 0.2524 3 0.0027 0.00002
-1.25 0.1124 0.05513 -0.1014 0.9131 0.2718 3 0.0039 0.00002
-1.00 0.1490 0.05476 -0.1040 0.9045 0.2961 3 0.0044 0.00003
-0.75 0.1831 0.05448 -0.1061 0.8952 0.3226 3 0.0023 0.00002
-0.50 0.2128 0.05430 -0.1074 0.8858 0.3528 3 0.0009 0.00004
-0.25 0.2455 0.05412 -0.1091 0.8773 0.3918 3 0.0061 0.00006
0.00 0.2752 0.05393 -0.1102 0.8689 0.4407 3 0.0043 0.00008
0.25 0.3061 0.05354 -0.1112 0.8601 0.5152 3 0.0052 0.00011
0.50 0.3187 0.05244 -0.1080 0.8522 0.7106 3 0.0008 0.00018
0.75 0.3439 0.05309 -0.1089 0.8415 0.9998 3 0.0061 0.00002
1.00 0.3709 0.05426 -0.1099 0.8319 0.9998 3 0.0023 0.00001
1.25 0.3941 0.05544 -0.1103 0.8225 0.9998 3 0.0020 0.00001
1.50 0.4215 0.05665 -0.1113 0.8141 0.9998 3 0.0062 0.00000
1.75 0.4449 0.05788 -0.1117 0.8054 0.9998 3 0.0051 0.00001
2.00 0.4718 0.05914 -0.1125 0.7969 0.9998 3 0.0081 0.00003
2.25 0.4895 0.06046 -0.1122 0.7881 0.9998 3 0.0043 0.00003
2.50 0.5123 0.06179 -0.1125 0.7798 0.9998 3 0.0042 0.00003
2.75 0.5288 0.06321 -0.1121 0.7710 0.9998 3 0.0016 0.00002
3.00 0.5539 0.06459 -0.1127 0.7633 0.9998 3 0.0004 0.00002
3.25 0.5715 0.06608 -0.1124 0.7549 0.9998 3 0.0055 0.00006
3.50 0.5897 0.06759 -0.1123 0.7467 0.9998 3 0.0046 0.00003
3.75 0.6076 0.06915 -0.1121 0.7388 0.9998 3 0.0092 0.00012
4.00 0.6293 0.07069 -0.1123 0.7304 0.9998 3 0.0043 0.00006
4.25 0.6440 0.07237 -0.1118 0.7227 0.9998 3 0.0064 0.00011
4.50 0.6646 0.07399 -0.1119 0.7148 0.9998 3 0.0039 0.00006
4.75 0.6758 0.07580 -0.1111 0.7064 0.9998 3 0.0022 0.00004
5.00 0.6990 0.07744 -0.1115 0.6991 0.9998 3 0.0002 0.00002
5.25 0.7099 0.07933 -0.1108 0.6906 0.9998 3 0.0059 0.00011
5.50 0.7247 0.08118 -0.1104 0.6828 0.9998 3 0.0075 0.00014
5.75 0.7396 0.08308 -0.1101 0.6748 0.9998 3 0.0095 0.00020
6.00 0.7602 0.08489 -0.1102 0.6665 0.9998 3 0.0079 0.00018
6.25 0.7692 0.08699 -0.1094 0.6584 0.9998 3 0.0068 0.00018
6.50 0.7844 0.08898 -0.1091 0.6502 0.9998 2 0.0061 0.00014
6.75 0.7927 0.09117 -0.1084 0.6416 0.9998 3 0.0031 0.00009
7.00 0.8123 0.09314 -0.1085 0.6338 0.9998 3 0.0003 0.00002
7.25 0.8214 0.09537 -0.1078 0.6250 0.9998 3 0.0082 0.00021
7.50 0.8333 0.09758 -0.1075 0.6164 0.9998 3 0.0049 0.00011
7.75 0.8433 0.09986 -0.1070 0.6080 0.9998 3 0.0076 0.00019
8.00 0.8558 0.10212 -0.1066 0.5990 0.9998 3 0.0016 0.00008
8.25 0.8663 0.10448 -0.1061 0.5899 0.9998 3 0.0074 0.00023
8.50 0.8806 0.10675 -0.1059 0.5812 0.9998 3 0.0108 0.00035
8.75 0.8913 0.10914 -0.1055 0.5719 0.9998 3 0.0004 0.00008
9.00 0.8958 0.11172 -0.1049 0.5622 0.9998 3 0.0059 0.00023
9.25 0.9079 0.11404 -0.1047 0.5530 0.9998 3 0.0100 0.00026
9.50 0.9175 0.11651 -0.1044 0.5433 0.9998 3 0.0110 0.00035
9.75 0.9284 0.11902 -0.1041 0.5333 0.9998 2 0.0017 0.00005
10.00 0.9376 0.12154 -0.1035 0.5227 0.9998 3 0.0055 0.00023
10.25 0.9430 0.12426 -0.1032 0.5124 0.9998 3 0.0076 0.00046
10.50 0.9548 0.12670 -0.1029 0.5018 0.9998 3 0.0025 0.00033
10.75 0.9656 0.12905 -0.1027 0.4910 0.9998 3 0.0045 0.00027
11.00 0.9739 0.13161 -0.1024 0.4797 0.9998 3 0.0122 0.00063
11.25 0.9819 0.13429 -0.1021 0.4679 0.9998 3 0.0059 0.00055
11.50 0.9902 0.13671 -0.1018 0.4560 0.9998 3 0.0082 0.00036
11.75 0.9960 0.13952 -0.1016 0.4436 0.9998 3 0.0053 0.00065
12.00 1.0038 0.14206 -0.1014 0.4310 0.9998 3 0.0136 0.00114
12.25 1.0118 0.14456 -0.1012 0.4181 0.9998 3 0.0161 0.00134
12.50 1.0209 0.14696 -0.1010 0.4046 0.9998 3 0.0055 0.00090
12.75 1.0323 0.14924 -0.1007 0.3908 0.9998 3 0.0013 0.00059
13.00 1.0449 0.15124 -0.1002 0.3767 0.9998 3 0.0068 0.00106
13.25 1.0470 0.15398 -0.1003 0.3625 0.9998 3 0.0037 0.00096
13.50 1.0502 0.15666 -0.1004 0.3477 0.9998 3 0.0100 0.00146
13.75 1.0558 0.15919 -0.1005 0.3333 0.9998 3 0.0106 0.00166
14.00 1.0648 0.16140 -0.1004 0.3183 0.9998 3 0.0112 0.00174
14.25 1.0804 0.16284 -0.1004 0.3036 0.9998 3 0.0154 0.00234
14.50 1.0816 0.16594 -0.1006 0.2893 0.9998 3 0.0128 0.00211
14.75 1.0840 0.16899 -0.1010 0.2757 0.9998 3 0.0208 0.00333
15.00 1.0878 0.17196 -0.1017 0.2623 0.9998 3 0.0145 0.00256
15.25 1.0924 0.17497 -0.1025 0.2498 0.9998 3 0.0121 0.00242
15.50 1.0978 0.17807 -0.1030 0.2372 0.9998 3 0.0138 0.00261
15.75 1.1025 0.18124 -0.1038 0.2260 0.9998 3 0.0146 0.00290
16.00 1.1079 0.18445 -0.1055 0.2162 0.9998 3 0.0201 0.00389
