alpha cl cd cm ld phi
-6.00 -0.3842 0.10605 -0.0169 -3.62 nan
-5.75 -0.3800 0.10305 -0.0163 -3.69 nan
-5.50 -0.3742 0.10093 -0.0172 -3.71 nan
-5.25 -0.3678 0.09898 -0.0181 -3.72 nan
-5.00 -0.3492 0.09864 -0.0249 -3.54 nan
-4.75 -0.3421 0.09320 -0.0215 -3.67 nan
-4.50 -0.3359 0.09104 -0.0236 -3.69 nan
-4.25 -0.3202 0.08819 -0.0251 -3.63 nan
-4.00 -0.3013 0.08522 -0.0300 -3.54 nan
-3.75 -0.2850 0.08291 -0.0323 -3.44 nan
-3.50 -0.2711 0.07995 -0.0343 -3.39 nan
-3.25 -0.2410 0.07711 -0.0380 -3.13 nan
-3.00 -0.2226 0.07388 -0.0418 -3.01 nan
-2.75 -0.1928 0.07125 -0.0468 -2.71 nan
-2.50 -0.1654 0.06854 -0.0509 -2.41 nan
-2.25 -0.1382 0.06574 -0.0545 -2.10 nan
-2.00 -0.1113 0.06301 -0.0582 -1.77 nan
-1.75 -0.0708 0.06084 -0.0652 -1.16 nan
-1.50 -0.0525 0.05826 -0.0657 -0.90 nan
-1.25 -0.0292 0.05613 -0.0679 -0.52 nan
-1.00 -0.0034 0.05424 -0.0697 -0.06 nan
-0.75 0.0252 0.05197 -0.0724 0.48 nan
-0.50 0.0461 0.04971 -0.0726 0.93 nan
nan nan nan nan nan nan
0.00 0.0695 0.04451 -0.0671 1.56 32.637
0.25 0.0786 0.04195 -0.0632 1.87 28.090
0.50 0.0956 0.03955 -0.0613 2.42 22.475
0.75 0.1147 0.03775 -0.0607 3.04 18.217
1.00 0.1472 0.03603 -0.0629 4.09 13.754
1.25 0.1953 0.03572 -0.0699 5.47 10.365
1.50 0.3987 0.03989 -0.1137 9.99 5.713
1.75 0.4339 0.03932 -0.1155 11.04 5.178
2.00 0.4672 0.03896 -0.1169 11.99 4.767
2.25 0.4992 0.03888 -0.1179 12.84 4.453
2.50 0.5265 0.03897 -0.1184 13.51 4.233
2.75 0.5529 0.03924 -0.1186 14.09 4.060
3.00 0.5788 0.03954 -0.1187 14.64 3.908
3.25 0.6047 0.03996 -0.1190 15.13 3.781
3.50 0.6328 0.04039 -0.1197 15.67 3.652
3.75 0.6589 0.03992 -0.1198 16.51 3.467
4.00 0.6763 0.04100 -0.1190 16.50 3.469
4.25 0.6930 0.04225 -0.1184 16.40 3.489
4.50 0.9907 0.03146 -0.1360 31.49 1.819
4.75 1.0230 0.03322 -0.1360 30.79 1.860
5.00 1.1178 0.03584 -0.1453 31.19 1.836
5.25 1.1888 0.03929 -0.1511 30.26 1.893
5.50 1.2321 0.04275 -0.1526 28.82 1.987
5.75 1.2637 0.04468 -0.1515 28.28 2.025
6.00 1.3001 0.04782 -0.1510 27.19 2.106
6.25 1.3241 0.05078 -0.1484 26.08 2.196
6.50 1.3593 0.05372 -0.1471 25.30 2.263
6.75 1.3808 0.05725 -0.1436 24.12 2.374
7.00 1.4105 0.06166 -0.1422 22.88 2.503
7.25 1.4161 0.06636 -0.1406 21.34 2.683
7.50 1.3969 0.07244 -0.1387 19.28 2.969
7.75 1.3624 0.07849 -0.1367 17.36 3.297
8.00 1.3201 0.08399 -0.1333 15.72 3.640
8.25 1.2758 0.08953 -0.1306 14.25 4.014
8.50 1.2294 0.09675 -0.1308 12.71 4.500
8.75 1.1795 0.10685 -0.1359 11.04 5.176
9.00 1.0743 0.12040 -0.1386 8.92 6.395
nan nan nan nan nan nan
9.50 1.0590 0.13558 -0.1583 7.81 7.296
nan nan nan nan nan nan
10.00 1.0540 0.14338 -0.1558 7.35 7.747
10.25 1.0689 0.14779 -0.1564 7.23 7.872
10.50 1.0847 0.15249 -0.1559 7.11 8.002
10.75 1.0921 0.15565 -0.1548 7.02 8.111
11.00 1.1011 0.15948 -0.1538 6.90 8.241
11.25 1.1233 0.16410 -0.1522 6.85 8.311
11.50 1.1464 0.16858 -0.1500 6.80 8.365
11.75 1.1294 0.17039 -0.1508 6.63 8.579
12.00 1.1571 0.17547 -0.1481 6.59 8.623
12.25 1.1480 0.17797 -0.1492 6.45 8.812
12.50 1.1481 0.18105 -0.1496 6.34 8.961
12.75 1.1570 0.18470 -0.1491 6.26 9.070
13.00 1.1781 0.18996 -0.1468 6.20 9.160
13.25 1.1814 0.19355 -0.1473 6.10 9.304
13.50 1.1885 0.19753 -0.1474 6.02 9.436
13.75 1.1765 0.19919 -0.1511 5.91 9.609
14.00 1.1795 0.20297 -0.1525 5.81 9.764
14.25 1.1962 0.20844 -0.1514 5.74 9.885
14.50 1.1893 0.21020 -0.1549 5.66 10.023
14.75 1.2004 0.21527 -0.1551 5.58 10.167
15.00 1.1995 0.21757 -0.1578 5.51 10.281
15.25 1.2119 0.22311 -0.1578 5.43 10.431
15.50 1.2076 0.22451 -0.1615 5.38 10.532
15.75 1.2306 0.23262 -0.1591 5.29 10.704
16.00 1.2200 0.23220 -0.1645 5.25 10.776
