alpha cl cd cm fuente
-180.0 -0.1576 0.0297 -0.0788 3
-179.5 -0.1108 0.0323 -0.0551 3
-179.0 -0.0578 0.0353 -0.0284 3
-178.5 0.0005 0.0393 0.0008 3
-178.0 0.0816 0.0444 0.0411 3
-177.5 0.2477 0.0491 0.1231 3
-177.0 0.2425 0.0504 0.1204 3
-176.5 0.2019 0.0511 0.1004 3
-176.0 0.1622 0.0510 0.0808 3
-175.5 0.1200 0.0500 0.0602 3
-175.0 0.0973 0.0505 0.0493 3
-174.5 0.1096 0.0545 0.0554 3
-174.0 0.1219 0.0586 0.0616 3
-173.5 0.1288 0.0606 0.0650 3
-173.0 0.1353 0.0625 0.0682 3
-172.5 0.1414 0.0641 0.0712 3
-172.0 0.1473 0.0655 0.0740 3
-171.5 0.1528 0.0667 0.0767 3
-171.0 0.1581 0.0678 0.0792 3
-170.5 0.1631 0.0688 0.0815 3
-170.0 0.1678 0.0697 0.0838 3
-169.5 0.1724 0.0706 0.0859 3
-169.0 0.1768 0.0715 0.0879 3
-168.5 0.1810 0.0725 0.0898 3
-168.0 0.1852 0.0736 0.0917 3
-167.5 0.1893 0.0748 0.0935 3
-167.0 0.1935 0.0763 0.0954 3
-166.5 0.1976 0.0780 0.0973 3
-166.0 0.2018 0.0801 0.0992 3
-165.5 0.2061 0.0825 0.1012 3
-165.0 0.2105 0.0852 0.1033 3
-164.5 0.2151 0.0885 0.1055 3
-164.0 0.2199 0.0921 0.1079 3
-163.5 0.2249 0.0963 0.1104 3
-163.0 0.2301 0.1010 0.1130 3
-162.5 0.2355 0.1062 0.1158 3
-162.0 0.2412 0.1120 0.1188 3
-161.5 0.2469 0.1180 0.1219 3
-161.0 0.2526 0.1243 0.1249 3
-160.5 0.2582 0.1306 0.1280 3
-160.0 0.2638 0.1371 0.1310 3
-159.5 0.2692 0.1438 0.1340 3
-159.0 0.2746 0.1506 0.1370 3
-158.5 0.2799 0.1575 0.1401 3
-158.0 0.2850 0.1645 0.1430 3
-157.5 0.2902 0.1717 0.1460 3
-157.0 0.2952 0.1790 0.1490 3
-156.5 0.3001 0.1864 0.1520 3
-156.0 0.3049 0.1940 0.1549 3
-155.5 0.3097 0.2016 0.1578 3
-155.0 0.3143 0.2094 0.1608 3
-154.5 0.3189 0.2173 0.1637 3
-154.0 0.3234 0.2253 0.1666 3
-153.5 0.3277 0.2334 0.1695 3
-153.0 0.3320 0.2416 0.1723 3
-152.5 0.3361 0.2500 0.1752 3
-152.0 0.3402 0.2584 0.1780 3
-151.5 0.3441 0.2669 0.1809 3
-151.0 0.3480 0.2756 0.1837 3
-150.5 0.3517 0.2843 0.1865 3
-150.0 0.3554 0.2931 0.1893 3
-149.5 0.3589 0.3020 0.1921 3
-149.0 0.3623 0.3110 0.1948 3
-148.5 0.3656 0.3201 0.1976 3
-148.0 0.3688 0.3292 0.2003 3
-147.5 0.3719 0.3385 0.2030 3
-147.0 0.3749 0.3478 0.2057 3
-146.5 0.3777 0.3572 0.2084 3
-146.0 0.3805 0.3666 0.2111 3
-145.5 0.3831 0.3761 0.2137 3
-145.0 0.3856 0.3857 0.2163 3
-144.5 0.3880 0.3954 0.2189 3
-144.0 0.3903 0.4051 0.2215 3
-143.5 0.3924 0.4148 0.2241 3
-143.0 0.3944 0.4246 0.2266 3
-142.5 0.3964 0.4345 0.2292 3
-142.0 0.3982 0.4444 0.2317 3
-141.5 0.3998 0.4543 0.2342 3
-141.0 0.4014 0.4643 0.2366 3
-140.5 0.4028 0.4743 0.2391 3
-140.0 0.4041 0.4844 0.2415 3
-139.5 0.4053 0.4945 0.2439 3
-139.0 0.4063 0.5046 0.2462 3
-138.5 0.4073 0.5148 0.2486 3
-138.0 0.4081 0.5249 0.2509 3
-137.5 0.4088 0.5351 0.2532 3
-137.0 0.4093 0.5453 0.2555 3
-136.5 0.4098 0.5555 0.2577 3
-136.0 0.4101 0.5657 0.2599 3
-135.5 0.4103 0.5760 0.2621 3
-135.0 0.4103 0.5862 0.2642 3
-134.5 0.4103 0.5964 0.2664 3
-134.0 0.4101 0.6067 0.2685 3
-133.5 0.4098 0.6169 0.2705 3
-133.0 0.4093 0.6271 0.2726 3
-132.5 0.4088 0.6373 0.2746 3
-132.0 0.4081 0.6475 0.2766 3
-131.5 0.4073 0.6576 0.2785 3
-131.0 0.4063 0.6678 0.2804 3
-130.5 0.4053 0.6779 0.2823 3
-130.0 0.4041 0.6880 0.2841 3
-129.5 0.4028 0.6981 0.2859 3
-129.0 0.4014 0.7081 0.2877 3
-128.5 0.3998 0.7181 0.2894 3
-128.0 0.3982 0.7280 0.2911 3
-127.5 0.3964 0.7379 0.2928 3
-127.0 0.3944 0.7478 0.2944 3
-126.5 0.3924 0.7576 0.2960 3
-126.0 0.3903 0.7673 0.2976 3
-125.5 0.3880 0.7770 0.2991 3
-125.0 0.3856 0.7867 0.3006 3
-124.5 0.3831 0.7963 0.3020 3
-124.0 0.3805 0.8058 0.3034 3
-123.5 0.3777 0.8152 0.3047 3
-123.0 0.3749 0.8246 0.3061 3
-122.5 0.3719 0.8339 0.3073 3
-122.0 0.3688 0.8432 0.3086 3
-121.5 0.3656 0.8523 0.3097 3
-121.0 0.3623 0.8614 0.3109 3
-120.5 0.3589 0.8704 0.3120 3
-120.0 0.3554 0.8793 0.3131 3
-119.5 0.3517 0.8881 0.3141 3
-119.0 0.3480 0.8968 0.3151 3
-118.5 0.3441 0.9055 0.3160 3
-118.0 0.3402 0.9140 0.3169 3
-117.5 0.3361 0.9224 0.3177 3
-117.0 0.3320 0.9308 0.3185 3
-116.5 0.3277 0.9390 0.3193 3
-116.0 0.3234 0.9471 0.3200 3
-115.5 0.3189 0.9551 0.3206 3
-115.0 0.3143 0.9630 0.3212 3
-114.5 0.3097 0.9708 0.3218 3
-114.0 0.3049 0.9784 0.3223 3
-113.5 0.3001 0.9860 0.3228 3
-113.0 0.2952 0.9934 0.3232 3
-112.5 0.2902 1.0007 0.3236 3
-112.0 0.2850 1.0079 0.3239 3
-111.5 0.2799 1.0149 0.3242 3
-111.0 0.2746 1.0218 0.3245 3
-110.5 0.2692 1.0286 0.3247 3
-110.0 0.2638 1.0353 0.3248 3
-109.5 0.2582 1.0418 0.3249 3
-109.0 0.2526 1.0481 0.3250 3
-108.5 0.2469 1.0544 0.3250 3
-108.0 0.2412 1.0604 0.3249 3
-107.5 0.2354 1.0664 0.3248 3
-107.0 0.2295 1.0722 0.3247 3
-106.5 0.2235 1.0778 0.3245 3
-106.0 0.2174 1.0833 0.3243 3
-105.5 0.2113 1.0887 0.3240 3
-105.0 0.2052 1.0939 0.3237 3
-104.5 0.1989 1.0989 0.3233 3
-104.0 0.1926 1.1038 0.3229 3
-103.5 0.1863 1.1085 0.3224 3
-103.0 0.1799 1.1131 0.3219 3
-102.5 0.1734 1.1175 0.3213 3
-102.0 0.1669 1.1217 0.3207 3
-101.5 0.1603 1.1258 0.3201 3
-101.0 0.1537 1.1297 0.3194 3
-100.5 0.1471 1.1335 0.3186 3
-100.0 0.1403 1.1370 0.3178 3
-99.5 0.1336 1.1405 0.3170 3
-99.0 0.1268 1.1437 0.3161 3
-98.5 0.1200 1.1468 0.3152 3
-98.0 0.1131 1.1497 0.3142 3
-97.5 0.1062 1.1524 0.3132 3
-97.0 0.0993 1.1550 0.3121 3
-96.5 0.0923 1.1574 0.3110 3
-96.0 0.0853 1.1596 0.3099 3
-95.5 0.0783 1.1616 0.3087 3
-95.0 0.0713 1.1635 0.3075 3
-94.5 0.0642 1.1652 0.3062 3
-94.0 0.0571 1.1667 0.3049 3
-93.5 0.0500 1.1680 0.3036 3
-93.0 0.0429 1.1692 0.3022 3
-92.5 0.0358 1.1702 0.3008 3
-92.0 0.0286 1.1710 0.2993 3
-91.5 0.0215 1.1716 0.2978 3
-91.0 0.0143 1.1720 0.2963 3
-90.5 0.0072 1.1723 0.2947 3
-90.0 0.0000 1.1724 0.2931 3
-89.5 -0.0102 1.1723 0.2905 2
-89.0 -0.0205 1.1720 0.2878 2
-88.5 -0.0307 1.1716 0.2852 2
-88.0 -0.0409 1.1710 0.2825 2
-87.5 -0.0511 1.1702 0.2798 2
-87.0 -0.0613 1.1692 0.2770 2
-86.5 -0.0714 1.1680 0.2743 2
-86.0 -0.0816 1.1667 0.2715 2
-85.5 -0.0917 1.1652 0.2687 2
-85.0 -0.1018 1.1635 0.2659 2
-84.5 -0.1119 1.1616 0.2631 2
-84.0 -0.1219 1.1596 0.2603 2
-83.5 -0.1319 1.1574 0.2574 2
-83.0 -0.1418 1.1550 0.2546 2
-82.5 -0.1517 1.1524 0.2517 2
-82.0 -0.1616 1.1497 0.2488 2
-81.5 -0.1714 1.1468 0.2459 2
-81.0 -0.1811 1.1437 0.2430 2
-80.5 -0.1908 1.1405 0.2401 2
-80.0 -0.2005 1.1370 0.2371 2
-79.5 -0.2101 1.1335 0.2342 2
-79.0 -0.2196 1.1297 0.2312 2
-78.5 -0.2290 1.1258 0.2283 2
-78.0 -0.2384 1.1217 0.2253 2
-77.5 -0.2477 1.1175 0.2223 2
-77.0 -0.2570 1.1131 0.2193 2
-76.5 -0.2661 1.1085 0.2163 2
-76.0 -0.2752 1.1038 0.2133 2
-75.5 -0.2842 1.0989 0.2103 2
-75.0 -0.2931 1.0939 0.2073 2
-74.5 -0.3019 1.0887 0.2043 2
-74.0 -0.3106 1.0833 0.2013 2
-73.5 -0.3193 1.0778 0.1983 2
-73.0 -0.3278 1.0722 0.1952 2
-72.5 -0.3362 1.0664 0.1922 2
-72.0 -0.3446 1.0604 0.1892 2
-71.5 -0.3528 1.0544 0.1862 2
-71.0 -0.3609 1.0481 0.1831 2
-70.5 -0.3689 1.0418 0.1801 2
-70.0 -0.3768 1.0353 0.1771 2
-69.5 -0.3846 1.0286 0.1741 2
-69.0 -0.3922 1.0218 0.1711 2
-68.5 -0.3998 1.0149 0.1680 2
-68.0 -0.4072 1.0079 0.1650 2
-67.5 -0.4145 1.0007 0.1620 2
-67.0 -0.4217 0.9934 0.1590 2
-66.5 -0.4287 0.9860 0.1560 2
-66.0 -0.4356 0.9784 0.1530 2
-65.5 -0.4424 0.9708 0.1501 2
-65.0 -0.4491 0.9630 0.1471 2
-64.5 -0.4556 0.9551 0.1441 2
-64.0 -0.4619 0.9471 0.1412 2
-63.5 -0.4682 0.9390 0.1382 2
-63.0 -0.4742 0.9308 0.1353 2
-62.5 -0.4802 0.9224 0.1324 2
-62.0 -0.4860 0.9140 0.1294 2
-61.5 -0.4916 0.9055 0.1265 2
-61.0 -0.4971 0.8968 0.1236 2
-60.5 -0.5025 0.8881 0.1208 2
-60.0 -0.5077 0.8793 0.1179 2
-59.5 -0.5127 0.8704 0.1150 2
-59.0 -0.5176 0.8614 0.1122 2
-58.5 -0.5223 0.8523 0.1094 2
-58.0 -0.5269 0.8432 0.1066 2
-57.5 -0.5313 0.8339 0.1038 2
-57.0 -0.5355 0.8246 0.1010 2
-56.5 -0.5396 0.8152 0.0982 2
-56.0 -0.5435 0.8058 0.0955 2
-55.5 -0.5473 0.7963 0.0928 2
-55.0 -0.5508 0.7867 0.0901 2
-54.5 -0.5543 0.7770 0.0874 2
-54.0 -0.5575 0.7673 0.0847 2
-53.5 -0.5606 0.7576 0.0821 2
-53.0 -0.5635 0.7478 0.0795 2
-52.5 -0.5662 0.7379 0.0769 2
-52.0 -0.5688 0.7280 0.0743 2
-51.5 -0.5712 0.7181 0.0717 2
-51.0 -0.5734 0.7081 0.0692 2
-50.5 -0.5754 0.6981 0.0667 2
-50.0 -0.5773 0.6880 0.0642 2
-49.5 -0.5790 0.6779 0.0617 2
-49.0 -0.5805 0.6678 0.0593 2
-48.5 -0.5818 0.6576 0.0569 2
-48.0 -0.5830 0.6475 0.0545 2
-47.5 -0.5840 0.6373 0.0521 2
-47.0 -0.5848 0.6271 0.0498 2
-46.5 -0.5854 0.6169 0.0475 2
-46.0 -0.5858 0.6067 0.0452 2
-45.5 -0.5861 0.5964 0.0430 2
-45.0 -0.5862 0.5862 0.0408 2
-44.5 -0.5861 0.5760 0.0386 2
-44.0 -0.5858 0.5657 0.0364 2
-43.5 -0.5854 0.5555 0.0343 2
-43.0 -0.5848 0.5453 0.0322 2
-42.5 -0.5840 0.5351 0.0301 2
-42.0 -0.5830 0.5249 0.0281 2
-41.5 -0.5818 0.5148 0.0261 2
-41.0 -0.5805 0.5046 0.0241 2
-40.5 -0.5790 0.4945 0.0221 2
-40.0 -0.5773 0.4844 0.0202 2
-39.5 -0.5754 0.4743 0.0184 2
-39.0 -0.5734 0.4643 0.0165 2
-38.5 -0.5712 0.4543 0.0147 2
-38.0 -0.5688 0.4444 0.0129 2
-37.5 -0.5662 0.4345 0.0112 2
-37.0 -0.5635 0.4246 0.0095 2
-36.5 -0.5606 0.4148 0.0078 2
-36.0 -0.5575 0.4051 0.0062 2
-35.5 -0.5543 0.3954 0.0046 2
-35.0 -0.5508 0.3857 0.0031 2
-34.5 -0.5473 0.3761 0.0015 2
-34.0 -0.5435 0.3666 0.0001 2
-33.5 -0.5396 0.3572 -0.0014 2
-33.0 -0.5355 0.3478 -0.0028 2
-32.5 -0.5313 0.3385 -0.0042 2
-32.0 -0.5269 0.3292 -0.0055 2
-31.5 -0.5223 0.3201 -0.0068 2
-31.0 -0.5176 0.3110 -0.0080 2
-30.5 -0.5127 0.3020 -0.0092 2
-30.0 -0.5077 0.2931 -0.0104 2
-29.5 -0.5025 0.2843 -0.0115 2
-29.0 -0.4971 0.2756 -0.0126 2
-28.5 -0.4916 0.2669 -0.0137 2
-28.0 -0.4860 0.2584 -0.0147 2
-27.5 -0.4802 0.2500 -0.0157 2
-27.0 -0.4742 0.2416 -0.0166 2
-26.5 -0.4682 0.2334 -0.0175 2
-26.0 -0.4619 0.2253 -0.0183 2
-25.5 -0.4556 0.2173 -0.0191 2
-25.0 -0.4491 0.2094 -0.0199 2
-24.5 -0.4424 0.2016 -0.0206 2
-24.0 -0.4356 0.1940 -0.0212 2
-23.5 -0.4287 0.1864 -0.0219 2
-23.0 -0.4217 0.1790 -0.0225 2
-22.5 -0.4145 0.1717 -0.0230 2
-22.0 -0.4072 0.1645 -0.0235 2
-21.5 -0.3998 0.1575 -0.0239 2
-21.0 -0.3922 0.1506 -0.0243 2
-20.5 -0.3846 0.1438 -0.0247 2
-20.0 -0.3768 0.1371 -0.0250 2
-19.5 -0.3689 0.1306 -0.0253 2
-19.0 -0.3609 0.1243 -0.0255 2
-18.5 -0.3528 0.1180 -0.0257 2
-18.0 -0.3446 0.1120 -0.0258 2
-17.5 -0.3365 0.1062 -0.0260 2
-17.0 -0.3287 0.1010 -0.0261 2
-16.5 -0.3213 0.0963 -0.0262 2
-16.0 -0.3141 0.0921 -0.0263 2
-15.5 -0.3073 0.0885 -0.0264 2
-15.0 -0.3008 0.0852 -0.0265 2
-14.5 -0.2944 0.0825 -0.0266 2
-14.0 -0.2883 0.0801 -0.0267 2
-13.5 -0.2823 0.0780 -0.0268 2
-13.0 -0.2764 0.0763 -0.0268 2
-12.5 -0.2705 0.0748 -0.0269 2
-12.0 -0.2646 0.0736 -0.0269 2
-11.5 -0.2586 0.0725 -0.0269 2
-11.0 -0.2525 0.0715 -0.0268 2
-10.5 -0.2462 0.0706 -0.0267 2
-10.0 -0.2397 0.0697 -0.0266 2
-9.5 -0.2329 0.0688 -0.0263 2
-9.0 -0.2258 0.0678 -0.0260 2
-8.5 -0.2183 0.0667 -0.0257 2
-8.0 -0.2104 0.0655 -0.0252 2
-7.5 -0.2021 0.0641 -0.0247 2
-7.0 -0.1932 0.0625 -0.0240 2
-6.5 -0.1840 0.0606 -0.0233 2
-6.0 -0.1742 0.0586 -0.0224 0
-5.5 -0.1566 0.0545 -0.0233 0
-5.0 -0.1390 0.0505 -0.0241 0
-4.5 -0.1714 0.0500 -0.0125 0
-4.0 -0.2317 0.0510 0.0040 0
-3.5 -0.2885 0.0511 0.0175 0
-3.0 -0.3465 0.0504 0.0295 0
-2.5 -0.3538 0.0491 0.0223 0
-2.0 -0.1166 0.0444 -0.0490 0
-1.5 -0.0007 0.0393 -0.0672 0
-1.0 0.0826 0.0353 -0.0743 0
-0.5 0.1583 0.0323 -0.0781 0
0.0 0.2251 0.0297 -0.0794 0
0.5 0.2864 0.0259 -0.0791 0
1.0 0.3381 0.0254 -0.0757 0
1.5 0.3843 0.0261 -0.0740 0
2.0 0.4287 0.0268 -0.0723 0
2.5 0.4720 0.0277 -0.0705 0
3.0 0.5145 0.0287 -0.0686 0
3.5 0.5595 0.0298 -0.0660 0
4.0 0.7554 0.0360 -0.0760 0
4.5 0.8373 0.0416 -0.0773 0
5.0 0.9176 0.0478 -0.0790 0
5.5 0.9782 0.0547 -0.0793 0
6.0 1.0233 0.0628 -0.0793 0
6.5 1.0476 0.0721 -0.0809 0
7.0 1.0540 0.0828 -0.0847 0
7.5 1.0349 0.0944 -0.0911 0
8.0 0.9992 0.1058 -0.0993 0
8.5 0.9630 0.1177 -0.1105 0
9.0 0.8755 0.1272 -0.1268 0
9.5 0.8102 0.1309 -0.1280 0
10.0 0.8153 0.1380 -0.1290 0
10.5 0.8374 0.1465 -0.1324 0
11.0 0.8599 0.1555 -0.1351 0
11.5 0.8903 0.1646 -0.1386 0
12.0 0.9158 0.1730 -0.1406 0
12.5 0.9407 0.1819 -0.1419 0
13.0 0.9667 0.1904 -0.1430 0
13.5 0.9921 0.1988 -0.1437 0
14.0 1.0138 0.2066 -0.1444 0
14.5 1.0332 0.2140 -0.1452 0
15.0 1.0566 0.2228 -0.1461 0
15.5 1.0752 0.2289 -0.1471 0
16.0 1.0936 0.2380 -0.1483 0
16.5 1.0753 0.2431 -0.1469 1
17.0 1.0584 0.2484 -0.1458 1
17.5 1.0427 0.2538 -0.1447 1
18.0 1.0282 0.2593 -0.1438 1
18.5 1.0147 0.2650 -0.1431 1
19.0 1.0022 0.2708 -0.1425 1
19.5 0.9906 0.2767 -0.1419 1
20.0 0.9798 0.2827 -0.1415 1
20.5 0.9697 0.2889 -0.1412 1
21.0 0.9603 0.2952 -0.1410 1
21.5 0.9515 0.3016 -0.1409 1
22.0 0.9432 0.3082 -0.1409 1
22.5 0.9354 0.3148 -0.1409 1
23.0 0.9282 0.3216 -0.1410 1
23.5 0.9213 0.3285 -0.1412 1
24.0 0.9149 0.3355 -0.1414 1
24.5 0.9088 0.3426 -0.1417 1
25.0 0.9030 0.3498 -0.1421 1
25.5 0.8975 0.3571 -0.1425 1
26.0 0.8923 0.3646 -0.1430 1
26.5 0.8874 0.3721 -0.1435 1
27.0 0.8827 0.3797 -0.1440 1
27.5 0.8782 0.3874 -0.1446 1
28.0 0.8738 0.3952 -0.1453 1
28.5 0.8697 0.4031 -0.1460 1
29.0 0.8656 0.4111 -0.1467 1
29.5 0.8618 0.4191 -0.1475 1
30.0 0.8580 0.4273 -0.1483 1
30.5 0.8543 0.4355 -0.1491 1
31.0 0.8508 0.4438 -0.1499 1
31.5 0.8473 0.4522 -0.1508 1
32.0 0.8438 0.4606 -0.1518 1
32.5 0.8405 0.4691 -0.1527 1
33.0 0.8371 0.4777 -0.1537 1
33.5 0.8339 0.4864 -0.1547 1
34.0 0.8306 0.4951 -0.1557 1
34.5 0.8273 0.5038 -0.1568 1
35.0 0.8241 0.5126 -0.1578 1
35.5 0.8208 0.5215 -0.1589 1
36.0 0.8176 0.5304 -0.1601 1
36.5 0.8143 0.5394 -0.1612 1
37.0 0.8110 0.5484 -0.1624 1
37.5 0.8077 0.5574 -0.1635 1
38.0 0.8044 0.5665 -0.1647 1
38.5 0.8010 0.5756 -0.1659 1
39.0 0.7975 0.5847 -0.1672 1
39.5 0.7941 0.5939 -0.1684 1
40.0 0.7905 0.6031 -0.1696 1
40.5 0.7869 0.6123 -0.1709 1
41.0 0.7833 0.6216 -0.1722 1
41.5 0.7795 0.6308 -0.1735 1
42.0 0.7758 0.6401 -0.1748 1
42.5 0.7719 0.6493 -0.1761 1
43.0 0.7679 0.6586 -0.1775 1
43.5 0.7639 0.6679 -0.1788 1
44.0 0.7598 0.6772 -0.1801 1
44.5 0.7556 0.6865 -0.1815 1
45.0 0.7514 0.6958 -0.1829 1
45.5 0.7470 0.7050 -0.1843 1
46.0 0.7425 0.7143 -0.1856 1
46.5 0.7380 0.7235 -0.1870 1
47.0 0.7333 0.7328 -0.1884 1
47.5 0.7286 0.7420 -0.1898 1
48.0 0.7237 0.7512 -0.1913 1
48.5 0.7188 0.7603 -0.1927 1
49.0 0.7137 0.7694 -0.1941 1
49.5 0.7085 0.7785 -0.1955 1
50.0 0.7033 0.7876 -0.1970 1
50.5 0.6979 0.7966 -0.1984 1
51.0 0.6924 0.8056 -0.1999 1
51.5 0.6868 0.8145 -0.2013 1
52.0 0.6811 0.8234 -0.2028 1
52.5 0.6753 0.8322 -0.2042 1
53.0 0.6694 0.8410 -0.2057 1
53.5 0.6634 0.8498 -0.2071 1
54.0 0.6573 0.8584 -0.2086 1
54.5 0.6510 0.8670 -0.2100 1
55.0 0.6447 0.8756 -0.2115 1
55.5 0.6382 0.8840 -0.2129 1
56.0 0.6316 0.8924 -0.2144 1
56.5 0.6249 0.9008 -0.2159 1
57.0 0.6181 0.9090 -0.2173 1
57.5 0.6112 0.9172 -0.2188 1
58.0 0.6042 0.9253 -0.2202 1
58.5 0.5971 0.9333 -0.2217 1
59.0 0.5899 0.9412 -0.2231 1
59.5 0.5825 0.9490 -0.2246 1
60.0 0.5751 0.9568 -0.2260 1
60.5 0.5675 0.9644 -0.2274 1
61.0 0.5599 0.9720 -0.2289 1
61.5 0.5521 0.9794 -0.2303 1
62.0 0.5443 0.9867 -0.2317 1
62.5 0.5363 0.9940 -0.2331 1
63.0 0.5283 1.0011 -0.2346 1
63.5 0.5201 1.0081 -0.2360 1
64.0 0.5119 1.0150 -0.2374 1
64.5 0.5035 1.0218 -0.2388 1
65.0 0.4951 1.0285 -0.2401 1
65.5 0.4866 1.0350 -0.2415 1
66.0 0.4779 1.0415 -0.2429 1
66.5 0.4692 1.0478 -0.2443 1
67.0 0.4604 1.0540 -0.2456 1
67.5 0.4515 1.0600 -0.2470 1
68.0 0.4426 1.0659 -0.2483 1
68.5 0.4335 1.0717 -0.2496 1
69.0 0.4244 1.0774 -0.2510 1
69.5 0.4152 1.0829 -0.2523 1
70.0 0.4059 1.0883 -0.2536 1
70.5 0.3965 1.0935 -0.2549 1
71.0 0.3871 1.0986 -0.2561 1
71.5 0.3776 1.1035 -0.2574 1
72.0 0.3680 1.1083 -0.2587 1
72.5 0.3584 1.1130 -0.2599 1
73.0 0.3487 1.1175 -0.2611 1
73.5 0.3389 1.1218 -0.2623 1
74.0 0.3291 1.1260 -0.2636 1
74.5 0.3192 1.1301 -0.2647 1
75.0 0.3093 1.1340 -0.2659 1
75.5 0.2993 1.1377 -0.2671 1
76.0 0.2893 1.1413 -0.2682 1
76.5 0.2792 1.1447 -0.2694 1
77.0 0.2691 1.1479 -0.2705 1
77.5 0.2589 1.1510 -0.2716 1
78.0 0.2488 1.1539 -0.2727 1
78.5 0.2385 1.1567 -0.2737 1
79.0 0.2283 1.1593 -0.2748 1
79.5 0.2180 1.1617 -0.2758 1
80.0 0.2076 1.1640 -0.2769 1
80.5 0.1973 1.1660 -0.2779 1
81.0 0.1869 1.1679 -0.2788 1
81.5 0.1765 1.1697 -0.2798 1
82.0 0.1661 1.1713 -0.2808 1
82.5 0.1557 1.1727 -0.2817 1
83.0 0.1453 1.1739 -0.2826 1
83.5 0.1349 1.1749 -0.2835 1
84.0 0.1244 1.1758 -0.2844 1
84.5 0.1140 1.1765 -0.2852 1
85.0 0.1036 1.1770 -0.2860 1
85.5 0.0931 1.1773 -0.2868 1
86.0 0.0827 1.1775 -0.2876 1
86.5 0.0723 1.1775 -0.2884 1
87.0 0.0619 1.1773 -0.2891 1
87.5 0.0515 1.1769 -0.2898 1
88.0 0.0412 1.1764 -0.2905 1
88.5 0.0308 1.1757 -0.2912 1
89.0 0.0205 1.1747 -0.2919 1
89.5 0.0102 1.1737 -0.2925 1
90.0 0.0000 1.1724 -0.2931 1
90.5 -0.0072 1.1737 -0.2951 3
91.0 -0.0144 1.1747 -0.2970 3
91.5 -0.0216 1.1757 -0.2989 3
92.0 -0.0288 1.1764 -0.3007 3
92.5 -0.0361 1.1769 -0.3025 3
93.0 -0.0433 1.1773 -0.3043 3
93.5 -0.0506 1.1775 -0.3061 3
94.0 -0.0579 1.1775 -0.3078 3
94.5 -0.0652 1.1773 -0.3094 3
95.0 -0.0725 1.1770 -0.3111 3
95.5 -0.0798 1.1765 -0.3127 3
96.0 -0.0871 1.1758 -0.3143 3
96.5 -0.0944 1.1749 -0.3158 3
97.0 -0.1017 1.1739 -0.3173 3
97.5 -0.1090 1.1727 -0.3187 3
98.0 -0.1163 1.1713 -0.3201 3
98.5 -0.1236 1.1697 -0.3215 3
99.0 -0.1309 1.1679 -0.3229 3
99.5 -0.1381 1.1660 -0.3242 3
100.0 -0.1454 1.1640 -0.3254 3
100.5 -0.1526 1.1617 -0.3266 3
101.0 -0.1598 1.1593 -0.3278 3
101.5 -0.1670 1.1567 -0.3290 3
102.0 -0.1741 1.1539 -0.3301 3
102.5 -0.1813 1.1510 -0.3311 3
103.0 -0.1884 1.1479 -0.3321 3
103.5 -0.1955 1.1447 -0.3331 3
104.0 -0.2025 1.1413 -0.3341 3
104.5 -0.2095 1.1377 -0.3350 3
105.0 -0.2165 1.1340 -0.3358 3
105.5 -0.2235 1.1301 -0.3366 3
106.0 -0.2304 1.1260 -0.3374 3
106.5 -0.2372 1.1218 -0.3381 3
107.0 -0.2441 1.1175 -0.3388 3
107.5 -0.2509 1.1130 -0.3395 3
108.0 -0.2576 1.1083 -0.3401 3
108.5 -0.2643 1.1035 -0.3407 3
109.0 -0.2710 1.0986 -0.3412 3
109.5 -0.2776 1.0935 -0.3417 3
110.0 -0.2841 1.0883 -0.3422 3
110.5 -0.2906 1.0829 -0.3426 3
111.0 -0.2971 1.0774 -0.3429 3
111.5 -0.3035 1.0717 -0.3433 3
112.0 -0.3098 1.0659 -0.3436 3
112.5 -0.3161 1.0600 -0.3438 3
113.0 -0.3223 1.0540 -0.3441 3
113.5 -0.3284 1.0478 -0.3442 3
114.0 -0.3345 1.0415 -0.3444 3
114.5 -0.3406 1.0350 -0.3445 3
115.0 -0.3466 1.0285 -0.3445 3
115.5 -0.3525 1.0218 -0.3446 3
116.0 -0.3583 1.0150 -0.3446 3
116.5 -0.3641 1.0081 -0.3445 3
117.0 -0.3698 1.0011 -0.3445 3
117.5 -0.3754 0.9940 -0.3443 3
118.0 -0.3810 0.9867 -0.3442 3
118.5 -0.3865 0.9794 -0.3440 3
119.0 -0.3919 0.9720 -0.3438 3
119.5 -0.3973 0.9644 -0.3436 3
120.0 -0.4026 0.9568 -0.3433 3
120.5 -0.4078 0.9490 -0.3430 3
121.0 -0.4129 0.9412 -0.3426 3
121.5 -0.4180 0.9333 -0.3423 3
122.0 -0.4229 0.9253 -0.3419 3
122.5 -0.4279 0.9172 -0.3414 3
123.0 -0.4327 0.9090 -0.3410 3
123.5 -0.4374 0.9008 -0.3405 3
124.0 -0.4421 0.8924 -0.3400 3
124.5 -0.4467 0.8840 -0.3395 3
125.0 -0.4513 0.8756 -0.3389 3
125.5 -0.4557 0.8670 -0.3383 3
126.0 -0.4601 0.8584 -0.3377 3
126.5 -0.4644 0.8498 -0.3371 3
127.0 -0.4686 0.8410 -0.3364 3
127.5 -0.4727 0.8322 -0.3358 3
128.0 -0.4768 0.8234 -0.3351 3
128.5 -0.4808 0.8145 -0.3344 3
129.0 -0.4847 0.8056 -0.3336 3
129.5 -0.4885 0.7966 -0.3329 3
130.0 -0.4923 0.7876 -0.3321 3
130.5 -0.4960 0.7785 -0.3314 3
131.0 -0.4996 0.7694 -0.3306 3
131.5 -0.5031 0.7603 -0.3298 3
132.0 -0.5066 0.7512 -0.3290 3
132.5 -0.5100 0.7420 -0.3282 3
133.0 -0.5133 0.7328 -0.3273 3
133.5 -0.5166 0.7235 -0.3265 3
134.0 -0.5198 0.7143 -0.3256 3
134.5 -0.5229 0.7050 -0.3248 3
135.0 -0.5259 0.6958 -0.3240 3
135.5 -0.5289 0.6865 -0.3231 3
136.0 -0.5319 0.6772 -0.3223 3
136.5 -0.5347 0.6679 -0.3214 3
137.0 -0.5376 0.6586 -0.3206 3
137.5 -0.5403 0.6493 -0.3197 3
138.0 -0.5430 0.6401 -0.3189 3
138.5 -0.5457 0.6308 -0.3180 3
139.0 -0.5483 0.6216 -0.3172 3
139.5 -0.5508 0.6123 -0.3164 3
140.0 -0.5534 0.6031 -0.3156 3
140.5 -0.5558 0.5939 -0.3148 3
141.0 -0.5583 0.5847 -0.3141 3
141.5 -0.5607 0.5756 -0.3133 3
142.0 -0.5630 0.5665 -0.3126 3
142.5 -0.5654 0.5574 -0.3119 3
143.0 -0.5677 0.5484 -0.3112 3
143.5 -0.5700 0.5394 -0.3105 3
144.0 -0.5723 0.5304 -0.3099 3
144.5 -0.5746 0.5215 -0.3093 3
145.0 -0.5769 0.5126 -0.3088 3
145.5 -0.5791 0.5038 -0.3082 3
146.0 -0.5814 0.4951 -0.3078 3
146.5 -0.5837 0.4864 -0.3073 3
147.0 -0.5860 0.4777 -0.3069 3
147.5 -0.5883 0.4691 -0.3066 3
148.0 -0.5907 0.4606 -0.3063 3
148.5 -0.5931 0.4522 -0.3061 3
149.0 -0.5955 0.4438 -0.3059 3
149.5 -0.5980 0.4355 -0.3058 3
150.0 -0.6006 0.4273 -0.3057 3
150.5 -0.6032 0.4191 -0.3058 3
151.0 -0.6060 0.4111 -0.3059 3
151.5 -0.6088 0.4031 -0.3061 3
152.0 -0.6117 0.3952 -0.3064 3
152.5 -0.6147 0.3874 -0.3068 3
153.0 -0.6179 0.3797 -0.3072 3
153.5 -0.6212 0.3721 -0.3078 3
154.0 -0.6246 0.3646 -0.3085 3
154.5 -0.6283 0.3571 -0.3094 3
155.0 -0.6321 0.3498 -0.3103 3
155.5 -0.6361 0.3426 -0.3114 3
156.0 -0.6404 0.3355 -0.3126 3
156.5 -0.6449 0.3285 -0.3141 3
157.0 -0.6497 0.3216 -0.3156 3
157.5 -0.6548 0.3148 -0.3174 3
158.0 -0.6602 0.3082 -0.3193 3
158.5 -0.6660 0.3016 -0.3215 3
159.0 -0.6722 0.2952 -0.3239 3
159.5 -0.6788 0.2889 -0.3265 3
160.0 -0.6859 0.2827 -0.3294 3
160.5 -0.6934 0.2767 -0.3326 3
161.0 -0.7016 0.2708 -0.3361 3
161.5 -0.7103 0.2650 -0.3399 3
162.0 -0.7197 0.2593 -0.3441 3
162.5 -0.7299 0.2538 -0.3487 3
163.0 -0.7408 0.2484 -0.3537 3
163.5 -0.7527 0.2431 -0.3591 3
164.0 -0.7655 0.2380 -0.3651 3
164.5 -0.7526 0.2289 -0.3594 3
165.0 -0.7396 0.2228 -0.3539 3
165.5 -0.7232 0.2140 -0.3465 3
166.0 -0.7097 0.2066 -0.3406 3
166.5 -0.6945 0.1988 -0.3338 3
167.0 -0.6767 0.1904 -0.3257 3
167.5 -0.6585 0.1819 -0.3174 3
168.0 -0.6411 0.1730 -0.3094 3
168.5 -0.6232 0.1646 -0.3012 3
169.0 -0.6019 0.1555 -0.2913 3
169.5 -0.5862 0.1465 -0.2839 3
170.0 -0.5707 0.1380 -0.2767 3
170.5 -0.5671 0.1309 -0.2752 3
171.0 -0.6128 0.1272 -0.2970 3
171.5 -0.6741 0.1177 -0.3259 3
172.0 -0.6994 0.1058 -0.3380 3
172.5 -0.7244 0.0944 -0.3501 3
173.0 -0.7378 0.0828 -0.3568 3
173.5 -0.7333 0.0721 -0.3551 3
174.0 -0.7163 0.0628 -0.3475 3
174.5 -0.6847 0.0547 -0.3329 3
175.0 -0.6423 0.0478 -0.3131 3
175.5 -0.5861 0.0416 -0.2864 3
176.0 -0.5288 0.0360 -0.2591 3
176.5 -0.3916 0.0298 -0.1926 3
177.0 -0.3601 0.0287 -0.1776 3
177.5 -0.3304 0.0277 -0.1633 3
178.0 -0.3001 0.0268 -0.1488 3
178.5 -0.2690 0.0261 -0.1337 3
179.0 -0.2367 0.0254 -0.1179 3
179.5 -0.2005 0.0259 -0.1001 3
180.0 -0.1576 0.0297 -0.0788 3
