alpha cl cd cm ld phi
-6.00 -0.3224 0.09118 -0.0471 -3.54 nan
-5.75 -0.3010 0.08627 -0.0539 -3.49 nan
-5.50 -0.2770 0.08133 -0.0607 -3.41 nan
-5.25 -0.2489 0.07620 -0.0681 -3.27 nan
-5.00 -0.2191 0.07096 -0.0756 -3.09 nan
-4.75 -0.1850 0.06499 -0.0843 -2.85 nan
-4.50 -0.1555 0.06199 -0.0879 -2.51 nan
-4.25 -0.1173 0.05785 -0.0942 -2.03 nan
-4.00 -0.0792 0.05429 -0.0993 -1.46 nan
-3.75 -0.0416 0.05114 -0.1041 -0.81 nan
-3.50 -0.0068 0.04887 -0.1073 -0.14 nan
-3.25 0.0363 0.04627 -0.1118 0.78 nan
-3.00 0.0669 0.04503 -0.1133 1.49 33.944
-2.75 0.1033 0.04369 -0.1157 2.36 22.926
-2.50 0.1370 0.04265 -0.1174 3.21 17.292
-2.25 0.1705 0.04188 -0.1188 4.07 13.800
-2.00 0.2063 0.04114 -0.1205 5.01 11.278
-1.75 0.2363 0.04074 -0.1212 5.80 9.782
-1.50 0.2661 0.04042 -0.1218 6.58 8.637
-1.25 0.3008 0.04000 -0.1231 7.52 7.575
-1.00 0.3292 0.03979 -0.1235 8.27 6.892
-0.75 0.3605 0.03950 -0.1242 9.13 6.253
-0.50 0.3878 0.03935 -0.1244 9.86 5.794
-0.25 0.4175 0.03906 -0.1249 10.69 5.345
0.00 0.4469 0.03865 -0.1254 11.56 4.943
0.25 0.4705 0.03783 -0.1244 12.44 4.597
0.50 0.4843 0.03760 -0.1215 12.88 4.439
0.75 0.5180 0.03792 -0.1225 13.66 4.187
1.00 0.5413 0.03861 -0.1221 14.02 4.080
1.25 0.5686 0.03914 -0.1223 14.53 3.938
1.50 0.5898 0.03995 -0.1217 14.76 3.875
1.75 0.6132 0.04068 -0.1214 15.07 3.795
2.00 0.6347 0.04152 -0.1209 15.29 3.743
2.25 0.6637 0.04196 -0.1211 15.82 3.618
2.50 0.6791 0.04317 -0.1200 15.73 3.637
2.75 0.7076 0.04364 -0.1201 16.21 3.529
3.00 0.7244 0.04480 -0.1192 16.17 3.539
3.25 0.7466 0.04566 -0.1188 16.35 3.500
3.50 0.7632 0.04690 -0.1179 16.27 3.517
3.75 0.7846 0.04785 -0.1175 16.40 3.490
4.00 0.8068 0.04872 -0.1170 16.56 3.456
4.25 0.8192 0.05031 -0.1159 16.28 3.514
4.50 0.8361 0.05160 -0.1151 16.20 3.532
4.75 0.8576 0.05257 -0.1146 16.31 3.508
5.00 0.8720 0.05407 -0.1137 16.13 3.548
5.25 0.8838 0.05579 -0.1126 15.84 3.612
5.50 0.9137 0.05612 -0.1126 16.28 3.515
5.75 0.9133 0.05884 -0.1109 15.52 3.686
6.00 0.9326 0.06001 -0.1102 15.54 3.682
6.25 0.9371 0.06239 -0.1089 15.02 3.809
6.50 0.9666 0.06271 -0.1087 15.41 3.712
6.75 0.9666 0.06552 -0.1073 14.75 3.878
7.00 0.9780 0.06738 -0.1063 14.51 3.941
7.25 0.9871 0.06946 -0.1053 14.21 4.025
7.50 1.0147 0.06987 -0.1048 14.52 3.939
7.75 1.0057 0.07358 -0.1033 13.67 4.184
8.00 1.0281 0.07445 -0.1027 13.81 4.142
8.25 1.0272 0.07748 -0.1015 13.26 4.314
8.50 1.0333 0.07986 -0.1005 12.94 4.419
8.75 1.0490 0.08135 -0.0997 12.89 4.434
9.00 1.0559 0.08361 -0.0987 12.63 4.527
9.25 1.0713 0.08504 -0.0978 12.60 4.539
9.50 1.0768 0.08751 -0.0969 12.30 4.646
9.75 1.0868 0.08940 -0.0959 12.16 4.703
10.00 1.0859 0.09250 -0.0950 11.74 4.869
10.25 1.0880 0.09526 -0.0942 11.42 5.004
10.50 1.0998 0.09693 -0.0933 11.35 5.037
10.75 1.1066 0.09909 -0.0923 11.17 5.117
11.00 1.1141 0.10111 -0.0916 11.02 5.186
11.25 1.1270 0.10234 -0.0903 11.01 5.189
11.50 1.1310 0.10464 -0.0894 10.81 5.286
11.75 1.1367 0.10666 -0.0885 10.66 5.361
12.00 1.1415 0.10879 -0.0879 10.49 5.444
12.25 1.1462 0.11082 -0.0871 10.34 5.522
12.50 1.1598 0.11137 -0.0853 10.41 5.485
12.75 1.1764 0.11107 -0.0837 10.59 5.394
13.00 1.1705 0.11478 -0.0837 10.20 5.601
13.25 1.1815 0.11506 -0.0820 10.27 5.562
13.50 1.1889 0.11646 -0.0817 10.21 5.595
13.75 1.2037 0.11586 -0.0795 10.39 5.498
14.00 1.2176 0.11564 -0.0781 10.53 5.425
14.25 1.2312 0.11513 -0.0759 10.69 5.342
14.50 1.2450 0.11513 -0.0748 10.81 5.283
14.75 1.2549 0.11568 -0.0737 10.85 5.267
15.00 1.2613 0.11730 -0.0726 10.75 5.313
15.25 1.2691 0.11883 -0.0724 10.68 5.349
15.50 1.2772 0.12070 -0.0720 10.58 5.399
15.75 1.2725 0.12485 -0.0730 10.19 5.604
16.00 1.2692 0.12920 -0.0742 9.82 5.812
