alpha phin
-6.00 nan
-5.75 nan
-5.50 nan
-5.25 nan
-5.00 nan
-4.75 nan
-4.50 nan
-4.25 nan
-4.00 nan
-3.75 nan
-3.50 nan
-3.25 nan
-3.00 nan
-2.75 nan
-2.50 nan
-2.25 nan
-2.00 nan
-1.75 nan
-1.50 nan
-1.25 nan
-1.00 nan
-0.75 nan
-0.50 nan
-0.25 nan
0.00 nan
0.25 nan
0.50 7.555
0.75 6.567
1.00 5.756
1.25 5.155
1.50 4.863
1.75 4.673
2.00 4.575
2.25 4.567
2.50 4.490
2.75 4.509
3.00 4.569
3.25 4.587
3.50 5.211
3.75 5.908
4.00 6.796
4.25 7.894
4.50 9.306
4.75 10.784
5.00 10.862
5.25 11.014
5.50 6.407
5.75 6.583
6.00 6.759
6.25 7.049
6.50 7.252
6.75 7.474
7.00 7.753
7.25 8.018
7.50 8.267
7.75 8.497
8.00 9.812
8.25 9.140
8.50 9.336
8.75 9.697
9.00 9.898
9.25 10.205
9.50 10.401
9.75 10.704
10.00 10.859
10.25 11.164
10.50 11.407
10.75 11.582
11.00 11.845
11.25 12.069
11.50 12.238
11.75 12.472
12.00 12.672
12.25 12.846
12.50 13.064
12.75 13.233
13.00 13.384
13.25 13.531
13.50 13.670
13.75 13.942
14.00 14.044
14.25 14.131
14.50 14.234
14.75 14.345
15.00 14.468
15.25 14.771
15.50 14.786
15.75 14.814
16.00 14.879
