alpha cl cd cm ld phi
-6.00 -0.3582 0.09888 -0.0287 -3.62 nan
-5.75 -0.3340 0.09466 -0.0349 -3.53 nan
-5.50 -0.3115 0.09036 -0.0460 -3.45 nan
-5.25 -0.2870 0.08707 -0.0461 -3.30 nan
-5.00 -0.2572 0.08270 -0.0569 -3.11 nan
-4.75 -0.2345 0.07945 -0.0571 -2.95 nan
-4.50 -0.2049 0.07559 -0.0634 -2.71 nan
-4.25 -0.1783 0.07231 -0.0685 -2.47 nan
-4.00 -0.1413 0.06897 -0.0765 -2.05 nan
-3.75 -0.1148 0.06603 -0.0775 -1.74 nan
-3.50 -0.0873 0.06318 -0.0806 -1.38 nan
-3.25 0.0424 0.04475 -0.1152 0.95 nan
-3.00 0.0907 0.04215 -0.1201 2.15 24.925
-2.75 0.1271 0.04025 -0.1225 3.16 17.572
-2.50 0.1699 0.03853 -0.1257 4.41 12.777
-2.25 0.2073 0.03761 -0.1276 5.51 10.283
-2.00 0.2431 0.03681 -0.1292 6.60 8.610
-1.75 0.2821 0.03592 -0.1313 7.85 7.256
-1.50 0.3148 0.03545 -0.1323 8.88 6.425
-1.25 0.3496 0.03494 -0.1335 10.01 5.707
-1.00 0.3876 0.03431 -0.1351 11.30 5.059
-0.75 0.4140 0.03422 -0.1351 12.10 4.725
-0.50 0.4488 0.03370 -0.1361 13.32 4.294
-0.25 0.4938 0.03264 -0.1384 15.13 3.782
0.00 0.5175 0.03257 -0.1379 15.89 3.601
0.25 0.5471 0.03137 -0.1377 17.44 3.282
0.50 0.5650 0.03132 -0.1354 18.04 3.173
0.75 0.6080 0.03100 -0.1373 19.61 2.919
1.00 0.6260 0.03186 -0.1361 19.65 2.914
1.25 0.6649 0.03167 -0.1374 20.99 2.727
1.50 0.6854 0.03242 -0.1366 21.14 2.708
1.75 0.7139 0.03275 -0.1367 21.80 2.627
2.00 0.7427 0.03309 -0.1368 22.44 2.551
2.25 0.7624 0.03394 -0.1358 22.46 2.549
2.50 0.7976 0.03389 -0.1366 23.53 2.433
2.75 0.8055 0.03546 -0.1345 22.72 2.521
3.00 0.8502 0.03481 -0.1362 24.42 2.345
3.25 0.8593 0.03637 -0.1342 23.63 2.424
3.50 0.8898 0.03662 -0.1344 24.30 2.357
3.75 0.8987 0.03824 -0.1324 23.50 2.436
4.00 0.9202 0.03903 -0.1317 23.58 2.429
4.25 0.9433 0.03976 -0.1312 23.72 2.414
4.50 0.9569 0.04117 -0.1298 23.24 2.464
4.75 0.9341 0.04572 -0.1260 20.43 2.802
5.00 0.9765 0.04474 -0.1266 21.83 2.623
5.25 0.9714 0.04798 -0.1244 20.25 2.828
5.50 0.9970 0.04848 -0.1238 20.57 2.784
5.75 0.9821 0.05267 -0.1212 18.65 3.070
6.00 1.0131 0.05268 -0.1210 19.23 2.977
6.25 1.0176 0.05515 -0.1195 18.45 3.102
6.50 1.0295 0.05689 -0.1183 18.10 3.163
6.75 1.0202 0.06069 -0.1163 16.81 3.404
7.00 1.0256 0.06312 -0.1149 16.25 3.522
7.25 1.0676 0.06194 -0.1149 17.24 3.320
7.50 1.0983 0.06177 -0.1143 17.78 3.219
7.75 1.0670 0.06789 -0.1119 15.72 3.641
nan nan nan nan nan nan
9.25 1.1220 0.07959 -0.1045 14.10 4.058
9.50 1.1712 0.07655 -0.1032 15.30 3.740
9.75 1.3266 0.05954 -0.1027 22.28 2.570
10.00 1.3720 0.05616 -0.1014 24.43 2.344
10.25 1.2875 0.06853 -0.0976 18.79 3.047
10.50 1.2708 0.07313 -0.0958 17.38 3.294
10.75 1.2432 0.07953 -0.0947 15.63 3.660
11.00 1.5901 0.03989 -0.1009 39.86 1.437
11.25 1.5888 0.04031 -0.0966 39.41 1.453
11.50 1.5786 0.04151 -0.0918 38.03 1.506
11.75 1.5713 0.04265 -0.0877 36.84 1.555
12.00 1.5602 0.04435 -0.0837 35.18 1.628
12.25 1.5455 0.04673 -0.0800 33.07 1.732
12.50 1.5280 0.04973 -0.0767 30.73 1.864
12.75 1.5088 0.05335 -0.0738 28.28 2.025
13.00 1.4900 0.05726 -0.0713 26.02 2.201
13.25 1.4736 0.06131 -0.0693 24.04 2.382
13.50 1.4613 0.06509 -0.0676 22.45 2.550
13.75 1.4556 0.06839 -0.0659 21.28 2.690
14.00 1.4530 0.07134 -0.0644 20.37 2.811
14.25 1.4560 0.07376 -0.0629 19.74 2.900
14.50 1.4634 0.07579 -0.0612 19.31 2.965
14.75 1.4819 0.07676 -0.0598 19.31 2.965
15.00 1.4899 0.07909 -0.0584 18.84 3.039
15.25 1.5081 0.08047 -0.0570 18.74 3.054
15.50 1.5111 0.08360 -0.0563 18.08 3.167
15.75 1.5399 0.08464 -0.0552 18.19 3.146
16.00 1.5285 0.08896 -0.0546 17.18 3.331
