x y
1.000000 0.000000
0.999906 0.000037
0.999625 0.000147
0.999157 0.000331
0.998501 0.000587
0.997658 0.000916
0.996628 0.001316
0.995411 0.001786
0.994008 0.002327
0.992418 0.002935
0.990643 0.003611
0.988682 0.004352
0.986537 0.005157
0.984207 0.006023
0.981693 0.006950
0.978995 0.007934
0.976115 0.008974
0.973053 0.010067
0.969810 0.011211
0.966386 0.012403
0.962783 0.013640
0.959001 0.014919
0.955042 0.016237
0.950906 0.017591
0.946594 0.018979
0.942109 0.020396
0.937451 0.021839
0.932621 0.023304
0.927622 0.024789
0.922453 0.026289
0.917118 0.027801
0.911618 0.029320
0.905955 0.030843
0.900130 0.032367
0.894145 0.033886
0.888003 0.035398
0.881706 0.036898
0.875255 0.038381
0.868654 0.039845
0.861904 0.041285
0.855009 0.042696
0.847971 0.044079
0.840798 0.045455
0.833494 0.046825
0.826062 0.048189
0.818503 0.049542
0.810822 0.050884
0.803021 0.052213
0.800535 0.037420
0.808272 0.036103
0.815890 0.034772
0.823386 0.033429
0.830758 0.032077
0.838002 0.030718
0.845116 0.029353
0.852098 0.027990
0.858949 0.026653
0.865669 0.025346
0.872253 0.024069
0.878700 0.022823
0.885007 0.021608
0.891172 0.020424
0.897191 0.019271
0.903062 0.018150
0.908783 0.017060
0.914351 0.016001
0.919764 0.014975
0.925019 0.013981
0.930113 0.013019
0.935045 0.012090
0.939812 0.011194
0.944412 0.010330
0.948843 0.009500
0.953102 0.008703
0.957187 0.007940
0.961097 0.007211
0.964829 0.006515
0.968381 0.005854
0.971753 0.005227
0.974941 0.004635
0.977945 0.004078
0.980762 0.003556
0.983392 0.003068
0.985833 0.002617
0.988083 0.002200
0.990142 0.001820
0.992008 0.001475
0.993681 0.001166
0.995158 0.000893
0.996441 0.000657
0.997527 0.000456
0.998417 0.000292
0.999109 0.000164
0.999604 0.000073
0.999901 0.000018
1.000000 0.000000
