alpha phin
-6.00 nan
-5.75 nan
-5.50 nan
-5.25 nan
-5.00 nan
-4.75 nan
-4.50 nan
-4.25 nan
-4.00 nan
-3.75 nan
-3.50 nan
-3.25 nan
-3.00 nan
-2.75 nan
-2.50 34.683
-2.25 25.824
-2.00 16.699
-1.75 12.229
-1.50 9.800
-1.25 8.215
-1.00 6.799
-0.75 5.001
-0.50 4.248
-0.25 3.712
0.00 3.260
0.25 2.943
0.50 2.672
0.75 2.462
1.00 2.320
1.25 2.169
1.50 2.068
1.75 1.972
2.00 1.854
2.25 1.307
2.50 1.320
2.75 1.343
3.00 1.363
3.25 1.391
3.50 1.429
3.75 1.476
4.00 1.516
4.25 1.571
4.50 1.637
4.75 1.677
5.00 1.738
5.25 1.815
5.50 1.900
5.75 1.989
6.00 2.089
6.25 2.204
6.50 2.280
6.75 2.399
7.00 2.546
7.25 2.726
nan nan
8.00 3.174
8.25 3.349
8.50 3.745
8.75 3.718
9.00 3.906
9.25 4.105
9.50 4.311
9.75 4.533
10.00 4.936
10.25 5.151
10.50 5.397
10.75 5.672
11.00 5.975
11.25 6.306
11.50 6.663
11.75 7.055
12.00 7.489
12.25 7.869
12.50 8.147
12.75 8.383
13.00 9.900
13.25 10.117
13.50 10.480
13.75 10.814
14.00 11.062
14.25 11.262
14.50 11.396
14.75 11.610
15.00 11.885
15.25 12.130
15.50 12.347
15.75 12.501
16.00 12.722
