alpha cl cd cm xtrs xtri npts dcl dcd biest clalt cdalt
-6.00 -0.0618 0.03146 -0.1342 0.8872 0.0546 9 0.0024 0.00215 0 -0.0618 0.03146
-5.75 -0.0287 0.02955 -0.1361 0.8827 0.0571 9 0.0041 0.00029 0 -0.0287 0.02955
-5.50 0.0001 0.02778 -0.1371 0.8763 0.0601 9 0.0054 0.00043 0 0.0001 0.02778
-5.25 0.0314 0.02635 -0.1382 0.8707 0.0633 9 0.0074 0.00075 0 0.0314 0.02635
-5.00 0.0619 0.02541 -0.1389 0.8649 0.0667 9 0.0011 0.00018 0 0.0619 0.02541
-4.75 0.0936 0.02426 -0.1398 0.8593 0.0708 9 0.0041 0.00031 0 0.0936 0.02426
-4.50 0.1232 0.02348 -0.1402 0.8532 0.0751 9 0.0063 0.00030 0 0.1232 0.02348
-4.25 0.1529 0.02268 -0.1405 0.8467 0.0798 9 0.0024 0.00004 0 0.1529 0.02268
-4.00 0.1851 0.02200 -0.1413 0.8412 0.0854 9 0.0061 0.00027 0 0.1851 0.02200
-3.75 0.2127 0.02145 -0.1412 0.8333 0.0908 9 0.0002 0.00004 0 0.2127 0.02145
-3.50 0.2446 0.02085 -0.1419 0.8275 0.0981 9 0.0011 0.00012 0 0.2446 0.02085
-3.25 0.2727 0.02041 -0.1419 0.8197 0.1052 8 0.0026 0.00011 0 0.2727 0.02041
-3.00 0.3022 0.01993 -0.1421 0.8126 0.1139 9 0.0035 0.00006 0 0.3022 0.01993
-2.75 0.3330 0.01949 -0.1424 0.8056 0.1237 9 0.0031 0.00010 0 0.3330 0.01949
-2.50 0.3630 0.01912 -0.1427 0.7983 0.1348 9 0.0028 0.00007 0 0.3630 0.01912
-2.25 0.3908 0.01881 -0.1426 0.7898 0.1473 9 0.0044 0.00014 0 0.3908 0.01881
-2.00 0.4198 0.01852 -0.1426 0.7815 0.1611 9 0.0021 0.00005 0 0.4198 0.01852
-1.75 0.4486 0.01826 -0.1427 0.7729 0.1764 9 0.0023 0.00006 0 0.4486 0.01826
-1.50 0.4798 0.01795 -0.1431 0.7655 0.1948 9 0.0006 0.00001 0 0.4798 0.01795
-1.25 0.5066 0.01780 -0.1428 0.7556 0.2144 9 0.0017 0.00006 0 0.5066 0.01780
-1.00 0.5351 0.01760 -0.1427 0.7469 0.2359 9 0.0014 0.00003 0 0.5351 0.01760
-0.75 0.5633 0.01743 -0.1427 0.7376 0.2607 9 0.0020 0.00005 0 0.5633 0.01743
-0.50 0.5915 0.01727 -0.1426 0.7285 0.2887 9 0.0006 0.00003 0 0.5915 0.01727
-0.25 0.6202 0.01711 -0.1426 0.7189 0.3226 9 0.0008 0.00003 0 0.6202 0.01711
0.00 0.6484 0.01692 -0.1426 0.7099 0.3681 9 0.0019 0.00007 0 0.6484 0.01692
0.25 0.6765 0.01652 -0.1426 0.7010 0.4694 9 0.0004 0.00000 0 0.6765 0.01652
0.50 0.6988 0.01549 -0.1406 0.6913 0.9998 8 0.0010 0.00003 0 0.6988 0.01549
0.75 0.7268 0.01562 -0.1405 0.6823 0.9998 8 0.0011 0.00003 0 0.7268 0.01562
1.00 0.7544 0.01577 -0.1403 0.6731 0.9998 9 0.0015 0.00004 0 0.7544 0.01577
1.25 0.7820 0.01593 -0.1402 0.6640 0.9998 9 0.0001 0.00001 0 0.7820 0.01593
1.50 0.8092 0.01611 -0.1400 0.6549 0.9998 9 0.0009 0.00003 0 0.8092 0.01611
1.75 0.8371 0.01628 -0.1399 0.6468 0.9998 9 0.0010 0.00004 0 0.8371 0.01628
2.00 0.8634 0.01650 -0.1396 0.6379 0.9998 12 0.0001 0.00000 0 0.8634 0.01650
2.25 0.8898 0.01673 -0.1393 0.6295 0.9998 9 0.0002 0.00002 0 0.8898 0.01673
2.50 0.9170 0.01695 -0.1391 0.6220 0.9998 9 0.0011 0.00003 0 0.9170 0.01695
2.75 0.9429 0.01720 -0.1388 0.6137 0.9998 9 0.0011 0.00003 0 0.9429 0.01720
3.00 0.9695 0.01745 -0.1385 0.6064 0.9998 9 0.0004 0.00001 0 0.9695 0.01745
3.25 0.9957 0.01772 -0.1382 0.5988 0.9998 9 0.0001 0.00001 0 0.9957 0.01772
3.50 1.0215 0.01800 -0.1379 0.5915 0.9998 9 0.0016 0.00005 0 1.0215 0.01800
3.75 1.0481 0.01828 -0.1377 0.5846 0.9998 9 0.0009 0.00001 0 1.0481 0.01828
4.00 1.0729 0.01860 -0.1372 0.5774 0.9998 9 0.0009 0.00003 0 1.0729 0.01860
4.25 1.0997 0.01887 -0.1370 0.5710 0.9998 9 0.0001 0.00001 0 1.0997 0.01887
4.50 1.1237 0.01923 -0.1364 0.5638 0.9998 9 0.0005 0.00003 0 1.1237 0.01923
4.75 1.1501 0.01952 -0.1362 0.5577 0.9998 9 0.0014 0.00004 0 1.1501 0.01952
5.00 1.1745 0.01989 -0.1356 0.5506 0.9998 9 0.0008 0.00003 0 1.1745 0.01989
5.25 1.1989 0.02023 -0.1351 0.5444 0.9998 9 0.0024 0.00006 0 1.1989 0.02023
5.50 1.2249 0.02058 -0.1348 0.5378 0.9998 9 0.0020 0.00005 0 1.2249 0.02058
5.75 1.2474 0.02097 -0.1340 0.5312 0.9998 9 0.0025 0.00008 0 1.2474 0.02097
6.00 1.2712 0.02136 -0.1334 0.5243 0.9998 9 0.0015 0.00004 0 1.2712 0.02136
6.25 1.2956 0.02171 -0.1328 0.5181 0.9998 9 0.0017 0.00006 0 1.2956 0.02171
6.50 1.3176 0.02215 -0.1319 0.5109 0.9998 9 0.0011 0.00005 0 1.3176 0.02215
6.75 1.3435 0.02248 -0.1316 0.5048 0.9998 6 0.0002 0.00003 0 1.3435 0.02248
7.00 1.3626 0.02297 -0.1303 0.4970 0.9998 9 0.0017 0.00007 0 1.3626 0.02297
7.25 1.3860 0.02336 -0.1296 0.4900 0.9998 9 0.0014 0.00002 0 1.3860 0.02336
7.50 1.4059 0.02379 -0.1283 0.4821 0.9998 9 0.0034 0.00012 0 1.4059 0.02379
7.75 1.4267 0.02421 -0.1272 0.4740 0.9998 9 0.0015 0.00006 0 1.4267 0.02421
8.00 1.4448 0.02463 -0.1256 0.4651 0.9998 9 0.0039 0.00012 0 1.4448 0.02463
8.25 1.4622 0.02503 -0.1238 0.4547 0.9998 6 0.0021 0.00002 0 1.4622 0.02503
8.50 1.4754 0.02546 -0.1214 0.4426 0.9998 6 0.0004 0.00003 0 1.4754 0.02546
8.75 1.4868 0.02591 -0.1187 0.4297 0.9998 6 0.0024 0.00011 0 1.4868 0.02591
9.00 1.4951 0.02641 -0.1154 0.4167 0.9998 6 0.0014 0.00007 0 1.4951 0.02641
9.25 1.5023 0.02702 -0.1122 0.4034 0.9998 6 0.0003 0.00003 0 1.5023 0.02702
9.50 1.5092 0.02770 -0.1090 0.3897 0.9998 6 0.0003 0.00002 0 1.5092 0.02770
9.75 1.5149 0.02849 -0.1058 0.3754 0.9998 6 0.0001 0.00000 0 1.5149 0.02849
10.00 1.5193 0.02943 -0.1027 0.3597 0.9998 6 0.0002 0.00002 0 1.5193 0.02943
10.25 1.5226 0.03051 -0.0996 0.3429 0.9998 6 0.0002 0.00001 0 1.5226 0.03051
10.50 1.5247 0.03176 -0.0965 0.3248 0.9998 6 0.0003 0.00002 0 1.5247 0.03176
10.75 1.5249 0.03325 -0.0935 0.3050 0.9998 6 0.0002 0.00001 0 1.5249 0.03325
11.00 1.5234 0.03500 -0.0906 0.2839 0.9998 6 0.0007 0.00002 0 1.5234 0.03500
11.25 1.5194 0.03706 -0.0877 0.2616 0.9998 6 0.0005 0.00001 0 1.5194 0.03706
11.50 1.5133 0.03945 -0.0850 0.2392 0.9998 4 0.0003 0.00000 0 1.5133 0.03945
11.75 1.5049 0.04221 -0.0824 0.2170 0.9998 6 0.0004 0.00000 0 1.5049 0.04221
12.00 1.4949 0.04532 -0.0801 0.1961 0.9998 6 0.0010 0.00003 0 1.4949 0.04532
12.25 1.4844 0.04869 -0.0782 0.1761 0.9998 6 0.0006 0.00001 0 1.4844 0.04869
12.50 1.4731 0.05232 -0.0766 0.1584 0.9998 6 0.0005 0.00003 0 1.4731 0.05232
12.75 1.4619 0.05617 -0.0753 0.1427 0.9998 6 0.0010 0.00003 0 1.4619 0.05617
13.00 1.4506 0.06017 -0.0744 0.1292 0.9998 6 0.0011 0.00004 0 1.4506 0.06017
13.25 1.4403 0.06423 -0.0736 0.1173 0.9998 6 0.0011 0.00007 0 1.4403 0.06423
13.50 1.4309 0.06836 -0.0731 0.1072 0.9998 6 0.0012 0.00009 0 1.4309 0.06836
13.75 1.4218 0.07258 -0.0728 0.0988 0.9998 6 0.0021 0.00013 0 1.4218 0.07258
14.00 1.4144 0.07663 -0.0726 0.0912 0.9998 6 0.0014 0.00004 0 1.4144 0.07663
14.25 1.4072 0.08072 -0.0725 0.0850 0.9998 6 0.0019 0.00010 0 1.4072 0.08072
14.50 1.4000 0.08479 -0.0726 0.0797 0.9998 6 0.0015 0.00012 0 1.4000 0.08479
14.75 1.3955 0.08875 -0.0727 0.0748 0.9998 6 0.0023 0.00018 0 1.3955 0.08875
15.00 1.3902 0.09258 -0.0730 0.0704 0.9998 6 0.0029 0.00031 0 1.3902 0.09258
15.25 1.3869 0.09647 -0.0732 0.0665 0.9998 6 0.0026 0.00028 0 1.3869 0.09647
15.50 1.3832 0.10006 -0.0736 0.0631 0.9998 6 0.0029 0.00028 0 1.3832 0.10006
15.75 1.3824 0.10354 -0.0738 0.0599 0.9998 6 0.0016 0.00001 0 1.3824 0.10354
16.00 1.3813 0.10697 -0.0742 0.0569 0.9998 6 0.0049 0.00046 0 1.3813 0.10697
