alpha cl cd cm ld phi
-6.00 -0.4159 0.10739 -0.0067 -3.87 nan
-5.75 -0.4226 0.10584 -0.0065 -3.99 nan
-5.50 -0.4280 0.10373 -0.0067 -4.13 nan
-5.25 -0.4317 0.10114 -0.0070 -4.27 nan
-5.00 -0.4321 0.09879 -0.0077 -4.37 nan
-4.75 -0.4298 0.09644 -0.0066 -4.46 nan
-4.50 -0.4278 0.09377 -0.0074 -4.56 nan
-4.25 -0.4229 0.09131 -0.0099 -4.63 nan
-4.00 -0.4176 0.08887 -0.0098 -4.70 nan
-3.75 -0.3876 0.08549 -0.0157 -4.53 nan
-3.50 -0.3530 0.08202 -0.0207 -4.30 nan
-3.25 -0.3190 0.07894 -0.0260 -4.04 nan
-3.00 -0.2952 0.07629 -0.0274 -3.87 nan
nan nan nan nan nan nan
-2.50 -0.0706 0.05822 -0.0877 -1.21 nan
-2.25 -0.1070 0.06298 -0.0709 -1.70 nan
-2.00 -0.1076 0.06260 -0.0628 -1.72 nan
-1.75 -0.1215 0.06207 -0.0500 -1.96 nan
-1.50 0.1253 0.04938 -0.1111 2.54 21.509
-1.25 0.1620 0.04873 -0.1138 3.32 16.741
-1.00 0.1941 0.04837 -0.1154 4.01 13.993
-0.75 0.2315 0.04811 -0.1179 4.81 11.740
-0.50 0.2638 0.04802 -0.1195 5.49 10.317
-0.25 0.3018 0.04799 -0.1218 6.29 9.035
0.00 0.3262 0.04820 -0.1221 6.77 8.405
0.25 0.3606 0.04826 -0.1237 7.47 7.623
0.50 0.3837 0.04846 -0.1237 7.92 7.198
0.75 0.4176 0.04712 -0.1239 8.86 6.438
1.00 0.4273 0.04800 -0.1221 8.90 6.409
1.25 0.4490 0.04928 -0.1222 9.11 6.263
1.50 0.4720 0.05055 -0.1225 9.34 6.113
1.75 0.5049 0.05168 -0.1240 9.77 5.844
2.00 0.5133 0.05326 -0.1226 9.64 5.924
2.25 0.5311 0.05474 -0.1223 9.70 5.885
2.50 0.5532 0.05618 -0.1226 9.85 5.799
2.75 0.5690 0.05775 -0.1222 9.85 5.795
3.00 0.5856 0.05940 -0.1219 9.86 5.792
3.25 0.6031 0.06102 -0.1217 9.88 5.777
3.50 0.6169 0.06284 -0.1212 9.82 5.816
3.75 0.6323 0.06461 -0.1209 9.79 5.834
4.00 0.6471 0.06650 -0.1206 9.73 5.867
4.25 0.5358 0.07558 -0.1152 7.09 8.029
4.50 0.5459 0.07782 -0.1150 7.01 8.113
4.75 0.5620 0.08008 -0.1154 7.02 8.110
5.00 0.5676 0.08181 -0.1142 6.94 8.202
5.25 0.5907 0.08439 -0.1155 7.00 8.131
5.50 0.6104 0.08663 -0.1162 7.05 8.078
5.75 0.6168 0.08843 -0.1151 6.98 8.159
6.00 0.6333 0.09082 -0.1155 6.97 8.161
6.25 0.6528 0.09326 -0.1162 7.00 8.130
6.50 0.6618 0.09524 -0.1155 6.95 8.189
6.75 0.6744 0.09753 -0.1154 6.91 8.229
7.00 0.6905 0.09999 -0.1158 6.91 8.240
7.25 0.7053 0.10242 -0.1159 6.89 8.262
7.50 0.7192 0.10485 -0.1160 6.86 8.295
7.75 0.7326 0.10730 -0.1160 6.83 8.333
8.00 0.7446 0.10970 -0.1158 6.79 8.381
8.25 0.7565 0.11217 -0.1157 6.74 8.434
8.50 0.7684 0.11482 -0.1157 6.69 8.499
8.75 0.7833 0.11757 -0.1160 6.66 8.536
9.00 0.8009 0.12037 -0.1164 6.65 8.547
9.25 0.8107 0.12262 -0.1163 6.61 8.601
9.50 0.8275 0.12570 -0.1167 6.58 8.637
9.75 0.8460 0.12891 -0.1172 6.56 8.664
10.00 0.8525 0.13117 -0.1168 6.50 8.747
10.25 0.8532 0.13348 -0.1161 6.39 8.892
10.50 0.8665 0.13620 -0.1163 6.36 8.933
10.75 0.8843 0.13924 -0.1166 6.35 8.948
11.00 0.8913 0.14201 -0.1162 6.28 9.053
11.25 0.8983 0.14455 -0.1163 6.21 9.141
11.50 0.9207 0.14714 -0.1163 6.26 9.080
11.75 0.9302 0.15047 -0.1163 6.18 9.189
12.00 0.9386 0.15302 -0.1161 6.13 9.259
12.25 0.9430 0.15521 -0.1158 6.08 9.347
12.50 0.9554 0.15710 -0.1151 6.08 9.338
12.75 1.0642 0.14146 -0.1026 7.52 7.572
13.00 1.0759 0.14263 -0.1011 7.54 7.552
13.25 1.0888 0.14348 -0.0997 7.59 7.507
13.50 1.1270 0.13946 -0.0952 8.08 7.054
13.75 1.1182 0.14407 -0.0961 7.76 7.342
14.00 1.4634 0.07601 -0.0617 19.25 2.973
14.25 1.4693 0.07842 -0.0601 18.74 3.055
14.50 1.4747 0.08117 -0.0586 18.17 3.150
14.75 1.4871 0.08349 -0.0573 17.81 3.213
15.00 1.4764 0.08806 -0.0568 16.77 3.413
15.25 1.4886 0.09066 -0.0557 16.42 3.485
15.50 1.2556 0.13321 -0.0769 9.43 6.056
15.75 1.2353 0.14244 -0.0809 8.67 6.578
16.00 1.2035 0.15610 -0.0878 7.71 7.390
