alpha phin
-6.00 nan
-5.75 nan
-5.50 nan
-5.25 nan
-5.00 nan
-4.75 nan
-4.50 nan
-4.25 nan
-4.00 nan
-3.75 nan
-3.50 nan
-3.25 nan
-3.00 nan
-2.75 nan
-2.50 nan
-2.25 nan
-2.00 nan
-1.75 nan
-1.50 nan
-1.25 44.771
-1.00 29.532
-0.75 21.109
-0.50 16.839
-0.25 13.243
0.00 11.745
0.25 10.043
0.50 8.906
0.75 8.105
1.00 7.026
1.25 6.323
1.50 4.399
1.75 4.131
2.00 3.796
2.25 3.599
2.50 3.508
2.75 3.284
3.00 3.096
3.25 1.377
3.50 1.424
3.75 1.481
4.00 1.532
4.25 1.600
4.50 1.654
4.75 1.697
5.00 1.778
5.25 1.831
5.50 1.873
5.75 1.841
6.00 2.022
6.25 2.414
6.50 2.846
6.75 3.224
7.00 3.679
7.25 4.230
7.50 3.071
7.75 3.355
8.00 3.685
8.25 3.994
8.50 4.388
8.75 5.311
9.00 4.070
9.25 4.248
9.50 4.525
9.75 4.843
10.00 5.198
10.25 5.632
10.50 5.901
10.75 6.367
11.00 6.714
11.25 6.959
11.50 7.343
11.75 7.435
12.00 7.794
12.25 8.076
12.50 8.203
12.75 8.502
13.00 8.727
13.25 8.890
13.50 9.077
13.75 9.214
14.00 9.441
14.25 9.592
14.50 9.755
14.75 9.869
15.00 10.031
15.25 10.192
15.50 10.346
15.75 10.471
16.00 10.516
