alpha cl cd clalt cdalt
2.25 0.6907 0.03145 0.9255 0.01813
2.50 0.7160 0.03155 0.9451 0.01919
10.25 1.1814 0.12177 1.2808 0.11563
10.50 1.1580 0.12822 1.2604 0.12137
10.75 1.1351 0.13493 1.2418 0.12777
11.00 1.1124 0.14181 1.2258 0.13491
11.25 1.0911 0.14918 1.2134 0.14280
11.50 1.0709 0.15610 1.2054 0.14994
11.75 1.0520 0.16195 1.2017 0.15599
12.00 1.0396 0.16705 1.2023 0.16107
12.25 1.0355 0.17137 1.2289 0.16395
12.50 1.0456 0.17512 1.2205 0.17083
12.75 1.0458 0.18046 1.2135 0.17692
13.00 1.0338 0.18504 1.2077 0.18236
13.25 1.0260 0.18926 1.2054 0.18737
13.50 1.0236 0.19325 1.2068 0.19207
13.75 1.0303 0.19779 1.2101 0.19652
14.00 1.0259 0.20173 1.2151 0.20073
