alpha cl cd cm xtrs xtri npan dcl dcd
-6.00 -0.1213 0.04962 -0.1132 0.8981 0.0599 3 0.0007 0.00312
-5.75 -0.0853 0.04412 -0.1201 0.8937 0.0623 3 0.0020 0.00573
-5.50 -0.0616 0.03958 -0.1235 0.8850 0.0647 3 0.0055 0.00302
-5.25 -0.0246 0.03517 -0.1280 0.8809 0.0685 3 0.0031 0.00058
-5.00 0.0037 0.03323 -0.1293 0.8732 0.0719 3 0.0042 0.00139
-4.75 0.0381 0.03149 -0.1313 0.8681 0.0763 3 0.0061 0.00036
-4.50 0.0733 0.02993 -0.1332 0.8631 0.0806 3 0.0047 0.00024
-4.25 0.1029 0.02870 -0.1338 0.8559 0.0859 3 0.0057 0.00046
-4.00 0.1345 0.02769 -0.1346 0.8492 0.0912 3 0.0053 0.00016
-3.75 0.1686 0.02674 -0.1358 0.8441 0.0978 3 0.0056 0.00008
-3.50 0.1960 0.02610 -0.1358 0.8362 0.1042 3 0.0042 0.00023
-3.25 0.2307 0.02526 -0.1369 0.8311 0.1126 3 0.0005 0.00010
-3.00 0.2582 0.02474 -0.1368 0.8228 0.1215 3 0.0022 0.00009
-2.75 0.2928 0.02408 -0.1378 0.8177 0.1318 3 0.0042 0.00017
-2.50 0.3191 0.02371 -0.1375 0.8088 0.1423 3 0.0025 0.00012
-2.25 0.3501 0.02322 -0.1378 0.8021 0.1562 3 0.0051 0.00016
-2.00 0.3824 0.02276 -0.1385 0.7956 0.1699 3 0.0031 0.00010
-1.75 0.4100 0.02246 -0.1382 0.7872 0.1868 3 0.0033 0.00011
-1.50 0.4406 0.02208 -0.1385 0.7799 0.2050 3 0.0047 0.00014
-1.25 0.4678 0.02187 -0.1382 0.7710 0.2255 3 0.0015 0.00005
-1.00 0.5023 0.02143 -0.1391 0.7651 0.2510 3 0.0010 0.00001
-0.75 0.5283 0.02129 -0.1387 0.7553 0.2765 3 0.0027 0.00010
-0.50 0.5576 0.02104 -0.1388 0.7472 0.3086 3 0.0037 0.00014
-0.25 0.5876 0.02074 -0.1391 0.7388 0.3482 2 0.0037 0.00014
0.00 0.6171 0.02035 -0.1393 0.7306 0.4086 3 0.0017 0.00008
0.25 0.6393 0.01958 -0.1379 0.7220 0.6312 3 0.0014 0.00019
0.50 0.6669 0.01898 -0.1369 0.7137 0.9998 3 0.0015 0.00006
0.75 0.6947 0.01913 -0.1367 0.7045 0.9998 3 0.0003 0.00002
1.00 0.7234 0.01926 -0.1367 0.6962 0.9998 3 0.0005 0.00002
1.25 0.7535 0.01934 -0.1369 0.6883 0.9998 3 0.0021 0.00008
1.50 0.7791 0.01959 -0.1365 0.6789 0.9998 3 0.0022 0.00009
1.75 0.8076 0.01975 -0.1365 0.6711 0.9998 3 0.0002 0.00000
2.00 0.8346 0.01997 -0.1363 0.6628 0.9998 3 0.0019 0.00007
2.25 0.8622 0.02019 -0.1362 0.6543 0.9998 3 0.0020 0.00007
2.50 0.8905 0.02037 -0.1361 0.6474 0.9998 3 0.0030 0.00012
2.75 0.9157 0.02069 -0.1357 0.6388 0.9998 3 0.0001 0.00002
3.00 0.9424 0.02097 -0.1355 0.6314 0.9998 3 0.0003 0.00003
3.25 0.9697 0.02122 -0.1353 0.6241 0.9998 3 0.0034 0.00012
3.50 0.9951 0.02155 -0.1349 0.6165 0.9998 3 0.0018 0.00005
3.75 1.0208 0.02189 -0.1346 0.6095 0.9998 3 0.0038 0.00015
4.00 1.0492 0.02213 -0.1346 0.6027 0.9998 3 0.0041 0.00013
4.25 1.0720 0.02258 -0.1339 0.5953 0.9998 3 0.0054 0.00020
4.50 1.0973 0.02294 -0.1335 0.5881 0.9998 3 0.0018 0.00005
4.75 1.1241 0.02327 -0.1333 0.5820 0.9998 3 0.0035 0.00015
5.00 1.1460 0.02377 -0.1324 0.5744 0.9998 3 0.0009 0.00005
5.25 1.1726 0.02411 -0.1322 0.5682 0.9998 3 0.0003 0.00002
5.50 1.1946 0.02460 -0.1314 0.5609 0.9998 3 0.0036 0.00015
5.75 1.2197 0.02500 -0.1310 0.5544 0.9998 3 0.0031 0.00009
6.00 1.2420 0.02549 -0.1301 0.5473 0.9998 3 0.0066 0.00026
6.25 1.2655 0.02595 -0.1295 0.5407 0.9998 3 0.0007 0.00004
6.50 1.2879 0.02642 -0.1287 0.5337 0.9998 3 0.0009 0.00005
6.75 1.3094 0.02695 -0.1277 0.5265 0.9998 3 0.0064 0.00026
7.00 1.3336 0.02736 -0.1271 0.5197 0.9998 3 0.0035 0.00008
7.25 1.3514 0.02799 -0.1257 0.5119 0.9998 3 0.0037 0.00016
7.50 1.3786 0.02827 -0.1255 0.5052 0.9998 3 0.0002 0.00004
7.75 1.3922 0.02902 -0.1234 0.4965 0.9998 3 0.0048 0.00021
8.00 1.4130 0.02948 -0.1222 0.4887 0.9998 3 0.0054 0.00016
8.25 1.4311 0.02998 -0.1207 0.4800 0.9998 3 0.0071 0.00030
8.50 1.4496 0.03041 -0.1192 0.4706 0.9998 3 0.0050 0.00016
8.75 1.4598 0.03108 -0.1164 0.4599 0.9998 3 0.0046 0.00022
9.00 1.4718 0.03154 -0.1139 0.4484 0.9998 3 0.0053 0.00024
9.25 1.4797 0.03206 -0.1106 0.4363 0.9998 3 0.0002 0.00003
9.50 1.4848 0.03273 -0.1072 0.4236 0.9998 3 0.0057 0.00026
9.75 1.4876 0.03357 -0.1036 0.4106 0.9998 3 0.0012 0.00008
10.00 1.4884 0.03462 -0.1001 0.3972 0.9998 3 0.0049 0.00032
10.25 1.4884 0.03583 -0.0967 0.3832 0.9998 3 0.0020 0.00014
10.50 1.4884 0.03716 -0.0936 0.3686 0.9998 3 0.0022 0.00017
10.75 1.4884 0.03861 -0.0907 0.3533 0.9998 3 0.0020 0.00018
11.00 1.4861 0.04036 -0.0878 0.3371 0.9998 3 0.0021 0.00018
11.25 1.4821 0.04242 -0.0852 0.3198 0.9998 3 0.0010 0.00007
11.50 1.4781 0.04465 -0.0828 0.3015 0.9998 3 0.0005 0.00004
11.75 1.4716 0.04722 -0.0805 0.2821 0.9998 3 0.0006 0.00002
12.00 1.4639 0.05014 -0.0786 0.2621 0.9998 3 0.0009 0.00005
12.25 1.4546 0.05336 -0.0768 0.2418 0.9998 3 0.0009 0.00003
12.50 1.4440 0.05694 -0.0753 0.2216 0.9998 3 0.0009 0.00002
12.75 1.4325 0.06084 -0.0742 0.2021 0.9998 3 0.0009 0.00002
13.00 1.4200 0.06502 -0.0733 0.1839 0.9998 3 0.0011 0.00002
13.25 1.4080 0.06938 -0.0727 0.1672 0.9998 3 0.0012 0.00005
13.50 1.3957 0.07387 -0.0724 0.1521 0.9998 2 0.0017 0.00008
13.75 1.3849 0.07836 -0.0723 0.1389 0.9998 2 0.0009 0.00004
14.00 1.3745 0.08282 -0.0722 0.1269 0.9998 3 0.0019 0.00009
14.25 1.3655 0.08716 -0.0723 0.1167 0.9998 3 0.0016 0.00009
14.50 1.3577 0.09140 -0.0725 0.1079 0.9998 3 0.0018 0.00015
14.75 1.3520 0.09552 -0.0727 0.1002 0.9998 3 0.0033 0.00026
15.00 1.3476 0.09938 -0.0730 0.0933 0.9998 3 0.0022 0.00013
15.25 1.3433 0.10323 -0.0734 0.0876 0.9998 3 0.0040 0.00033
15.50 1.3421 0.10668 -0.0737 0.0819 0.9998 3 0.0027 0.00020
15.75 1.3413 0.11002 -0.0740 0.0771 0.9998 3 0.0047 0.00046
16.00 1.3420 0.11317 -0.0744 0.0727 0.9998 3 0.0038 0.00035
