alpha cl cd cm xtrs xtri npan dcl dcd
-6.00 -0.4666 0.08031 -0.0171 1.0000 0.2086 2 0.0146 0.00014
-5.75 -0.4658 0.07777 -0.0147 1.0000 0.2162 3 0.0062 0.00029
-5.50 -0.4751 0.07497 -0.0178 1.0000 0.2252 3 0.0075 0.00026
-5.25 -0.4696 0.07266 -0.0135 1.0000 0.2343 3 0.0064 0.00048
-5.00 -0.4675 0.06980 -0.0134 1.0000 0.2447 1 0.0000 0.00000
-4.75 -0.4302 0.05021 -0.0373 1.0000 0.1363 2 0.0045 0.00135
-4.50 -0.4038 0.04275 -0.0399 1.0000 0.1175 3 0.0004 0.00047
-4.25 -0.3813 0.03956 -0.0404 1.0000 0.1156 3 0.0007 0.00029
-4.00 -0.3575 0.03675 -0.0408 1.0000 0.1154 3 0.0007 0.00043
-3.75 -0.3302 0.03448 -0.0415 0.9994 0.1171 3 0.0014 0.00043
-3.50 -0.2870 0.03245 -0.0452 0.9940 0.1212 3 0.0013 0.00005
-3.25 -0.2440 0.03100 -0.0485 0.9878 0.1280 3 0.0016 0.00040
-3.00 -0.2018 0.02975 -0.0514 0.9818 0.1358 3 0.0023 0.00005
-2.75 -0.1613 0.02881 -0.0541 0.9753 0.1479 3 0.0028 0.00018
-2.50 -0.1212 0.02804 -0.0568 0.9687 0.1647 3 0.0029 0.00005
-2.25 -0.0813 0.02746 -0.0594 0.9617 0.1904 3 0.0041 0.00005
-2.00 -0.0424 0.02694 -0.0619 0.9546 0.2304 3 0.0025 0.00002
-1.75 -0.0075 0.02635 -0.0637 0.9469 0.2967 3 0.0009 0.00003
-1.50 0.0339 0.02493 -0.0664 0.9413 0.5006 3 0.0020 0.00006
-1.25 0.0685 0.02374 -0.0654 0.9318 1.0000 3 0.0061 0.00003
-1.00 0.1140 0.02412 -0.0690 0.9213 1.0000 3 0.0059 0.00002
-0.75 0.1507 0.02442 -0.0710 0.9097 1.0000 3 0.0042 0.00000
-0.50 0.1858 0.02475 -0.0726 0.8982 1.0000 3 0.0023 0.00001
-0.25 0.2236 0.02507 -0.0747 0.8883 1.0000 3 0.0005 0.00001
0.00 0.2664 0.02525 -0.0774 0.8781 1.0000 3 0.0091 0.00010
0.25 0.2995 0.02542 -0.0784 0.8655 1.0000 3 0.0107 0.00016
0.50 0.3427 0.02531 -0.0806 0.8532 1.0000 3 0.0144 0.00026
0.75 0.3895 0.02501 -0.0832 0.8416 1.0000 3 0.0152 0.00032
1.00 0.4331 0.02468 -0.0852 0.8306 1.0000 3 0.0034 0.00011
1.25 0.4642 0.02466 -0.0853 0.8184 1.0000 2 0.0032 0.00007
1.50 0.4975 0.02458 -0.0857 0.8077 1.0000 3 0.0112 0.00033
1.75 0.5313 0.02440 -0.0860 0.7964 1.0000 3 0.0084 0.00028
2.00 0.5639 0.02425 -0.0862 0.7856 1.0000 3 0.0049 0.00022
2.25 0.5933 0.02414 -0.0857 0.7732 1.0000 3 0.0014 0.00007
2.50 0.6253 0.02392 -0.0855 0.7613 1.0000 3 0.0036 0.00016
2.75 0.6598 0.02355 -0.0856 0.7498 1.0000 3 0.0030 0.00014
3.00 0.6942 0.02313 -0.0855 0.7379 1.0000 3 0.0053 0.00024
3.25 0.7209 0.02297 -0.0845 0.7227 1.0000 3 0.0022 0.00006
3.50 0.7526 0.02267 -0.0840 0.7082 1.0000 3 0.0005 0.00006
3.75 0.7828 0.02239 -0.0834 0.6928 1.0000 3 0.0041 0.00022
4.00 0.8121 0.02223 -0.0827 0.6759 1.0000 3 0.0038 0.00019
4.25 0.8398 0.02213 -0.0818 0.6580 1.0000 3 0.0023 0.00015
4.50 0.8653 0.02221 -0.0807 0.6391 1.0000 3 0.0014 0.00004
4.75 0.8939 0.02220 -0.0800 0.6213 1.0000 3 0.0028 0.00012
5.00 0.9191 0.02239 -0.0790 0.6025 1.0000 3 0.0029 0.00015
5.25 0.9463 0.02260 -0.0783 0.5848 1.0000 3 0.0000 0.00002
5.50 0.9719 0.02289 -0.0775 0.5675 1.0000 3 0.0016 0.00008
5.75 0.9984 0.02322 -0.0768 0.5508 1.0000 3 0.0033 0.00014
6.00 1.0212 0.02364 -0.0757 0.5346 1.0000 3 0.0008 0.00005
6.25 1.0452 0.02400 -0.0747 0.5182 1.0000 3 0.0008 0.00005
6.50 1.0684 0.02442 -0.0737 0.5023 1.0000 3 0.0013 0.00006
6.75 1.0926 0.02484 -0.0728 0.4875 1.0000 3 0.0012 0.00005
7.00 1.1162 0.02529 -0.0719 0.4729 1.0000 3 0.0010 0.00004
7.25 1.1396 0.02571 -0.0709 0.4583 1.0000 3 0.0009 0.00005
7.50 1.1594 0.02627 -0.0695 0.4435 1.0000 3 0.0024 0.00009
7.75 1.1825 0.02671 -0.0686 0.4292 1.0000 3 0.0023 0.00010
8.00 1.2028 0.02727 -0.0673 0.4150 1.0000 3 0.0012 0.00003
8.25 1.2249 0.02779 -0.0662 0.4006 1.0000 3 0.0005 0.00004
8.50 1.2462 0.02842 -0.0650 0.3853 1.0000 3 0.0015 0.00003
8.75 1.2677 0.02915 -0.0639 0.3682 1.0000 3 0.0037 0.00011
9.00 1.2847 0.02998 -0.0622 0.3503 1.0000 3 0.0014 0.00007
9.25 1.2995 0.03089 -0.0601 0.3311 1.0000 3 0.0014 0.00011
9.50 1.3159 0.03175 -0.0583 0.3120 1.0000 3 0.0049 0.00016
9.75 1.3316 0.03271 -0.0564 0.2929 1.0000 3 0.0012 0.00004
10.00 1.3496 0.03374 -0.0549 0.2756 1.0000 3 0.0007 0.00008
10.25 1.3621 0.03506 -0.0528 0.2597 1.0000 3 0.0029 0.00008
10.50 1.3812 0.03628 -0.0517 0.2458 1.0000 3 0.0065 0.00019
10.75 1.3899 0.03757 -0.0491 0.2335 1.0000 3 0.0029 0.00011
11.00 1.4020 0.03887 -0.0471 0.2223 1.0000 3 0.0054 0.00013
11.25 1.4130 0.04000 -0.0450 0.2119 1.0000 3 0.0034 0.00010
11.50 1.4228 0.04098 -0.0427 0.2021 1.0000 3 0.0031 0.00030
11.75 1.4273 0.04202 -0.0399 0.1928 1.0000 3 0.0087 0.00033
12.00 1.4301 0.04292 -0.0368 0.1845 1.0000 3 0.0044 0.00028
12.25 1.4319 0.04384 -0.0338 0.1765 1.0000 3 0.0023 0.00019
12.50 1.4314 0.04511 -0.0309 0.1682 1.0000 3 0.0055 0.00045
12.75 1.4352 0.04642 -0.0286 0.1593 1.0000 3 0.0008 0.00022
13.00 1.4368 0.04808 -0.0263 0.1507 1.0000 3 0.0105 0.00047
13.25 1.4337 0.05015 -0.0239 0.1420 1.0000 3 0.0080 0.00056
13.50 1.4304 0.05255 -0.0218 0.1331 1.0000 3 0.0058 0.00036
13.75 1.4195 0.05517 -0.0195 0.1251 1.0000 3 0.0115 0.00081
14.00 1.4124 0.05788 -0.0177 0.1158 1.0000 3 0.0085 0.00078
14.25 1.4057 0.06084 -0.0161 0.1064 1.0000 3 0.0019 0.00039
14.50 1.3981 0.06398 -0.0149 0.0988 1.0000 3 0.0204 0.00167
14.75 1.3805 0.06840 -0.0139 0.0930 1.0000 3 0.0165 0.00146
15.00 1.3718 0.07192 -0.0133 0.0886 1.0000 3 0.0206 0.00202
15.25 1.3565 0.07657 -0.0132 0.0850 1.0000 3 0.0270 0.00274
15.50 1.3460 0.08104 -0.0132 0.0813 1.0000 3 0.0095 0.00103
15.75 1.3324 0.08554 -0.0140 0.0792 1.0000 3 0.0229 0.00279
16.00 1.2938 0.09397 -0.0166 0.0796 1.0000 3 0.3229 0.07883
