alpha cl cd cm xtrs xtri npan dcl dcd
-6.00 -0.3677 0.10498 -0.0208 1.0000 0.0849 1 0.0000 0.00000
-5.75 -0.3618 0.10305 -0.0221 1.0000 0.0883 1 0.0000 0.00000
-5.25 -0.3479 0.09779 -0.0236 1.0000 0.0928 1 0.0000 0.00000
-5.00 -0.3380 0.09539 -0.0253 1.0000 0.0969 1 0.0000 0.00000
-4.75 -0.3213 0.09335 -0.0300 1.0000 0.0994 1 0.0000 0.00000
-4.50 -0.3152 0.08988 -0.0287 1.0000 0.1030 1 0.0000 0.00000
-4.25 -0.2893 0.08801 -0.0359 1.0000 0.1082 1 0.0000 0.00000
-4.00 -0.2836 0.08435 -0.0340 1.0000 0.1118 1 0.0000 0.00000
-3.75 -0.2571 0.08185 -0.0401 1.0000 0.1180 1 0.0000 0.00000
-3.50 -0.2358 0.07903 -0.0435 1.0000 0.1262 1 0.0000 0.00000
-3.25 -0.2183 0.07591 -0.0453 1.0000 0.1343 1 0.0000 0.00000
-3.00 -0.1861 0.07321 -0.0517 1.0000 0.1454 1 0.0000 0.00000
-2.75 -0.1653 0.07010 -0.0538 1.0000 0.1557 1 0.0000 0.00000
-2.25 -0.1085 0.06442 -0.0619 1.0000 0.1841 1 0.0000 0.00000
-2.00 -0.0782 0.06171 -0.0660 1.0000 0.2029 1 0.0000 0.00000
-1.75 -0.0456 0.05919 -0.0706 1.0000 0.2296 1 0.0000 0.00000
-1.50 -0.0222 0.05658 -0.0721 1.0000 0.2605 1 0.0000 0.00000
-0.50 0.2121 0.04636 -0.1091 1.0000 0.0977 3 0.0108 0.00072
-0.25 0.2536 0.04426 -0.1137 1.0000 0.0891 3 0.0222 0.00054
0.00 0.2965 0.04254 -0.1180 1.0000 0.0827 3 0.0181 0.00050
0.25 0.3351 0.04113 -0.1213 1.0000 0.0797 3 0.0219 0.00061
0.50 0.3783 0.03998 -0.1253 0.9979 0.0794 3 0.0125 0.00050
0.75 0.4234 0.03903 -0.1292 0.9952 0.0812 3 0.0139 0.00040
1.00 0.4641 0.03833 -0.1321 0.9915 0.0813 3 0.0138 0.00033
1.25 0.5031 0.03794 -0.1344 0.9880 0.0859 3 0.0160 0.00027
1.50 0.5375 0.03770 -0.1362 0.9836 0.0932 3 0.0137 0.00031
1.75 0.5728 0.03754 -0.1378 0.9795 0.0989 3 0.0165 0.00019
2.00 0.6059 0.03757 -0.1393 0.9747 0.1154 3 0.0161 0.00016
2.25 0.6397 0.03763 -0.1409 0.9699 0.1360 3 0.0160 0.00019
2.50 0.6755 0.03756 -0.1431 0.9656 0.2143 3 0.0209 0.00050
2.75 0.7042 0.03703 -0.1440 0.9584 1.0000 3 0.0134 0.00004
3.00 0.7311 0.03788 -0.1444 0.9511 1.0000 3 0.0165 0.00012
3.25 0.7599 0.03877 -0.1453 0.9443 1.0000 3 0.0138 0.00010
3.50 0.7885 0.03966 -0.1461 0.9372 1.0000 3 0.0179 0.00016
3.75 0.9416 0.03141 -0.1479 0.0955 1.0000 3 0.0059 0.00008
4.00 0.9560 0.03304 -0.1456 0.0822 1.0000 3 0.0060 0.00008
4.25 0.9698 0.03469 -0.1432 0.0758 1.0000 3 0.0060 0.00006
4.50 0.9840 0.03625 -0.1408 0.0703 1.0000 3 0.0055 0.00009
4.75 0.9972 0.03800 -0.1384 0.0659 1.0000 3 0.0055 0.00009
5.00 1.0136 0.03981 -0.1363 0.0634 1.0000 3 0.0056 0.00020
5.25 1.0371 0.04147 -0.1348 0.0603 1.0000 3 0.0034 0.00009
5.50 1.0823 0.04347 -0.1362 0.0569 1.0000 3 0.0067 0.00018
5.75 1.1750 0.04667 -0.1446 0.0530 1.0000 3 0.0064 0.00041
6.00 1.2265 0.04993 -0.1469 0.0525 1.0000 3 0.0051 0.00075
6.25 1.2618 0.05315 -0.1472 0.0528 1.0000 3 0.0049 0.00099
6.50 1.2899 0.05656 -0.1463 0.0531 1.0000 3 0.0057 0.00110
6.75 1.3126 0.06052 -0.1449 0.0529 1.0000 3 0.0039 0.00091
7.00 1.3304 0.06414 -0.1431 0.0527 1.0000 3 0.0034 0.00083
7.25 1.3452 0.06710 -0.1406 0.0528 1.0000 3 0.0048 0.00081
7.50 1.3582 0.07103 -0.1382 0.0541 1.0000 3 0.0080 0.00143
7.75 1.3639 0.07462 -0.1344 0.0561 1.0000 3 0.0123 0.00127
8.00 1.3683 0.07847 -0.1312 0.0588 1.0000 3 0.0065 0.00048
8.25 1.3715 0.08279 -0.1283 0.0610 1.0000 3 0.0050 0.00074
8.50 1.3767 0.08772 -0.1262 0.0632 1.0000 3 0.0035 0.00134
8.75 1.3712 0.09123 -0.1224 0.0672 1.0000 3 0.0040 0.00052
9.00 1.3608 0.09546 -0.1190 0.0701 1.0000 3 0.0078 0.00028
9.25 1.3554 0.10020 -0.1167 0.0730 1.0000 3 0.0196 0.00015
9.50 1.3420 0.10439 -0.1138 0.0778 1.0000 3 0.0068 0.00105
9.75 1.3225 0.10811 -0.1111 0.0797 1.0000 2 0.0032 0.00015
10.00 1.3141 0.11275 -0.1098 0.0853 1.0000 3 0.0415 0.00443
10.25 1.2897 0.11791 -0.1091 0.0864 1.0000 3 0.0234 0.00308
10.50 1.2831 0.12456 -0.1094 0.0897 1.0000 3 0.0281 0.00194
10.75 1.2563 0.12962 -0.1112 0.0947 1.0000 3 0.0141 0.00090
11.00 1.2355 0.13599 -0.1158 0.0972 1.0000 3 0.0082 0.00084
11.25 1.2200 0.14380 -0.1218 0.1034 1.0000 3 0.0104 0.00073
11.50 1.2105 0.15366 -0.1292 0.1236 1.0000 3 0.1306 0.00132
11.75 1.0585 0.15921 -0.1177 0.0902 1.0000 2 0.0310 0.00103
12.00 1.0458 0.16596 -0.1220 0.1021 1.0000 2 0.0218 0.00170
12.25 1.0101 0.18124 -0.1398 0.2493 1.0000 1 0.0000 0.00000
12.50 1.0143 0.18641 -0.1406 0.2551 1.0000 2 0.0083 0.00202
12.75 1.0153 0.19044 -0.1407 0.2538 1.0000 1 0.0000 0.00000
13.00 1.0111 0.19307 -0.1418 0.2388 1.0000 2 0.0052 0.00089
13.25 1.0091 0.19630 -0.1424 0.2297 1.0000 2 0.0077 0.00080
13.50 1.0121 0.19983 -0.1415 0.2246 1.0000 1 0.0000 0.00000
13.75 1.0079 0.20283 -0.1437 0.2117 1.0000 2 0.0044 0.00005
14.00 1.0128 0.20706 -0.1441 0.2042 1.0000 2 0.0093 0.00243
14.25 1.0087 0.20965 -0.1452 0.1951 1.0000 2 0.0040 0.00134
14.50 1.0088 0.21320 -0.1461 0.1884 1.0000 2 0.0026 0.00156
14.75 1.0141 0.21727 -0.1464 0.1800 1.0000 2 0.0043 0.00171
15.00 1.0141 0.22082 -0.1475 0.1733 1.0000 2 0.0057 0.00053
15.25 1.0122 0.22366 -0.1487 0.1656 1.0000 2 0.0103 0.00316
15.50 1.0111 0.22712 -0.1499 0.1605 1.0000 2 0.0099 0.00355
15.75 1.0126 0.23062 -0.1508 0.1533 1.0000 2 0.0039 0.00237
16.00 1.0200 0.23552 -0.1512 0.1468 1.0000 2 0.0077 0.00376
