alpha cl cd cm ld phi
-6.00 -0.6917 0.02767 0.0005 -25.00 nan
-5.75 -0.6731 0.02656 0.0025 -25.34 nan
-5.50 -0.6554 0.02560 0.0047 -25.60 nan
-5.25 -0.6369 0.02481 0.0072 -25.67 nan
-5.00 -0.6192 0.02414 0.0098 -25.65 nan
-4.75 -0.6007 0.02363 0.0126 -25.42 nan
-4.50 -0.5816 0.02327 0.0155 -24.99 nan
-4.25 -0.5629 0.02297 0.0186 -24.51 nan
-4.00 -0.5436 0.02281 0.0218 -23.83 nan
-3.75 -0.5236 0.02275 0.0250 -23.02 nan
-3.50 -0.5023 0.02282 0.0283 -22.01 nan
-3.25 -0.4780 0.02304 0.0312 -20.75 nan
-3.00 -0.4508 0.02329 0.0335 -19.36 nan
-2.75 -0.4116 0.02374 0.0337 -17.34 nan
-2.50 -0.3520 0.02433 0.0301 -14.47 nan
-2.25 -0.2772 0.02470 0.0227 -11.22 nan
-2.00 -0.1846 0.02463 0.0109 -7.49 nan
-1.75 -0.1026 0.02406 0.0001 -4.26 nan
-1.50 -0.0217 0.02312 -0.0114 -0.94 nan
-1.25 0.0254 0.02219 -0.0174 1.14 nan
-1.00 0.0284 0.02167 -0.0155 1.31 nan
-0.75 0.0274 0.02128 -0.0127 1.29 nan
-0.50 0.0224 0.02099 -0.0092 1.07 nan
-0.25 0.0128 0.02083 -0.0049 0.61 nan
0.00 0.0000 0.02077 0.0000 0.00 nan
0.25 -0.0128 0.02083 0.0049 -0.61 nan
0.50 -0.0224 0.02099 0.0092 -1.07 nan
0.75 -0.0274 0.02127 0.0127 -1.29 nan
1.00 -0.0284 0.02167 0.0155 -1.31 nan
1.25 -0.0253 0.02219 0.0174 -1.14 nan
1.50 0.0217 0.02311 0.0114 0.94 nan
1.75 0.1026 0.02406 -0.0001 4.26 13.198
2.00 0.1845 0.02463 -0.0109 7.49 7.604
2.25 0.2772 0.02469 -0.0227 11.23 5.090
2.50 0.3519 0.02433 -0.0301 14.46 3.955
2.75 0.4113 0.02374 -0.0337 17.33 3.303
3.00 0.4508 0.02328 -0.0335 19.36 2.956
3.25 0.4779 0.02303 -0.0312 20.75 2.759
3.50 0.5022 0.02281 -0.0283 22.02 2.601
3.75 0.5236 0.02275 -0.0250 23.02 2.488
4.00 0.5435 0.02281 -0.0217 23.83 2.403
4.25 0.5629 0.02297 -0.0186 24.51 2.337
4.50 0.5816 0.02327 -0.0155 24.99 2.291
4.75 0.6006 0.02363 -0.0126 25.42 2.253
5.00 0.6192 0.02413 -0.0098 25.66 2.232
5.25 0.6369 0.02481 -0.0072 25.67 2.231
5.50 0.6553 0.02560 -0.0047 25.60 2.237
5.75 0.6730 0.02656 -0.0025 25.34 2.260
6.00 0.6916 0.02767 -0.0004 24.99 2.291
6.25 0.7106 0.02891 0.0014 24.58 2.330
6.50 0.7305 0.03029 0.0030 24.12 2.374
6.75 0.7496 0.03182 0.0046 23.56 2.431
7.00 0.7692 0.03345 0.0061 23.00 2.490
7.25 0.7887 0.03526 0.0075 22.37 2.560
7.50 0.8065 0.03732 0.0090 21.61 2.649
7.75 0.8234 0.03958 0.0105 20.80 2.752
8.00 0.8373 0.04223 0.0122 19.83 2.887
8.25 0.8575 0.04443 0.0132 19.30 2.966
8.50 0.8588 0.04817 0.0156 17.83 3.210
8.75 0.8653 0.05147 0.0173 16.81 3.404
9.00 0.8696 0.05513 0.0188 15.77 3.628
9.25 0.8671 0.05947 0.0203 14.58 3.923
9.50 0.8531 0.06460 0.0217 13.21 4.330
9.75 0.8366 0.06998 0.0224 11.95 4.782
10.00 0.8139 0.07595 0.0222 10.72 5.331
nan nan nan nan nan nan
10.75 0.5853 0.12770 -0.0217 4.58 12.308
11.00 0.5910 0.13154 -0.0220 4.49 12.548
11.25 0.6047 0.13544 -0.0223 4.46 12.625
11.50 0.5985 0.13850 -0.0230 4.32 13.030
11.75 0.5994 0.14224 -0.0238 4.21 13.350
12.00 0.6148 0.14649 -0.0237 4.20 13.402
12.25 0.6106 0.14926 -0.0250 4.09 13.736
12.50 0.6214 0.15280 -0.0258 4.07 13.815
12.75 0.6215 0.15655 -0.0264 3.97 14.138
13.00 0.6261 0.15942 -0.0275 3.93 14.285
13.25 0.6428 0.16449 -0.0276 3.91 14.354
13.50 0.6353 0.16571 -0.0295 3.83 14.619
13.75 0.6557 0.17128 -0.0294 3.83 14.640
14.00 0.6483 0.17236 -0.0316 3.76 14.889
14.25 0.6614 0.17744 -0.0317 3.73 15.018
14.50 0.6664 0.18032 -0.0331 3.70 15.141
14.75 0.6722 0.18273 -0.0350 3.68 15.208
15.00 0.6920 0.18670 -0.0358 3.71 15.099
15.25 0.6866 0.18977 -0.0374 3.62 15.450
15.50 0.6891 0.19263 -0.0388 3.58 15.618
15.75 0.7011 0.19547 -0.0403 3.59 15.579
16.00 0.7120 0.20033 -0.0414 3.55 15.715
