alpha cl cd cm ld phi
-6.00 -0.3935 0.10220 -0.0112 -3.85 nan
-5.75 -0.3891 0.10001 -0.0121 -3.89 nan
-5.50 -0.3817 0.09804 -0.0140 -3.89 nan
-5.25 -0.3709 0.09563 -0.0169 -3.88 nan
-5.00 -0.3652 0.09267 -0.0168 -3.94 nan
-4.75 -0.3542 0.08991 -0.0186 -3.94 nan
-4.50 -0.3314 0.08798 -0.0204 -3.77 nan
-4.25 -0.3194 0.08476 -0.0234 -3.77 nan
-4.00 -0.2984 0.08165 -0.0297 -3.65 nan
-3.75 -0.2747 0.07873 -0.0348 -3.49 nan
-3.50 -0.2621 0.07531 -0.0354 -3.48 nan
-3.25 -0.2399 0.07238 -0.0389 -3.31 nan
-3.00 -0.2061 0.06946 -0.0452 -2.97 nan
-2.75 -0.1274 0.06721 -0.0638 -1.90 nan
-2.50 -0.1276 0.06369 -0.0603 -2.00 nan
-2.25 -0.1060 0.06075 -0.0622 -1.74 nan
-2.00 -0.0622 0.05812 -0.0703 -1.07 nan
-1.75 -0.0212 0.05545 -0.0764 -0.38 nan
-1.50 0.0023 0.05279 -0.0787 0.04 nan
-1.25 0.0635 0.05057 -0.0896 1.26 38.533
-1.00 0.0816 0.04818 -0.0899 1.69 30.559
-0.75 0.1352 0.04598 -0.0983 2.94 18.783
-0.50 0.1956 0.04357 -0.1071 4.49 12.558
-0.25 0.2503 0.04222 -0.1146 5.93 9.574
0.00 0.2946 0.04043 -0.1194 7.29 7.814
0.25 0.3313 0.03908 -0.1229 8.48 6.727
nan nan nan nan nan nan
1.00 0.5036 0.03443 -0.1415 14.63 3.911
1.25 0.5425 0.03286 -0.1427 16.51 3.466
1.50 0.5839 0.03206 -0.1447 18.21 3.143
1.75 0.6183 0.03170 -0.1463 19.50 2.935
2.00 0.6545 0.03150 -0.1481 20.78 2.755
2.25 0.6907 0.03145 -0.1500 21.96 2.607
2.50 0.7160 0.03155 -0.1491 22.69 2.523
2.75 0.9674 0.02011 -0.1714 48.11 1.191
3.00 0.9834 0.02129 -0.1689 46.19 1.240
3.25 0.9995 0.02242 -0.1663 44.58 1.285
3.50 1.0169 0.02377 -0.1638 42.78 1.339
3.75 1.0427 0.02545 -0.1629 40.97 1.398
4.00 1.0785 0.02745 -0.1636 39.29 1.458
4.25 1.1163 0.02953 -0.1646 37.80 1.515
4.50 1.1557 0.03180 -0.1655 36.34 1.576
4.75 1.1974 0.03417 -0.1654 35.04 1.635
5.00 1.2535 0.03629 -0.1648 34.54 1.658
5.25 1.3335 0.03773 -0.1649 35.34 1.621
5.50 1.3544 0.04119 -0.1625 32.88 1.742
5.75 1.3729 0.04473 -0.1603 30.69 1.866
6.00 1.3816 0.04752 -0.1568 29.07 1.970
6.25 1.3894 0.05099 -0.1539 27.25 2.102
nan nan nan nan nan nan
6.75 1.3978 0.05841 -0.1480 23.93 2.393
7.00 1.4058 0.06265 -0.1459 22.44 2.552
7.25 1.4089 0.06655 -0.1430 21.17 2.704
7.50 1.4103 0.06962 -0.1396 20.26 2.826
7.75 1.4130 0.07343 -0.1368 19.24 2.975
8.00 1.4299 0.08537 -0.1391 16.75 3.417
8.25 1.4023 0.08169 -0.1300 17.17 3.334
8.50 1.4009 0.08640 -0.1273 16.21 3.529
8.75 1.3950 0.08992 -0.1242 15.51 3.688
9.00 1.3873 0.09592 -0.1221 14.46 3.955
9.25 1.3716 0.09954 -0.1187 13.78 4.151
9.50 1.3482 0.10247 -0.1145 13.16 4.346
9.75 1.3251 0.10615 -0.1115 12.48 4.580
10.00 1.3025 0.11055 -0.1099 11.78 4.851
10.25 1.1814 0.12177 -0.1029 9.70 5.885
10.50 1.1580 0.12822 -0.1046 9.03 6.318
10.75 1.1351 0.13493 -0.1072 8.41 6.779
11.00 1.1124 0.14181 -0.1109 7.84 7.265
11.25 1.0911 0.14918 -0.1160 7.31 7.785
11.50 1.0709 0.15610 -0.1215 6.86 8.293
11.75 1.0520 0.16195 -0.1268 6.50 8.752
12.00 1.0396 0.16705 -0.1305 6.22 9.129
12.25 1.0355 0.17137 -0.1325 6.04 9.397
12.50 1.0456 0.17512 -0.1310 5.97 9.508
12.75 1.0458 0.18046 -0.1319 5.80 9.790
13.00 1.0338 0.18504 -0.1364 5.59 10.148
13.25 1.0260 0.18926 -0.1400 5.42 10.452
13.50 1.0236 0.19325 -0.1422 5.30 10.691
13.75 1.0303 0.19779 -0.1421 5.21 10.867
14.00 1.0259 0.20173 -0.1449 5.09 11.125
14.25 1.2194 0.20566 -0.1595 5.93 9.573
14.50 1.2300 0.21168 -0.1588 5.81 9.765
14.75 1.2320 0.21569 -0.1625 5.71 9.930
15.00 1.2342 0.21945 -0.1662 5.62 10.082
15.25 1.2368 0.22301 -0.1699 5.55 10.221
15.50 1.2408 0.22664 -0.1730 5.47 10.351
15.75 1.2465 0.23042 -0.1753 5.41 10.473
16.00 1.2538 0.23445 -0.1768 5.35 10.592
