alpha cl cd cm fuente
-180.0 -0.0171 0.0572 -0.0086 3
-179.5 0.0270 0.0584 0.0137 3
-179.0 0.0764 0.0606 0.0385 3
-178.5 0.1306 0.0644 0.0656 3
-178.0 0.1939 0.0698 0.0970 3
-177.5 0.2668 0.0777 0.1331 3
-177.0 0.2769 0.0827 0.1381 3
-176.5 0.2239 0.0836 0.1120 3
-176.0 0.1604 0.0826 0.0810 3
-175.5 0.0956 0.0804 0.0495 3
-175.0 0.0258 0.0767 0.0158 3
-174.5 -0.0153 0.0751 -0.0039 3
-174.0 -0.0160 0.0775 -0.0038 3
-173.5 -0.0086 0.0794 0.0002 3
-173.0 -0.0003 0.0810 0.0046 3
-172.5 0.0087 0.0822 0.0093 3
-172.0 0.0185 0.0831 0.0143 3
-171.5 0.0291 0.0836 0.0196 3
-171.0 0.0403 0.0839 0.0251 3
-170.5 0.0521 0.0840 0.0309 3
-170.0 0.0643 0.0839 0.0368 3
-169.5 0.0770 0.0837 0.0428 3
-169.0 0.0899 0.0834 0.0489 3
-168.5 0.1030 0.0832 0.0550 3
-168.0 0.1162 0.0830 0.0611 3
-167.5 0.1294 0.0830 0.0671 3
-167.0 0.1423 0.0833 0.0730 3
-166.5 0.1550 0.0839 0.0788 3
-166.0 0.1673 0.0848 0.0843 3
-165.5 0.1791 0.0862 0.0896 3
-165.0 0.1903 0.0880 0.0947 3
-164.5 0.2009 0.0904 0.0995 3
-164.0 0.2107 0.0934 0.1040 3
-163.5 0.2196 0.0970 0.1082 3
-163.0 0.2277 0.1013 0.1120 3
-162.5 0.2349 0.1063 0.1156 3
-162.0 0.2412 0.1120 0.1188 3
-161.5 0.2469 0.1180 0.1219 3
-161.0 0.2526 0.1243 0.1249 3
-160.5 0.2582 0.1306 0.1280 3
-160.0 0.2638 0.1371 0.1310 3
-159.5 0.2692 0.1438 0.1340 3
-159.0 0.2746 0.1506 0.1370 3
-158.5 0.2799 0.1575 0.1401 3
-158.0 0.2850 0.1645 0.1430 3
-157.5 0.2902 0.1717 0.1460 3
-157.0 0.2952 0.1790 0.1490 3
-156.5 0.3001 0.1864 0.1520 3
-156.0 0.3049 0.1940 0.1549 3
-155.5 0.3097 0.2016 0.1578 3
-155.0 0.3143 0.2094 0.1608 3
-154.5 0.3189 0.2173 0.1637 3
-154.0 0.3234 0.2253 0.1666 3
-153.5 0.3277 0.2334 0.1695 3
-153.0 0.3320 0.2416 0.1723 3
-152.5 0.3361 0.2500 0.1752 3
-152.0 0.3402 0.2584 0.1780 3
-151.5 0.3441 0.2669 0.1809 3
-151.0 0.3480 0.2756 0.1837 3
-150.5 0.3517 0.2843 0.1865 3
-150.0 0.3554 0.2931 0.1893 3
-149.5 0.3589 0.3020 0.1921 3
-149.0 0.3623 0.3110 0.1948 3
-148.5 0.3656 0.3201 0.1976 3
-148.0 0.3688 0.3292 0.2003 3
-147.5 0.3719 0.3385 0.2030 3
-147.0 0.3749 0.3478 0.2057 3
-146.5 0.3777 0.3572 0.2084 3
-146.0 0.3805 0.3666 0.2111 3
-145.5 0.3831 0.3761 0.2137 3
-145.0 0.3856 0.3857 0.2163 3
-144.5 0.3880 0.3954 0.2189 3
-144.0 0.3903 0.4051 0.2215 3
-143.5 0.3924 0.4148 0.2241 3
-143.0 0.3944 0.4246 0.2266 3
-142.5 0.3964 0.4345 0.2292 3
-142.0 0.3982 0.4444 0.2317 3
-141.5 0.3998 0.4543 0.2342 3
-141.0 0.4014 0.4643 0.2366 3
-140.5 0.4028 0.4743 0.2391 3
-140.0 0.4041 0.4844 0.2415 3
-139.5 0.4053 0.4945 0.2439 3
-139.0 0.4063 0.5046 0.2462 3
-138.5 0.4073 0.5148 0.2486 3
-138.0 0.4081 0.5249 0.2509 3
-137.5 0.4088 0.5351 0.2532 3
-137.0 0.4093 0.5453 0.2555 3
-136.5 0.4098 0.5555 0.2577 3
-136.0 0.4101 0.5657 0.2599 3
-135.5 0.4103 0.5760 0.2621 3
-135.0 0.4103 0.5862 0.2642 3
-134.5 0.4103 0.5964 0.2664 3
-134.0 0.4101 0.6067 0.2685 3
-133.5 0.4098 0.6169 0.2705 3
-133.0 0.4093 0.6271 0.2726 3
-132.5 0.4088 0.6373 0.2746 3
-132.0 0.4081 0.6475 0.2766 3
-131.5 0.4073 0.6576 0.2785 3
-131.0 0.4063 0.6678 0.2804 3
-130.5 0.4053 0.6779 0.2823 3
-130.0 0.4041 0.6880 0.2841 3
-129.5 0.4028 0.6981 0.2859 3
-129.0 0.4014 0.7081 0.2877 3
-128.5 0.3998 0.7181 0.2894 3
-128.0 0.3982 0.7280 0.2911 3
-127.5 0.3964 0.7379 0.2928 3
-127.0 0.3944 0.7478 0.2944 3
-126.5 0.3924 0.7576 0.2960 3
-126.0 0.3903 0.7673 0.2976 3
-125.5 0.3880 0.7770 0.2991 3
-125.0 0.3856 0.7867 0.3006 3
-124.5 0.3831 0.7963 0.3020 3
-124.0 0.3805 0.8058 0.3034 3
-123.5 0.3777 0.8152 0.3047 3
-123.0 0.3749 0.8246 0.3061 3
-122.5 0.3719 0.8339 0.3073 3
-122.0 0.3688 0.8432 0.3086 3
-121.5 0.3656 0.8523 0.3097 3
-121.0 0.3623 0.8614 0.3109 3
-120.5 0.3589 0.8704 0.3120 3
-120.0 0.3554 0.8793 0.3131 3
-119.5 0.3517 0.8881 0.3141 3
-119.0 0.3480 0.8968 0.3151 3
-118.5 0.3441 0.9055 0.3160 3
-118.0 0.3402 0.9140 0.3169 3
-117.5 0.3361 0.9224 0.3177 3
-117.0 0.3320 0.9308 0.3185 3
-116.5 0.3277 0.9390 0.3193 3
-116.0 0.3234 0.9471 0.3200 3
-115.5 0.3189 0.9551 0.3206 3
-115.0 0.3143 0.9630 0.3212 3
-114.5 0.3097 0.9708 0.3218 3
-114.0 0.3049 0.9784 0.3223 3
-113.5 0.3001 0.9860 0.3228 3
-113.0 0.2952 0.9934 0.3232 3
-112.5 0.2902 1.0007 0.3236 3
-112.0 0.2850 1.0079 0.3239 3
-111.5 0.2799 1.0149 0.3242 3
-111.0 0.2746 1.0218 0.3245 3
-110.5 0.2692 1.0286 0.3247 3
-110.0 0.2638 1.0353 0.3248 3
-109.5 0.2582 1.0418 0.3249 3
-109.0 0.2526 1.0481 0.3250 3
-108.5 0.2469 1.0544 0.3250 3
-108.0 0.2412 1.0604 0.3249 3
-107.5 0.2354 1.0664 0.3248 3
-107.0 0.2295 1.0722 0.3247 3
-106.5 0.2235 1.0778 0.3245 3
-106.0 0.2174 1.0833 0.3243 3
-105.5 0.2113 1.0887 0.3240 3
-105.0 0.2052 1.0939 0.3237 3
-104.5 0.1989 1.0989 0.3233 3
-104.0 0.1926 1.1038 0.3229 3
-103.5 0.1863 1.1085 0.3224 3
-103.0 0.1799 1.1131 0.3219 3
-102.5 0.1734 1.1175 0.3213 3
-102.0 0.1669 1.1217 0.3207 3
-101.5 0.1603 1.1258 0.3201 3
-101.0 0.1537 1.1297 0.3194 3
-100.5 0.1471 1.1335 0.3186 3
-100.0 0.1403 1.1370 0.3178 3
-99.5 0.1336 1.1405 0.3170 3
-99.0 0.1268 1.1437 0.3161 3
-98.5 0.1200 1.1468 0.3152 3
-98.0 0.1131 1.1497 0.3142 3
-97.5 0.1062 1.1524 0.3132 3
-97.0 0.0993 1.1550 0.3121 3
-96.5 0.0923 1.1574 0.3110 3
-96.0 0.0853 1.1596 0.3099 3
-95.5 0.0783 1.1616 0.3087 3
-95.0 0.0713 1.1635 0.3075 3
-94.5 0.0642 1.1652 0.3062 3
-94.0 0.0571 1.1667 0.3049 3
-93.5 0.0500 1.1680 0.3036 3
-93.0 0.0429 1.1692 0.3022 3
-92.5 0.0358 1.1702 0.3008 3
-92.0 0.0286 1.1710 0.2993 3
-91.5 0.0215 1.1716 0.2978 3
-91.0 0.0143 1.1720 0.2963 3
-90.5 0.0072 1.1723 0.2947 3
-90.0 0.0000 1.1724 0.2931 3
-89.5 -0.0102 1.1723 0.2913 2
-89.0 -0.0205 1.1720 0.2896 2
-88.5 -0.0307 1.1716 0.2878 2
-88.0 -0.0409 1.1710 0.2859 2
-87.5 -0.0511 1.1702 0.2841 2
-87.0 -0.0613 1.1692 0.2822 2
-86.5 -0.0714 1.1680 0.2804 2
-86.0 -0.0816 1.1667 0.2785 2
-85.5 -0.0917 1.1652 0.2765 2
-85.0 -0.1018 1.1635 0.2746 2
-84.5 -0.1119 1.1616 0.2726 2
-84.0 -0.1219 1.1596 0.2707 2
-83.5 -0.1319 1.1574 0.2687 2
-83.0 -0.1418 1.1550 0.2667 2
-82.5 -0.1517 1.1524 0.2646 2
-82.0 -0.1616 1.1497 0.2626 2
-81.5 -0.1714 1.1468 0.2605 2
-81.0 -0.1811 1.1437 0.2585 2
-80.5 -0.1908 1.1405 0.2564 2
-80.0 -0.2005 1.1370 0.2543 2
-79.5 -0.2101 1.1335 0.2522 2
-79.0 -0.2196 1.1297 0.2500 2
-78.5 -0.2290 1.1258 0.2479 2
-78.0 -0.2384 1.1217 0.2457 2
-77.5 -0.2477 1.1175 0.2436 2
-77.0 -0.2570 1.1131 0.2414 2
-76.5 -0.2661 1.1085 0.2392 2
-76.0 -0.2752 1.1038 0.2370 2
-75.5 -0.2842 1.0989 0.2348 2
-75.0 -0.2931 1.0939 0.2326 2
-74.5 -0.3019 1.0887 0.2303 2
-74.0 -0.3106 1.0833 0.2281 2
-73.5 -0.3193 1.0778 0.2258 2
-73.0 -0.3278 1.0722 0.2236 2
-72.5 -0.3362 1.0664 0.2213 2
-72.0 -0.3446 1.0604 0.2190 2
-71.5 -0.3528 1.0544 0.2167 2
-71.0 -0.3609 1.0481 0.2144 2
-70.5 -0.3689 1.0418 0.2121 2
-70.0 -0.3768 1.0353 0.2098 2
-69.5 -0.3846 1.0286 0.2075 2
-69.0 -0.3922 1.0218 0.2052 2
-68.5 -0.3998 1.0149 0.2029 2
-68.0 -0.4072 1.0079 0.2006 2
-67.5 -0.4145 1.0007 0.1983 2
-67.0 -0.4217 0.9934 0.1959 2
-66.5 -0.4287 0.9860 0.1936 2
-66.0 -0.4356 0.9784 0.1913 2
-65.5 -0.4424 0.9708 0.1889 2
-65.0 -0.4491 0.9630 0.1866 2
-64.5 -0.4556 0.9551 0.1842 2
-64.0 -0.4619 0.9471 0.1819 2
-63.5 -0.4682 0.9390 0.1796 2
-63.0 -0.4742 0.9308 0.1772 2
-62.5 -0.4802 0.9224 0.1749 2
-62.0 -0.4860 0.9140 0.1725 2
-61.5 -0.4916 0.9055 0.1702 2
-61.0 -0.4971 0.8968 0.1678 2
-60.5 -0.5025 0.8881 0.1655 2
-60.0 -0.5077 0.8793 0.1632 2
-59.5 -0.5127 0.8704 0.1608 2
-59.0 -0.5176 0.8614 0.1585 2
-58.5 -0.5223 0.8523 0.1562 2
-58.0 -0.5269 0.8432 0.1539 2
-57.5 -0.5313 0.8339 0.1516 2
-57.0 -0.5355 0.8246 0.1492 2
-56.5 -0.5396 0.8152 0.1469 2
-56.0 -0.5435 0.8058 0.1446 2
-55.5 -0.5473 0.7963 0.1423 2
-55.0 -0.5508 0.7867 0.1401 2
-54.5 -0.5543 0.7770 0.1378 2
-54.0 -0.5575 0.7673 0.1355 2
-53.5 -0.5606 0.7576 0.1332 2
-53.0 -0.5635 0.7478 0.1310 2
-52.5 -0.5662 0.7379 0.1287 2
-52.0 -0.5688 0.7280 0.1265 2
-51.5 -0.5712 0.7181 0.1242 2
-51.0 -0.5734 0.7081 0.1220 2
-50.5 -0.5754 0.6981 0.1198 2
-50.0 -0.5773 0.6880 0.1176 2
-49.5 -0.5790 0.6779 0.1154 2
-49.0 -0.5805 0.6678 0.1132 2
-48.5 -0.5818 0.6576 0.1111 2
-48.0 -0.5830 0.6475 0.1089 2
-47.5 -0.5840 0.6373 0.1068 2
-47.0 -0.5848 0.6271 0.1046 2
-46.5 -0.5854 0.6169 0.1025 2
-46.0 -0.5858 0.6067 0.1004 2
-45.5 -0.5861 0.5964 0.0983 2
-45.0 -0.5862 0.5862 0.0962 2
-44.5 -0.5861 0.5760 0.0942 2
-44.0 -0.5858 0.5657 0.0921 2
-43.5 -0.5854 0.5555 0.0901 2
-43.0 -0.5848 0.5453 0.0880 2
-42.5 -0.5840 0.5351 0.0860 2
-42.0 -0.5830 0.5249 0.0841 2
-41.5 -0.5818 0.5148 0.0821 2
-41.0 -0.5805 0.5046 0.0801 2
-40.5 -0.5790 0.4945 0.0782 2
-40.0 -0.5773 0.4844 0.0763 2
-39.5 -0.5754 0.4743 0.0744 2
-39.0 -0.5734 0.4643 0.0725 2
-38.5 -0.5712 0.4543 0.0706 2
-38.0 -0.5688 0.4444 0.0687 2
-37.5 -0.5662 0.4345 0.0669 2
-37.0 -0.5635 0.4246 0.0651 2
-36.5 -0.5606 0.4148 0.0633 2
-36.0 -0.5575 0.4051 0.0615 2
-35.5 -0.5543 0.3954 0.0598 2
-35.0 -0.5508 0.3857 0.0580 2
-34.5 -0.5473 0.3761 0.0563 2
-34.0 -0.5435 0.3666 0.0546 2
-33.5 -0.5396 0.3572 0.0530 2
-33.0 -0.5355 0.3478 0.0513 2
-32.5 -0.5313 0.3385 0.0497 2
-32.0 -0.5269 0.3292 0.0481 2
-31.5 -0.5223 0.3201 0.0465 2
-31.0 -0.5176 0.3110 0.0449 2
-30.5 -0.5127 0.3020 0.0434 2
-30.0 -0.5077 0.2931 0.0419 2
-29.5 -0.5025 0.2843 0.0404 2
-29.0 -0.4971 0.2756 0.0389 2
-28.5 -0.4916 0.2669 0.0375 2
-28.0 -0.4860 0.2584 0.0360 2
-27.5 -0.4802 0.2500 0.0346 2
-27.0 -0.4742 0.2416 0.0333 2
-26.5 -0.4682 0.2334 0.0319 2
-26.0 -0.4619 0.2253 0.0306 2
-25.5 -0.4556 0.2173 0.0293 2
-25.0 -0.4491 0.2094 0.0280 2
-24.5 -0.4424 0.2016 0.0268 2
-24.0 -0.4356 0.1940 0.0255 2
-23.5 -0.4287 0.1864 0.0243 2
-23.0 -0.4217 0.1790 0.0232 2
-22.5 -0.4145 0.1717 0.0220 2
-22.0 -0.4072 0.1645 0.0209 2
-21.5 -0.3998 0.1575 0.0198 2
-21.0 -0.3922 0.1506 0.0188 2
-20.5 -0.3846 0.1438 0.0177 2
-20.0 -0.3768 0.1371 0.0167 2
-19.5 -0.3689 0.1306 0.0157 2
-19.0 -0.3609 0.1243 0.0148 2
-18.5 -0.3528 0.1180 0.0138 2
-18.0 -0.3446 0.1120 0.0129 2
-17.5 -0.3356 0.1063 0.0120 2
-17.0 -0.3253 0.1013 0.0112 2
-16.5 -0.3138 0.0970 0.0103 2
-16.0 -0.3009 0.0934 0.0094 2
-15.5 -0.2870 0.0904 0.0085 2
-15.0 -0.2719 0.0880 0.0076 2
-14.5 -0.2559 0.0862 0.0068 2
-14.0 -0.2390 0.0848 0.0060 2
-13.5 -0.2214 0.0839 0.0052 2
-13.0 -0.2033 0.0833 0.0045 2
-12.5 -0.1848 0.0830 0.0038 2
-12.0 -0.1660 0.0830 0.0032 2
-11.5 -0.1472 0.0832 0.0026 2
-11.0 -0.1285 0.0834 0.0021 2
-10.5 -0.1100 0.0837 0.0017 2
-10.0 -0.0919 0.0839 0.0013 2
-9.5 -0.0744 0.0840 0.0009 2
-9.0 -0.0576 0.0839 0.0006 2
-8.5 -0.0416 0.0836 0.0004 2
-8.0 -0.0265 0.0831 0.0002 2
-7.5 -0.0125 0.0822 0.0001 2
-7.0 0.0005 0.0810 0.0000 2
-6.5 0.0123 0.0794 -0.0000 2
-6.0 0.0229 0.0775 -0.0412 0
-5.5 0.0218 0.0751 -0.0389 0
-5.0 -0.0369 0.0767 -0.0231 0
-4.5 -0.1366 0.0804 -0.0008 0
-4.0 -0.2291 0.0826 0.0161 0
-3.5 -0.3198 0.0836 0.0297 0
-3.0 -0.3956 0.0827 0.0356 0
-2.5 -0.3811 0.0777 0.0101 0
-2.0 -0.2770 0.0698 -0.0238 0
-1.5 -0.1866 0.0644 -0.0437 0
-1.0 -0.1092 0.0606 -0.0559 0
-0.5 -0.0386 0.0584 -0.0647 0
0.0 0.0245 0.0572 -0.0703 0
0.5 0.0817 0.0567 -0.0736 0
1.0 0.1288 0.0555 -0.0730 0
1.5 0.1833 0.0565 -0.0808 0
2.0 0.2261 0.0597 -0.0829 0
2.5 0.2613 0.0629 -0.0837 0
3.0 0.2945 0.0662 -0.0843 0
3.5 0.3264 0.0697 -0.0849 0
4.0 0.3571 0.0733 -0.0855 0
4.5 0.3869 0.0772 -0.0861 0
5.0 0.4156 0.0812 -0.0868 0
5.5 0.4434 0.0854 -0.0875 0
6.0 0.4703 0.0898 -0.0883 0
6.5 0.4963 0.0944 -0.0892 0
7.0 0.5215 0.0992 -0.0902 0
7.5 0.5457 0.1042 -0.0912 0
8.0 0.5693 0.1094 -0.0924 0
8.5 0.5921 0.1148 -0.0938 0
9.0 0.6142 0.1203 -0.0952 0
9.5 0.6356 0.1261 -0.0969 0
10.0 0.6792 0.1345 -0.1036 0
10.5 0.7124 0.1419 -0.1084 0
11.0 0.7473 0.1492 -0.1132 0
11.5 0.7748 0.1560 -0.1165 0
12.0 0.8051 0.1632 -0.1203 0
12.5 0.8334 0.1706 -0.1237 0
13.0 0.8593 0.1766 -0.1266 0
13.5 0.8824 0.1839 -0.1292 0
14.0 0.9078 0.1915 -0.1322 0
14.5 0.9318 0.1978 -0.1349 0
15.0 0.9470 0.2041 -0.1368 0
15.5 0.9713 0.2124 -0.1397 0
16.0 0.9880 0.2180 -0.1420 0
16.5 0.9733 0.2231 -0.1409 1
17.0 0.9598 0.2284 -0.1399 1
17.5 0.9474 0.2339 -0.1391 1
18.0 0.9360 0.2395 -0.1384 1
18.5 0.9255 0.2452 -0.1379 1
19.0 0.9157 0.2511 -0.1375 1
19.5 0.9068 0.2570 -0.1371 1
20.0 0.8985 0.2631 -0.1369 1
20.5 0.8908 0.2694 -0.1368 1
21.0 0.8837 0.2758 -0.1367 1
21.5 0.8770 0.2822 -0.1368 1
22.0 0.8709 0.2888 -0.1369 1
22.5 0.8652 0.2956 -0.1371 1
23.0 0.8599 0.3024 -0.1373 1
23.5 0.8549 0.3094 -0.1376 1
24.0 0.8502 0.3165 -0.1380 1
24.5 0.8459 0.3236 -0.1385 1
25.0 0.8418 0.3309 -0.1390 1
25.5 0.8379 0.3383 -0.1395 1
26.0 0.8343 0.3458 -0.1401 1
26.5 0.8308 0.3534 -0.1407 1
27.0 0.8276 0.3611 -0.1414 1
27.5 0.8245 0.3689 -0.1421 1
28.0 0.8215 0.3768 -0.1429 1
28.5 0.8187 0.3848 -0.1437 1
29.0 0.8159 0.3928 -0.1445 1
29.5 0.8133 0.4010 -0.1454 1
30.0 0.8108 0.4092 -0.1463 1
30.5 0.8083 0.4175 -0.1472 1
31.0 0.8058 0.4259 -0.1482 1
31.5 0.8034 0.4344 -0.1491 1
32.0 0.8011 0.4429 -0.1502 1
32.5 0.7988 0.4516 -0.1512 1
33.0 0.7965 0.4602 -0.1523 1
33.5 0.7942 0.4690 -0.1533 1
34.0 0.7919 0.4778 -0.1545 1
34.5 0.7896 0.4866 -0.1556 1
35.0 0.7872 0.4955 -0.1567 1
35.5 0.7849 0.5045 -0.1579 1
36.0 0.7825 0.5135 -0.1591 1
36.5 0.7801 0.5226 -0.1603 1
37.0 0.7776 0.5317 -0.1615 1
37.5 0.7751 0.5409 -0.1628 1
38.0 0.7726 0.5500 -0.1640 1
38.5 0.7700 0.5593 -0.1653 1
39.0 0.7673 0.5685 -0.1666 1
39.5 0.7646 0.5778 -0.1679 1
40.0 0.7618 0.5871 -0.1692 1
40.5 0.7589 0.5965 -0.1705 1
41.0 0.7559 0.6058 -0.1719 1
41.5 0.7529 0.6152 -0.1732 1
42.0 0.7498 0.6246 -0.1746 1
42.5 0.7465 0.6340 -0.1760 1
43.0 0.7432 0.6434 -0.1773 1
43.5 0.7398 0.6528 -0.1787 1
44.0 0.7364 0.6622 -0.1801 1
44.5 0.7328 0.6716 -0.1815 1
45.0 0.7291 0.6810 -0.1830 1
45.5 0.7253 0.6904 -0.1844 1
46.0 0.7214 0.6998 -0.1858 1
46.5 0.7174 0.7092 -0.1872 1
47.0 0.7133 0.7185 -0.1887 1
47.5 0.7091 0.7279 -0.1901 1
48.0 0.7047 0.7372 -0.1916 1
48.5 0.7003 0.7465 -0.1930 1
49.0 0.6957 0.7558 -0.1945 1
49.5 0.6911 0.7650 -0.1959 1
50.0 0.6863 0.7742 -0.1974 1
50.5 0.6814 0.7833 -0.1989 1
51.0 0.6764 0.7925 -0.2003 1
51.5 0.6712 0.8015 -0.2018 1
52.0 0.6660 0.8106 -0.2033 1
52.5 0.6606 0.8195 -0.2048 1
53.0 0.6551 0.8285 -0.2062 1
53.5 0.6495 0.8373 -0.2077 1
54.0 0.6438 0.8462 -0.2092 1
54.5 0.6380 0.8549 -0.2107 1
55.0 0.6320 0.8636 -0.2121 1
55.5 0.6259 0.8722 -0.2136 1
56.0 0.6197 0.8808 -0.2151 1
56.5 0.6134 0.8893 -0.2165 1
57.0 0.6070 0.8977 -0.2180 1
57.5 0.6004 0.9060 -0.2195 1
58.0 0.5938 0.9142 -0.2209 1
58.5 0.5870 0.9224 -0.2224 1
59.0 0.5801 0.9305 -0.2239 1
59.5 0.5731 0.9385 -0.2253 1
60.0 0.5660 0.9463 -0.2267 1
60.5 0.5588 0.9541 -0.2282 1
61.0 0.5514 0.9618 -0.2296 1
61.5 0.5440 0.9694 -0.2311 1
62.0 0.5364 0.9770 -0.2325 1
62.5 0.5288 0.9843 -0.2339 1
63.0 0.5210 0.9916 -0.2353 1
63.5 0.5131 0.9988 -0.2367 1
64.0 0.5051 1.0059 -0.2381 1
64.5 0.4971 1.0128 -0.2395 1
65.0 0.4889 1.0197 -0.2409 1
65.5 0.4806 1.0264 -0.2423 1
66.0 0.4722 1.0330 -0.2436 1
66.5 0.4638 1.0395 -0.2450 1
67.0 0.4552 1.0458 -0.2464 1
67.5 0.4465 1.0520 -0.2477 1
68.0 0.4378 1.0581 -0.2490 1
68.5 0.4290 1.0641 -0.2504 1
69.0 0.4200 1.0699 -0.2517 1
69.5 0.4110 1.0756 -0.2530 1
70.0 0.4020 1.0811 -0.2543 1
70.5 0.3928 1.0865 -0.2555 1
71.0 0.3836 1.0918 -0.2568 1
71.5 0.3742 1.0969 -0.2581 1
72.0 0.3648 1.1019 -0.2593 1
72.5 0.3554 1.1067 -0.2605 1
73.0 0.3459 1.1114 -0.2617 1
73.5 0.3363 1.1159 -0.2629 1
74.0 0.3266 1.1203 -0.2641 1
74.5 0.3169 1.1245 -0.2653 1
75.0 0.3071 1.1286 -0.2665 1
75.5 0.2973 1.1325 -0.2676 1
76.0 0.2874 1.1362 -0.2687 1
76.5 0.2775 1.1398 -0.2699 1
77.0 0.2675 1.1432 -0.2710 1
77.5 0.2574 1.1465 -0.2721 1
78.0 0.2474 1.1496 -0.2731 1
78.5 0.2372 1.1525 -0.2742 1
79.0 0.2271 1.1553 -0.2752 1
79.5 0.2169 1.1579 -0.2762 1
80.0 0.2067 1.1603 -0.2772 1
80.5 0.1964 1.1626 -0.2782 1
81.0 0.1862 1.1647 -0.2792 1
81.5 0.1759 1.1666 -0.2801 1
82.0 0.1655 1.1684 -0.2811 1
82.5 0.1552 1.1699 -0.2820 1
83.0 0.1448 1.1713 -0.2829 1
83.5 0.1345 1.1726 -0.2837 1
84.0 0.1241 1.1736 -0.2846 1
84.5 0.1137 1.1745 -0.2854 1
85.0 0.1033 1.1752 -0.2862 1
85.5 0.0929 1.1757 -0.2870 1
86.0 0.0826 1.1760 -0.2878 1
86.5 0.0722 1.1762 -0.2885 1
87.0 0.0618 1.1762 -0.2892 1
87.5 0.0515 1.1760 -0.2899 1
88.0 0.0411 1.1757 -0.2906 1
88.5 0.0308 1.1751 -0.2913 1
89.0 0.0205 1.1744 -0.2919 1
89.5 0.0102 1.1735 -0.2925 1
90.0 0.0000 1.1724 -0.2931 1
90.5 -0.0072 1.1735 -0.2950 3
91.0 -0.0144 1.1744 -0.2969 3
91.5 -0.0216 1.1751 -0.2987 3
92.0 -0.0288 1.1757 -0.3005 3
92.5 -0.0360 1.1760 -0.3023 3
93.0 -0.0433 1.1762 -0.3040 3
93.5 -0.0505 1.1762 -0.3057 3
94.0 -0.0578 1.1760 -0.3074 3
94.5 -0.0651 1.1757 -0.3090 3
95.0 -0.0723 1.1752 -0.3106 3
95.5 -0.0796 1.1745 -0.3122 3
96.0 -0.0869 1.1736 -0.3137 3
96.5 -0.0941 1.1726 -0.3151 3
97.0 -0.1014 1.1713 -0.3166 3
97.5 -0.1086 1.1699 -0.3180 3
98.0 -0.1159 1.1684 -0.3193 3
98.5 -0.1231 1.1666 -0.3207 3
99.0 -0.1303 1.1647 -0.3220 3
99.5 -0.1375 1.1626 -0.3232 3
100.0 -0.1447 1.1603 -0.3244 3
100.5 -0.1518 1.1579 -0.3256 3
101.0 -0.1590 1.1553 -0.3267 3
101.5 -0.1661 1.1525 -0.3278 3
102.0 -0.1732 1.1496 -0.3288 3
102.5 -0.1802 1.1465 -0.3298 3
103.0 -0.1872 1.1432 -0.3308 3
103.5 -0.1942 1.1398 -0.3317 3
104.0 -0.2012 1.1362 -0.3326 3
104.5 -0.2081 1.1325 -0.3334 3
105.0 -0.2150 1.1286 -0.3342 3
105.5 -0.2218 1.1245 -0.3349 3
106.0 -0.2286 1.1203 -0.3356 3
106.5 -0.2354 1.1159 -0.3363 3
107.0 -0.2421 1.1114 -0.3369 3
107.5 -0.2488 1.1067 -0.3375 3
108.0 -0.2554 1.1019 -0.3381 3
108.5 -0.2620 1.0969 -0.3386 3
109.0 -0.2685 1.0918 -0.3390 3
109.5 -0.2750 1.0865 -0.3394 3
110.0 -0.2814 1.0811 -0.3398 3
110.5 -0.2877 1.0756 -0.3402 3
111.0 -0.2940 1.0699 -0.3405 3
111.5 -0.3003 1.0641 -0.3407 3
112.0 -0.3065 1.0581 -0.3409 3
112.5 -0.3126 1.0520 -0.3411 3
113.0 -0.3186 1.0458 -0.3412 3
113.5 -0.3246 1.0395 -0.3413 3
114.0 -0.3306 1.0330 -0.3414 3
114.5 -0.3364 1.0264 -0.3414 3
115.0 -0.3422 1.0197 -0.3414 3
115.5 -0.3479 1.0128 -0.3414 3
116.0 -0.3536 1.0059 -0.3413 3
116.5 -0.3592 0.9988 -0.3411 3
117.0 -0.3647 0.9916 -0.3410 3
117.5 -0.3701 0.9843 -0.3408 3
118.0 -0.3755 0.9770 -0.3405 3
118.5 -0.3808 0.9694 -0.3402 3
119.0 -0.3860 0.9618 -0.3399 3
119.5 -0.3911 0.9541 -0.3396 3
120.0 -0.3962 0.9463 -0.3392 3
120.5 -0.4012 0.9385 -0.3388 3
121.0 -0.4061 0.9305 -0.3384 3
121.5 -0.4109 0.9224 -0.3379 3
122.0 -0.4156 0.9142 -0.3374 3
122.5 -0.4203 0.9060 -0.3369 3
123.0 -0.4249 0.8977 -0.3363 3
123.5 -0.4294 0.8893 -0.3357 3
124.0 -0.4338 0.8808 -0.3351 3
124.5 -0.4381 0.8722 -0.3344 3
125.0 -0.4424 0.8636 -0.3337 3
125.5 -0.4466 0.8549 -0.3330 3
126.0 -0.4507 0.8462 -0.3323 3
126.5 -0.4547 0.8373 -0.3316 3
127.0 -0.4586 0.8285 -0.3308 3
127.5 -0.4624 0.8195 -0.3300 3
128.0 -0.4662 0.8106 -0.3292 3
128.5 -0.4699 0.8015 -0.3283 3
129.0 -0.4735 0.7925 -0.3274 3
129.5 -0.4770 0.7833 -0.3266 3
130.0 -0.4804 0.7742 -0.3257 3
130.5 -0.4837 0.7650 -0.3248 3
131.0 -0.4870 0.7558 -0.3238 3
131.5 -0.4902 0.7465 -0.3229 3
132.0 -0.4933 0.7372 -0.3219 3
132.5 -0.4963 0.7279 -0.3209 3
133.0 -0.4993 0.7185 -0.3199 3
133.5 -0.5022 0.7092 -0.3190 3
134.0 -0.5050 0.6998 -0.3179 3
134.5 -0.5077 0.6904 -0.3169 3
135.0 -0.5104 0.6810 -0.3159 3
135.5 -0.5129 0.6716 -0.3149 3
136.0 -0.5154 0.6622 -0.3139 3
136.5 -0.5179 0.6528 -0.3128 3
137.0 -0.5203 0.6434 -0.3118 3
137.5 -0.5226 0.6340 -0.3107 3
138.0 -0.5248 0.6246 -0.3097 3
138.5 -0.5270 0.6152 -0.3087 3
139.0 -0.5291 0.6058 -0.3077 3
139.5 -0.5312 0.5965 -0.3066 3
140.0 -0.5332 0.5871 -0.3056 3
140.5 -0.5352 0.5778 -0.3046 3
141.0 -0.5371 0.5685 -0.3036 3
141.5 -0.5390 0.5593 -0.3026 3
142.0 -0.5408 0.5500 -0.3017 3
142.5 -0.5426 0.5409 -0.3007 3
143.0 -0.5443 0.5317 -0.2998 3
143.5 -0.5461 0.5226 -0.2989 3
144.0 -0.5478 0.5135 -0.2980 3
144.5 -0.5494 0.5045 -0.2971 3
145.0 -0.5511 0.4955 -0.2963 3
145.5 -0.5527 0.4866 -0.2955 3
146.0 -0.5543 0.4778 -0.2947 3
146.5 -0.5559 0.4690 -0.2940 3
147.0 -0.5575 0.4602 -0.2933 3
147.5 -0.5591 0.4516 -0.2926 3
148.0 -0.5608 0.4429 -0.2920 3
148.5 -0.5624 0.4344 -0.2914 3
149.0 -0.5641 0.4259 -0.2909 3
149.5 -0.5658 0.4175 -0.2905 3
150.0 -0.5675 0.4092 -0.2900 3
150.5 -0.5693 0.4010 -0.2897 3
151.0 -0.5712 0.3928 -0.2894 3
151.5 -0.5731 0.3848 -0.2892 3
152.0 -0.5751 0.3768 -0.2891 3
152.5 -0.5771 0.3689 -0.2890 3
153.0 -0.5793 0.3611 -0.2890 3
153.5 -0.5816 0.3534 -0.2892 3
154.0 -0.5840 0.3458 -0.2894 3
154.5 -0.5865 0.3383 -0.2897 3
155.0 -0.5892 0.3309 -0.2901 3
155.5 -0.5921 0.3236 -0.2907 3
156.0 -0.5952 0.3165 -0.2914 3
156.5 -0.5984 0.3094 -0.2922 3
157.0 -0.6019 0.3024 -0.2932 3
157.5 -0.6056 0.2956 -0.2943 3
158.0 -0.6096 0.2888 -0.2956 3
158.5 -0.6139 0.2822 -0.2970 3
159.0 -0.6186 0.2758 -0.2987 3
159.5 -0.6235 0.2694 -0.3006 3
160.0 -0.6289 0.2631 -0.3027 3
160.5 -0.6347 0.2570 -0.3050 3
161.0 -0.6410 0.2511 -0.3076 3
161.5 -0.6478 0.2452 -0.3105 3
162.0 -0.6552 0.2395 -0.3137 3
162.5 -0.6632 0.2339 -0.3172 3
163.0 -0.6719 0.2284 -0.3212 3
163.5 -0.6813 0.2231 -0.3255 3
164.0 -0.6916 0.2180 -0.3302 3
164.5 -0.6799 0.2124 -0.3253 3
165.0 -0.6629 0.2041 -0.3177 3
165.5 -0.6523 0.1978 -0.3131 3
166.0 -0.6355 0.1915 -0.3057 3
166.5 -0.6177 0.1839 -0.2976 3
167.0 -0.6015 0.1766 -0.2903 3
167.5 -0.5834 0.1706 -0.2822 3
168.0 -0.5636 0.1632 -0.2731 3
168.5 -0.5424 0.1560 -0.2633 3
169.0 -0.5231 0.1492 -0.2544 3
169.5 -0.4987 0.1419 -0.2430 3
170.0 -0.4754 0.1345 -0.2321 3
170.5 -0.4449 0.1261 -0.2177 3
171.0 -0.4299 0.1203 -0.2106 3
171.5 -0.4145 0.1148 -0.2034 3
172.0 -0.3985 0.1094 -0.1958 3
172.5 -0.3820 0.1042 -0.1880 3
173.0 -0.3650 0.0992 -0.1799 3
173.5 -0.3474 0.0944 -0.1715 3
174.0 -0.3292 0.0898 -0.1628 3
174.5 -0.3104 0.0854 -0.1537 3
175.0 -0.2909 0.0812 -0.1443 3
175.5 -0.2708 0.0772 -0.1346 3
176.0 -0.2500 0.0733 -0.1244 3
176.5 -0.2285 0.0697 -0.1139 3
177.0 -0.2061 0.0662 -0.1029 3
177.5 -0.1829 0.0629 -0.0915 3
178.0 -0.1583 0.0597 -0.0792 3
178.5 -0.1283 0.0565 -0.0643 3
179.0 -0.0902 0.0555 -0.0453 3
179.5 -0.0572 0.0567 -0.0288 3
180.0 -0.0171 0.0572 -0.0086 3
