alpha cl cd cm ld phi
-6.00 -0.3848 0.10501 -0.0258 -3.66 nan
-5.75 -0.3853 0.10206 -0.0261 -3.78 nan
-5.50 -0.3841 0.09898 -0.0271 -3.88 nan
-5.25 -0.3808 0.09562 -0.0294 -3.98 nan
-5.00 -0.3750 0.09231 -0.0319 -4.06 nan
-4.75 -0.3664 0.08898 -0.0342 -4.12 nan
-4.50 -0.3550 0.08556 -0.0370 -4.15 nan
-4.25 -0.3401 0.08204 -0.0406 -4.15 nan
-4.00 -0.3242 0.07879 -0.0434 -4.11 nan
-3.75 -0.3047 0.07561 -0.0467 -4.03 nan
-3.50 -0.2627 0.07153 -0.0553 -3.67 nan
-3.25 -0.2197 0.06818 -0.0625 -3.22 nan
-3.00 -0.1749 0.06517 -0.0697 -2.68 nan
-2.75 -0.1284 0.06247 -0.0768 -2.06 nan
-2.50 -0.0883 0.06050 -0.0817 -1.46 nan
-2.25 -0.0457 0.05877 -0.0868 -0.78 nan
-2.00 -0.0023 0.05740 -0.0915 -0.04 nan
-1.75 0.0384 0.05637 -0.0956 0.68 nan
-1.50 0.0765 0.05567 -0.0987 1.37 36.044
-1.25 0.1124 0.05513 -0.1014 2.04 26.127
-1.00 0.1490 0.05476 -0.1040 2.72 20.179
-0.75 0.1831 0.05448 -0.1061 3.36 16.570
-0.50 0.2128 0.05430 -0.1074 3.92 14.315
-0.25 0.2455 0.05412 -0.1091 4.54 12.432
0.00 0.2752 0.05393 -0.1102 5.10 11.088
0.25 0.3061 0.05354 -0.1112 5.72 9.921
0.50 0.3187 0.05244 -0.1080 6.08 9.344
0.75 0.3439 0.05309 -0.1089 6.48 8.776
1.00 0.3709 0.05426 -0.1099 6.84 8.323
1.25 0.3941 0.05544 -0.1103 7.11 8.008
1.50 0.4215 0.05665 -0.1113 7.44 7.655
1.75 0.4449 0.05788 -0.1117 7.69 7.412
2.00 0.4718 0.05914 -0.1125 7.98 7.145
2.25 0.4895 0.06046 -0.1122 8.10 7.041
2.50 0.5123 0.06179 -0.1125 8.29 6.877
2.75 0.5288 0.06321 -0.1121 8.37 6.816
3.00 0.5539 0.06459 -0.1127 8.58 6.651
3.25 0.5715 0.06608 -0.1124 8.65 6.596
3.50 0.5897 0.06759 -0.1123 8.72 6.539
3.75 0.6076 0.06915 -0.1121 8.79 6.493
4.00 0.6293 0.07069 -0.1123 8.90 6.409
4.25 0.6440 0.07237 -0.1118 8.90 6.412
4.50 0.6646 0.07399 -0.1119 8.98 6.353
4.75 0.6758 0.07580 -0.1111 8.92 6.400
5.00 0.6990 0.07744 -0.1115 9.03 6.322
5.25 0.7099 0.07933 -0.1108 8.95 6.376
5.50 0.7247 0.08118 -0.1104 8.93 6.392
5.75 0.7396 0.08308 -0.1101 8.90 6.409
6.00 0.7602 0.08489 -0.1102 8.96 6.372
6.25 0.7692 0.08699 -0.1094 8.84 6.452
6.50 0.7845 0.08898 -0.1092 8.82 6.471
6.75 0.7927 0.09117 -0.1084 8.69 6.561
7.00 0.8123 0.09314 -0.1085 8.72 6.541
7.25 0.8214 0.09537 -0.1078 8.61 6.623
7.50 0.8333 0.09758 -0.1075 8.54 6.679
7.75 0.8433 0.09986 -0.1070 8.44 6.753
8.00 0.8558 0.10212 -0.1066 8.38 6.805
8.25 0.8663 0.10448 -0.1061 8.29 6.877
8.50 0.8806 0.10675 -0.1059 8.25 6.912
8.75 0.8913 0.10914 -0.1055 8.17 6.981
9.00 0.8958 0.11172 -0.1049 8.02 7.109
9.25 0.9079 0.11404 -0.1047 7.96 7.159
9.50 0.9175 0.11651 -0.1044 7.87 7.237
9.75 0.9284 0.11902 -0.1041 7.80 7.305
10.00 0.9376 0.12154 -0.1035 7.71 7.386
10.25 0.9430 0.12426 -0.1032 7.59 7.507
10.50 0.9548 0.12670 -0.1029 7.54 7.559
10.75 0.9656 0.12905 -0.1027 7.48 7.612
11.00 0.9739 0.13161 -0.1024 7.40 7.696
11.25 0.9819 0.13429 -0.1021 7.31 7.788
11.50 0.9902 0.13671 -0.1018 7.24 7.861
11.75 0.9960 0.13952 -0.1016 7.14 7.974
12.00 1.0038 0.14206 -0.1014 7.07 8.055
12.25 1.0118 0.14456 -0.1012 7.00 8.131
12.50 1.0209 0.14696 -0.1010 6.95 8.192
12.75 1.0323 0.14924 -0.1007 6.92 8.226
13.00 1.0449 0.15124 -0.1002 6.91 8.236
13.25 1.0470 0.15398 -0.1003 6.80 8.366
13.50 1.0502 0.15666 -0.1004 6.70 8.484
13.75 1.0558 0.15919 -0.1005 6.63 8.574
14.00 1.0648 0.16140 -0.1004 6.60 8.619
14.25 1.0804 0.16284 -0.1004 6.63 8.571
14.50 1.0816 0.16594 -0.1006 6.52 8.722
14.75 1.0840 0.16899 -0.1010 6.41 8.861
15.00 1.0878 0.17196 -0.1017 6.33 8.983
15.25 1.0924 0.17497 -0.1025 6.24 9.100
15.50 1.0978 0.17807 -0.1030 6.16 9.213
15.75 1.1025 0.18124 -0.1038 6.08 9.335
16.00 1.1079 0.18445 -0.1055 6.01 9.452
