alpha cl cd cm ld phi
-6.00 -0.4465 0.06605 0.0252 -6.76 nan
-5.75 -0.4138 0.06316 0.0238 -6.55 nan
-5.50 -0.3692 0.06005 0.0203 -6.15 nan
-5.25 -0.3153 0.05658 0.0142 -5.57 nan
-5.00 -0.2479 0.05245 0.0042 -4.73 nan
-4.75 -0.1373 0.04597 -0.0169 -2.99 nan
-4.50 -0.1281 0.04413 -0.0179 -2.90 nan
-4.25 -0.1187 0.04240 -0.0188 -2.80 nan
-4.00 -0.1092 0.04079 -0.0196 -2.68 nan
-3.75 -0.0996 0.03930 -0.0201 -2.53 nan
-3.50 -0.0899 0.03793 -0.0206 -2.37 nan
-3.25 -0.0802 0.03667 -0.0208 -2.19 nan
-3.00 -0.0706 0.03552 -0.0208 -1.99 nan
-2.75 -0.0612 0.03448 -0.0206 -1.77 nan
-2.50 -0.0519 0.03355 -0.0202 -1.55 nan
-2.25 -0.0430 0.03271 -0.0194 -1.31 nan
-2.00 -0.0347 0.03198 -0.0184 -1.09 nan
-1.75 -0.0270 0.03135 -0.0172 -0.86 nan
-1.50 -0.0203 0.03081 -0.0155 -0.66 nan
-1.25 -0.0146 0.03035 -0.0136 -0.48 nan
-1.00 -0.0101 0.02999 -0.0113 -0.34 nan
-0.75 -0.0067 0.02971 -0.0087 -0.23 nan
-0.50 -0.0039 0.02950 -0.0060 -0.13 nan
-0.25 -0.0018 0.02938 -0.0030 -0.06 nan
0.00 0.0000 0.02934 0.0000 0.00 nan
0.25 0.0018 0.02938 0.0030 0.06 nan
0.50 0.0039 0.02950 0.0060 0.13 nan
0.75 0.0067 0.02970 0.0087 0.23 nan
1.00 0.0101 0.02999 0.0113 0.34 nan
1.25 0.0146 0.03035 0.0136 0.48 nan
1.50 0.0203 0.03080 0.0155 0.66 nan
1.75 0.0271 0.03134 0.0171 0.86 nan
2.00 0.0347 0.03198 0.0184 1.09 nan
2.25 0.0431 0.03271 0.0194 1.32 nan
2.50 0.0520 0.03354 0.0201 1.55 32.822
2.75 0.0613 0.03447 0.0206 1.78 29.350
3.00 0.0708 0.03551 0.0208 1.99 26.636
3.25 0.0804 0.03665 0.0208 2.19 24.506
3.50 0.0901 0.03791 0.0205 2.38 22.819
3.75 0.0998 0.03929 0.0201 2.54 21.489
4.00 0.1095 0.04078 0.0195 2.69 20.426
4.25 0.1190 0.04239 0.0188 2.81 19.607
4.50 0.1284 0.04411 0.0179 2.91 18.959
4.75 0.1377 0.04595 0.0168 3.00 18.454
5.00 0.2484 0.05243 -0.0042 4.74 11.919
5.25 0.3157 0.05657 -0.0143 5.58 10.159
5.50 0.3696 0.06003 -0.0204 6.16 9.225
5.75 0.4141 0.06315 -0.0239 6.56 8.671
6.00 0.4486 0.06604 -0.0254 6.79 8.375
6.25 0.4821 0.06892 -0.0260 7.00 8.136
6.50 0.4958 0.07192 -0.0253 6.89 8.254
6.75 0.5152 0.07505 -0.0248 6.86 8.288
7.00 0.5187 0.07848 -0.0241 6.61 8.604
7.25 0.5212 0.08203 -0.0236 6.35 8.944
7.50 0.5236 0.08582 -0.0236 6.10 9.308
7.75 0.5290 0.08974 -0.0238 5.89 9.628
8.00 0.5232 0.09383 -0.0244 5.58 10.167
8.25 0.5215 0.09805 -0.0254 5.32 10.648
nan nan nan nan nan nan
9.25 0.3668 0.10607 -0.0270 3.46 16.129
9.50 0.3841 0.11041 -0.0296 3.48 16.037
9.75 0.4082 0.11625 -0.0334 3.51 15.896
10.00 0.4220 0.11987 -0.0348 3.52 15.857
10.25 0.4393 0.12463 -0.0368 3.52 15.839
10.50 0.4588 0.12979 -0.0388 3.53 15.796
10.75 0.4707 0.13361 -0.0397 3.52 15.847
11.00 0.4856 0.13743 -0.0409 3.53 15.802
11.25 0.4989 0.14144 -0.0418 3.53 15.828
11.50 0.5125 0.14636 -0.0427 3.50 15.938
11.75 0.5184 0.14900 -0.0425 3.48 16.036
12.00 0.5314 0.15269 -0.0434 3.48 16.031
12.25 0.5407 0.15640 -0.0437 3.46 16.133
12.50 0.5522 0.16008 -0.0443 3.45 16.167
12.75 0.5659 0.16384 -0.0454 3.45 16.147
13.00 0.5754 0.16745 -0.0458 3.44 16.226
13.25 0.5825 0.17076 -0.0461 3.41 16.339
13.50 0.5920 0.17407 -0.0466 3.40 16.385
13.75 0.6025 0.17841 -0.0473 3.38 16.495
14.00 0.6133 0.18209 -0.0480 3.37 16.536
14.25 0.6263 0.18492 -0.0491 3.39 16.450
14.50 0.6329 0.18821 -0.0496 3.36 16.561
14.75 0.6419 0.19140 -0.0504 3.35 16.603
15.00 0.6506 0.19557 -0.0512 3.33 16.731
15.25 0.6654 0.19840 -0.0520 3.35 16.603
15.50 0.6692 0.20132 -0.0530 3.32 16.743
15.75 0.6805 0.20511 -0.0541 3.32 16.773
16.00 0.6936 0.20976 -0.0551 3.31 16.826
