x cp
1.00000 -0.0081
0.99344 -0.0170
0.98270 -0.0331
0.97020 -0.0552
0.95728 -0.0818
0.94423 -0.1120
0.93111 -0.1451
0.91794 -0.1801
0.90470 -0.2160
0.89141 -0.2517
0.87807 -0.2858
0.86467 -0.3173
0.85114 -0.3443
0.83729 -0.3690
0.82335 -0.3940
0.80937 -0.4184
0.79538 -0.4421
0.78136 -0.4650
0.76733 -0.4871
0.75329 -0.5084
0.73922 -0.5289
0.72515 -0.5485
0.71106 -0.5672
0.69696 -0.5851
0.68284 -0.6022
0.66872 -0.6185
0.65458 -0.6340
0.64043 -0.6487
0.62628 -0.6625
0.61212 -0.6757
0.59795 -0.6880
0.58378 -0.6996
0.56960 -0.7104
0.55542 -0.7205
0.54123 -0.7299
0.52704 -0.7386
0.51285 -0.7465
0.49866 -0.7537
0.48447 -0.7603
0.47028 -0.7661
0.45609 -0.7712
0.44190 -0.7756
0.42772 -0.7794
0.41354 -0.7825
0.39937 -0.7849
0.38521 -0.7866
0.37105 -0.7877
0.35689 -0.7880
0.34275 -0.7874
0.32862 -0.7861
0.31449 -0.7841
0.30038 -0.7814
0.28628 -0.7780
0.27219 -0.7737
0.25812 -0.7686
0.24406 -0.7627
0.23002 -0.7557
0.21599 -0.7478
0.20198 -0.7387
0.18799 -0.7284
0.17401 -0.7170
0.16006 -0.7049
0.14612 -0.6931
0.13221 -0.6851
0.11832 -0.6913
0.10446 -0.7332
0.09061 -0.8474
0.07679 -1.0794
0.06301 -1.3976
0.04928 -1.5443
0.03583 -1.5783
0.02376 -1.6145
0.01514 -1.6495
0.00977 -1.6853
0.00624 -1.7387
0.00375 -1.8594
0.00193 -2.1301
0.00069 -2.3223
-0.00002 -1.7445
-0.00027 -0.7911
-0.00014 0.0412
0.00034 0.6427
0.00121 0.9608
0.00249 0.9560
0.00422 0.7125
0.00637 0.5029
0.00904 0.4191
0.01253 0.4073
0.01762 0.4200
0.02582 0.4337
0.03766 0.4384
0.05107 0.4393
0.06478 0.4404
0.07856 0.4421
0.09237 0.4443
0.10621 0.4469
0.12007 0.4496
0.13395 0.4523
0.14786 0.4550
0.16179 0.4575
0.17574 0.4599
0.18971 0.4622
0.20369 0.4643
0.21770 0.4662
0.23172 0.4680
0.24576 0.4696
0.25982 0.4710
0.27389 0.4723
0.28797 0.4733
0.30207 0.4742
0.31618 0.4749
0.33030 0.4754
0.34443 0.4757
0.35857 0.4759
0.37272 0.4758
0.38687 0.4756
0.40104 0.4752
0.41521 0.4746
0.42938 0.4738
0.44356 0.4728
0.45774 0.4715
0.47193 0.4701
0.48612 0.4685
0.50030 0.4666
0.51449 0.4645
0.52868 0.4622
0.54286 0.4596
0.55704 0.4568
0.57122 0.4537
0.58540 0.4503
0.59957 0.4466
0.61373 0.4425
0.62789 0.4382
0.64204 0.4335
0.65617 0.4284
0.67030 0.4229
0.68442 0.4169
0.69853 0.4104
0.71263 0.4034
0.72671 0.3958
0.74078 0.3876
0.75484 0.3785
0.76888 0.3686
0.78290 0.3577
0.79690 0.3457
0.81089 0.3321
0.82486 0.3166
0.83882 0.2987
0.85286 0.2759
0.86710 0.2527
0.88139 0.2301
0.89569 0.2077
0.91000 0.1852
0.92432 0.1619
0.93864 0.1373
0.95296 0.1104
0.96724 0.0796
0.98113 0.0432
0.99297 0.0008
1.00000 -0.0081
