alpha cl cd cm xtrs xtri npts dcl dcd biest clalt cdalt
-6.00 -0.2628 0.09426 -0.0430 0.9732 0.0261 5 0.0676 0.01414 0 -0.2628 0.09426
-5.75 -0.2604 0.09121 -0.0452 0.9715 0.0272 5 0.0652 0.01128 0 -0.2604 0.09121
-5.50 -0.2501 0.08804 -0.0481 0.9684 0.0288 5 0.0616 0.01057 0 -0.2501 0.08804
-5.25 -0.2325 0.08498 -0.0501 0.9637 0.0299 5 0.0628 0.01026 0 -0.2325 0.08498
-5.00 -0.1932 0.08159 -0.0541 0.9599 0.0311 5 0.0773 0.01145 0 -0.1932 0.08159
-4.75 -0.1450 0.07813 -0.0592 0.9570 0.0314 5 0.0440 0.01205 0 -0.1450 0.07813
-4.50 -0.1288 0.07534 -0.0622 0.9515 0.0317 5 0.0434 0.01096 0 -0.1288 0.07534
-4.25 -0.1173 0.07162 -0.0679 0.9478 0.0329 5 0.0379 0.01032 0 -0.1173 0.07162
-4.00 -0.0919 0.06800 -0.0778 0.9452 0.0348 5 0.0537 0.00958 0 -0.0919 0.06800
-3.75 -0.0469 0.06515 -0.0871 0.9411 0.0371 5 0.0644 0.00945 0 -0.0469 0.06515
-3.50 0.0111 0.06188 -0.0981 0.9375 0.0377 5 0.0675 0.00989 0 0.0111 0.06188
-3.25 0.0529 0.05919 -0.1067 0.9350 0.0392 5 0.0218 0.01175 0 0.0529 0.05919
-3.00 0.0624 0.05517 -0.1048 0.9325 0.0426 5 0.0050 0.01098 0 0.0624 0.05517
-2.75 0.0923 0.05227 -0.1090 0.9294 0.0455 5 0.0444 0.01055 0 0.0923 0.05227
-2.50 0.1717 0.05058 -0.1241 0.9271 0.0512 5 0.0285 0.00133 0 0.1717 0.05058
-2.25 0.1964 0.04644 -0.1265 0.9240 0.0526 5 0.0079 0.00062 0 0.1964 0.04644
-2.00 0.2255 0.04371 -0.1291 0.9215 0.0556 5 0.0064 0.00032 0 0.2255 0.04371
-1.75 0.2974 0.04138 -0.1408 0.9207 0.0645 4 0.0073 0.00129 0 0.2974 0.04138
-1.50 0.3281 0.03831 -0.1436 0.9190 0.0674 5 0.0063 0.00012 0 0.3281 0.03831
-1.25 0.3637 0.03627 -0.1468 0.9162 0.0713 4 0.0058 0.00004 0 0.3637 0.03627
-1.00 0.4129 0.03320 -0.1520 0.9138 0.0451 5 0.0336 0.00227 0 0.4129 0.03320
-0.75 0.4660 0.03048 -0.1578 0.9133 0.0423 6 0.0201 0.00104 0 0.4660 0.03048
-0.50 0.5122 0.02818 -0.1620 0.9124 0.0371 3 0.0078 0.00021 0 0.5122 0.02818
-0.25 0.5457 0.02682 -0.1632 0.9088 0.0368 6 0.0211 0.00098 0 0.5457 0.02682
0.00 0.5836 0.02547 -0.1653 0.9068 0.0365 6 0.0130 0.00062 0 0.5836 0.02547
0.25 0.6209 0.02431 -0.1672 0.9052 0.0377 6 0.0098 0.00029 0 0.6209 0.02431
0.50 0.6413 0.02392 -0.1657 0.8984 0.0382 5 0.0204 0.00063 0 0.6413 0.02392
0.75 0.6780 0.02301 -0.1676 0.8963 0.0428 6 0.0163 0.00035 0 0.6780 0.02301
1.00 0.7075 0.02250 -0.1680 0.8929 0.0452 5 0.0097 0.00015 0 0.7075 0.02250
1.25 0.7390 0.02212 -0.1683 0.8885 0.0509 5 0.0077 0.01310 0 0.7390 0.02212
1.50 0.7707 0.02186 -0.1697 0.8847 0.0618 6 0.0253 0.01290 0 0.7707 0.02186
1.75 0.8108 0.02100 -0.1717 0.8770 0.0830 5 0.0181 0.00077 0 0.8108 0.02100
2.00 0.8951 0.01274 -0.1739 0.1688 1.0000 2 0.0298 0.00776 0 0.8951 0.01274
2.25 0.9211 0.01884 -0.1748 0.0483 1.0000 6 0.0235 0.00928 0 0.9211 0.01884
2.50 0.9425 0.01951 -0.1733 0.0412 1.0000 6 0.0243 0.00932 0 0.9425 0.01951
2.75 0.9625 0.02031 -0.1715 0.0364 1.0000 6 0.0261 0.00922 0 0.9625 0.02031
3.00 0.9819 0.02114 -0.1697 0.0337 1.0000 6 0.0275 0.00909 0 0.9819 0.02114
3.25 0.9983 0.02211 -0.1673 0.0314 1.0000 6 0.0290 0.00914 0 0.9983 0.02211
3.50 1.0148 0.02325 -0.1649 0.0302 1.0000 6 0.0290 0.00880 0 1.0148 0.02325
3.75 1.0319 0.02457 -0.1627 0.0292 1.0000 6 0.0274 0.00851 0 1.0319 0.02457
4.00 1.0541 0.02607 -0.1614 0.0282 1.0000 6 0.0258 0.00804 0 1.0541 0.02607
4.25 1.0817 0.02777 -0.1613 0.0264 1.0000 6 0.0241 0.00710 0 1.0817 0.02777
4.50 1.1142 0.02946 -0.1618 0.0245 1.0000 6 0.0186 0.00669 0 1.1142 0.02946
4.75 1.1462 0.03156 -0.1623 0.0239 1.0000 6 0.0195 0.00644 0 1.1462 0.03156
5.00 1.1793 0.03389 -0.1628 0.0240 1.0000 6 0.0207 0.00612 0 1.1793 0.03389
5.25 1.2093 0.03621 -0.1624 0.0244 1.0000 4 0.0241 0.00462 0 1.2093 0.03621
5.50 1.2379 0.03889 -0.1615 0.0252 1.0000 6 0.0290 0.00715 0 1.2379 0.03889
5.75 1.2643 0.04178 -0.1601 0.0259 1.0000 5 0.0023 0.00049 0 1.2643 0.04178
6.00 1.2858 0.04450 -0.1583 0.0258 1.0000 5 0.0008 0.00060 0 1.2858 0.04450
6.25 1.3050 0.04755 -0.1563 0.0258 1.0000 5 0.0031 0.00063 0 1.3050 0.04755
6.50 1.3237 0.05110 -0.1535 0.0278 1.0000 4 0.0418 0.00485 0 1.3237 0.05110
6.75 1.3384 0.05550 -0.1502 0.0306 1.0000 4 0.0571 0.00670 0 1.3384 0.05550
7.00 1.3653 0.06036 -0.1464 0.0550 1.0000 1 0.0000 0.00000 0 1.3653 0.06036
7.25 1.3753 0.06404 -0.1439 0.0530 1.0000 1 0.0000 0.00000 0 1.3753 0.06404
7.50 1.3853 0.06871 -0.1422 0.0513 1.0000 1 0.0000 0.00000 0 1.3853 0.06871
8.00 1.3825 0.07551 -0.1339 0.0455 1.0000 1 0.0000 0.00000 0 1.3825 0.07551
8.25 1.3816 0.07907 -0.1304 0.0440 1.0000 1 0.0000 0.00000 0 1.3816 0.07907
8.50 1.3781 0.08287 -0.1271 0.0428 1.0000 1 0.0000 0.00000 0 1.3781 0.08287
8.75 1.3718 0.08675 -0.1238 0.0418 1.0000 1 0.0000 0.00000 0 1.3718 0.08675
9.00 1.3625 0.09064 -0.1205 0.0411 1.0000 1 0.0000 0.00000 0 1.3625 0.09064
9.25 1.3492 0.09436 -0.1170 0.0406 1.0000 1 0.0000 0.00000 0 1.3492 0.09436
9.50 1.3319 0.09797 -0.1135 0.0403 1.0000 1 0.0000 0.00000 0 1.3319 0.09797
9.75 1.3132 0.10191 -0.1107 0.0401 1.0000 1 0.0000 0.00000 0 1.3132 0.10191
10.00 1.2935 0.10630 -0.1090 0.0401 1.0000 1 0.0000 0.00000 0 1.2935 0.10630
10.25 1.2734 0.11123 -0.1086 0.0401 1.0000 1 0.0000 0.00000 0 1.2734 0.11123
10.50 1.2536 0.11679 -0.1096 0.0402 1.0000 1 0.0000 0.00000 0 1.2536 0.11679
10.75 1.2352 0.12305 -0.1122 0.0403 1.0000 1 0.0000 0.00000 0 1.2352 0.12305
11.00 1.2197 0.13001 -0.1163 0.0404 1.0000 1 0.0000 0.00000 0 1.2197 0.13001
11.25 1.2084 0.13756 -0.1215 0.0404 1.0000 1 0.0000 0.00000 0 1.2084 0.13756
11.50 1.2022 0.14497 -0.1266 0.0402 1.0000 1 0.0000 0.00000 0 1.2022 0.14497
11.75 1.1995 0.15130 -0.1303 0.0397 1.0000 1 0.0000 0.00000 0 1.1995 0.15130
12.00 1.1989 0.15692 -0.1332 0.0390 1.0000 1 0.0000 0.00000 0 1.1989 0.15692
12.25 1.2003 0.16202 -0.1352 0.0383 1.0000 1 0.0000 0.00000 0 1.2003 0.16202
12.50 1.2048 0.16641 -0.1355 0.0373 1.0000 1 0.0000 0.00000 0 1.2048 0.16641
12.75 1.0244 0.17806 -0.1363 0.0425 1.0000 1 0.0000 0.00000 0 1.0244 0.17806
13.00 1.0226 0.18249 -0.1384 0.0415 1.0000 1 0.0000 0.00000 0 1.0226 0.18249
13.25 1.0218 0.18677 -0.1402 0.0404 1.0000 1 0.0000 0.00000 0 1.0218 0.18677
13.50 1.0223 0.19094 -0.1418 0.0394 1.0000 1 0.0000 0.00000 0 1.0223 0.19094
13.75 1.0243 0.19496 -0.1429 0.0384 1.0000 1 0.0000 0.00000 0 1.0243 0.19496
14.00 1.0303 0.19895 -0.1427 0.0372 1.0000 1 0.0000 0.00000 0 1.0303 0.19895
14.25 1.2201 0.20403 -0.1567 0.0353 1.0000 1 0.0000 0.00000 0 1.2201 0.20403
14.50 1.2222 0.20835 -0.1611 0.0347 1.0000 1 0.0000 0.00000 0 1.2222 0.20835
14.75 1.2251 0.21255 -0.1651 0.0339 1.0000 1 0.0000 0.00000 0 1.2251 0.21255
15.00 1.2292 0.21670 -0.1684 0.0327 1.0000 1 0.0000 0.00000 0 1.2292 0.21670
15.25 1.2341 0.22075 -0.1712 0.0315 1.0000 1 0.0000 0.00000 0 1.2341 0.22075
15.50 1.2394 0.22468 -0.1737 0.0301 1.0000 1 0.0000 0.00000 0 1.2394 0.22468
15.75 1.2451 0.22847 -0.1760 0.0287 1.0000 1 0.0000 0.00000 0 1.2451 0.22847
16.00 1.2512 0.23215 -0.1780 0.0274 1.0000 1 0.0000 0.00000 0 1.2512 0.23215
