x cp
1.00000 -0.1627
0.99344 -0.1620
0.98270 -0.1613
0.97020 -0.1605
0.95728 -0.1598
0.94423 -0.1590
0.93111 -0.1583
0.91794 -0.1576
0.90470 -0.1570
0.89141 -0.1565
0.87807 -0.1560
0.86467 -0.1557
0.85114 -0.1556
0.83729 -0.1557
0.82335 -0.1560
0.80937 -0.1564
0.79538 -0.1571
0.78136 -0.1581
0.76733 -0.1595
0.75329 -0.1613
0.73922 -0.1637
0.72515 -0.1667
0.71106 -0.1706
0.69696 -0.1753
0.68284 -0.1811
0.66872 -0.1879
0.65458 -0.1956
0.64043 -0.2043
0.62628 -0.2142
0.61212 -0.2252
0.59795 -0.2367
0.58378 -0.2483
0.56960 -0.2597
0.55542 -0.2704
0.54123 -0.2802
0.52704 -0.2889
0.51285 -0.2965
0.49866 -0.3029
0.48447 -0.3080
0.47028 -0.3119
0.45609 -0.3145
0.44190 -0.3160
0.42772 -0.3164
0.41354 -0.3156
0.39937 -0.3137
0.38521 -0.3107
0.37105 -0.3067
0.35689 -0.3016
0.34275 -0.2954
0.32862 -0.2882
0.31449 -0.2799
0.30038 -0.2705
0.28628 -0.2601
0.27219 -0.2486
0.25812 -0.2359
0.24406 -0.2221
0.23002 -0.2071
0.21599 -0.1908
0.20198 -0.1732
0.18799 -0.1542
0.17401 -0.1337
0.16006 -0.1116
0.14612 -0.0878
0.13221 -0.0620
0.11832 -0.0340
0.10446 -0.0036
0.09061 0.0298
0.07679 0.0667
0.06301 0.1080
0.04928 0.1545
0.03583 0.2063
0.02376 0.2554
0.01514 0.2853
0.00977 0.3023
0.00624 0.3320
0.00375 0.4096
0.00193 0.5787
0.00069 0.8304
-0.00002 0.9934
-0.00027 0.9337
-0.00014 0.6734
0.00034 0.2496
0.00121 -0.2582
0.00249 -0.5642
0.00422 -0.4440
0.00637 -0.3312
0.00904 -0.2880
0.01253 -0.2699
0.01762 -0.2581
0.02582 -0.2471
0.03766 -0.2367
0.05107 -0.2286
0.06478 -0.2224
0.07856 -0.2176
0.09237 -0.2136
0.10621 -0.2103
0.12007 -0.2074
0.13395 -0.2048
0.14786 -0.2025
0.16179 -0.2004
0.17574 -0.1985
0.18971 -0.1967
0.20369 -0.1951
0.21770 -0.1935
0.23172 -0.1920
0.24576 -0.1906
0.25982 -0.1892
0.27389 -0.1879
0.28797 -0.1866
0.30207 -0.1854
0.31618 -0.1842
0.33030 -0.1830
0.34443 -0.1818
0.35857 -0.1807
0.37272 -0.1795
0.38687 -0.1784
0.40104 -0.1772
0.41521 -0.1761
0.42938 -0.1750
0.44356 -0.1738
0.45774 -0.1727
0.47193 -0.1715
0.48612 -0.1703
0.50030 -0.1691
0.51449 -0.1679
0.52868 -0.1666
0.54286 -0.1653
0.55704 -0.1639
0.57122 -0.1271
0.58540 -0.0970
0.59957 -0.0712
0.61373 -0.0480
0.62789 -0.0263
0.64204 -0.0057
0.65617 0.0139
0.67030 0.0330
0.68442 0.0519
0.69853 0.0706
0.71263 0.0895
0.72671 0.1089
0.74078 0.1290
0.75484 0.1467
0.76888 0.1605
0.78290 0.1713
0.79690 0.1787
0.81089 0.1828
0.82486 0.1833
0.83882 0.1798
0.85286 0.1718
0.86710 0.1595
0.88139 0.1430
0.89569 0.1223
0.91000 0.0972
0.92432 0.0673
0.93864 0.0319
0.95296 -0.0100
0.96724 -0.0605
0.98113 -0.1204
0.99297 -0.1841
1.00000 -0.1627
