alpha cl cd clalt cdalt
-2.25 -0.1070 0.06298 -0.0166 0.05463
-2.00 -0.1076 0.06260 0.0360 0.05207
-1.75 -0.1215 0.06207 0.0815 0.05040
4.25 0.5358 0.07558 0.6616 0.06843
4.50 0.5459 0.07782 0.6697 0.07059
4.75 0.5620 0.08008 0.6847 0.07261
5.00 0.5676 0.08181 0.6963 0.07482
5.25 0.5907 0.08439 0.7030 0.07725
5.50 0.6104 0.08663 0.7056 0.08000
5.75 0.6168 0.08843 0.7093 0.08291
6.00 0.6333 0.09082 0.7211 0.08605
12.50 0.9554 0.15710 1.0657 0.13854
13.00 1.0759 0.14263 1.4389 0.07276
13.50 1.1270 0.13946 1.3956 0.08334
13.75 1.1182 0.14407 1.4653 0.07308
15.50 1.2556 0.13321 1.4649 0.09673
15.75 1.2353 0.14244 1.4412 0.10323
16.00 1.2035 0.15610 1.4247 0.10923
