t y1
0 0
0.0501253 0.00120378
0.100251 0.00845953
0.150376 0.0251544
0.200501 0.0526676
0.250627 0.091065
0.300752 0.139572
0.350877 0.196896
0.401003 0.261454
0.451128 0.331526
0.501253 0.405367
0.551378 0.481282
0.601504 0.557682
0.651629 0.633118
0.701754 0.706307
0.75188 0.776142
0.802005 0.841703
0.85213 0.902254
0.902256 0.957237
0.952381 1.00627
1.00251 1.04912
1.05263 1.08571
1.10276 1.1161
1.15288 1.14044
1.20301 1.15902
1.25313 1.17217
1.30326 1.1803
1.35338 1.18389
1.40351 1.18343
1.45363 1.17944
1.50376 1.17245
1.55388 1.16298
1.60401 1.15154
1.65414 1.13862
1.70426 1.12469
1.75439 1.11017
1.80451 1.09544
1.85464 1.08086
1.90476 1.06672
1.95489 1.05327
2.00501 1.04073
2.05514 1.02927
2.10526 1.01901
2.15539 1.01004
2.20551 1.00241
2.25564 0.996125
2.30576 0.991183
2.35589 0.98754
2.40602 0.985137
2.45614 0.983892
2.50627 0.983713
2.55639 0.984493
2.60652 0.98612
2.65664 0.988477
2.70677 0.991445
2.75689 0.994907
2.80702 0.998748
2.85714 1.00286
2.90727 1.00714
2.95739 1.01149
3.00752 1.01583
3.05764 1.02008
3.10777 1.02418
3.15789 1.02807
3.20802 1.03171
3.25815 1.03505
3.30827 1.03808
3.3584 1.04078
3.40852 1.04313
3.45865 1.04514
3.50877 1.04682
3.5589 1.04816
3.60902 1.04919
3.65915 1.04993
3.70927 1.0504
3.7594 1.05063
3.80952 1.05064
3.85965 1.05046
3.90977 1.05011
3.9599 1.04963
4.01003 1.04905
4.06015 1.04838
4.11028 1.04765
4.1604 1.04689
4.21053 1.04611
4.26065 1.04533
4.31078 1.04457
4.3609 1.04384
4.41103 1.04314
4.46115 1.0425
4.51128 1.04191
4.5614 1.04138
4.61153 1.04091
4.66165 1.0405
4.71178 1.04016
4.7619 1.03987
4.81203 1.03964
4.86216 1.03946
4.91228 1.03933
4.96241 1.03924
5.01253 1.03918
5.06266 1.03916
5.11278 1.03916
5.16291 1.03918
5.21303 1.03921
5.26316 1.03925
5.31328 1.03929
5.36341 1.03933
5.41353 1.03937
5.46366 1.03939
5.51378 1.0394
5.56391 1.0394
5.61404 1.03938
5.66416 1.03934
5.71429 1.03928
5.76441 1.0392
5.81454 1.0391
5.86466 1.03898
5.91479 1.03884
5.96491 1.03868
6.01504 1.0385
6.06516 1.03831
6.11529 1.03809
6.16541 1.03787
6.21554 1.03763
6.26566 1.03739
6.31579 1.03713
6.36591 1.03686
6.41604 1.03659
6.46617 1.03631
6.51629 1.03603
6.56642 1.03575
6.61654 1.03547
6.66667 1.03518
6.71679 1.0349
6.76692 1.03462
6.81704 1.03434
6.86717 1.03406
6.91729 1.03378
6.96742 1.03351
7.01754 1.03324
7.06767 1.03297
7.11779 1.03271
7.16792 1.03245
7.21805 1.03219
7.26817 1.03194
7.3183 1.03169
7.36842 1.03144
7.41855 1.03119
7.46867 1.03094
7.5188 1.0307
7.56892 1.03046
7.61905 1.03022
7.66917 1.02998
7.7193 1.02974
7.76942 1.0295
7.81955 1.02926
7.86967 1.02903
7.9198 1.02879
7.96992 1.02855
8.02005 1.02832
8.07018 1.02808
8.1203 1.02784
8.17043 1.0276
8.22055 1.02737
8.27068 1.02713
8.3208 1.02689
8.37093 1.02665
8.42105 1.02642
8.47118 1.02618
8.5213 1.02595
8.57143 1.02571
8.62155 1.02547
8.67168 1.02524
8.7218 1.02501
8.77193 1.02477
8.82206 1.02454
8.87218 1.02431
8.92231 1.02408
8.97243 1.02386
9.02256 1.02363
9.07268 1.0234
9.12281 1.02318
9.17293 1.02296
9.22306 1.02274
9.27318 1.02252
9.32331 1.0223
9.37343 1.02208
9.42356 1.02187
9.47368 1.02166
9.52381 1.02145
9.57393 1.02124
9.62406 1.02103
9.67419 1.02082
9.72431 1.02062
9.77444 1.02041
9.82456 1.02021
9.87469 1.02001
9.92481 1.01981
9.97494 1.01962
10.0251 1.01942
10.0752 1.01923
10.1253 1.01903
10.1754 1.01884
10.2256 1.01865
10.2757 1.01846
10.3258 1.01828
10.3759 1.01809
10.4261 1.01791
10.4762 1.01773
10.5263 1.01755
10.5764 1.01737
10.6266 1.01719
10.6767 1.01701
10.7268 1.01684
10.7769 1.01666
10.8271 1.01649
10.8772 1.01632
10.9273 1.01615
10.9774 1.01598
11.0276 1.01582
11.0777 1.01565
11.1278 1.01549
11.1779 1.01533
11.2281 1.01517
11.2782 1.01501
11.3283 1.01485
11.3784 1.01469
11.4286 1.01454
11.4787 1.01438
11.5288 1.01423
11.5789 1.01408
11.6291 1.01393
11.6792 1.01378
11.7293 1.01364
11.7794 1.01349
11.8296 1.01335
11.8797 1.0132
11.9298 1.01306
11.9799 1.01292
12.0301 1.01278
12.0802 1.01265
12.1303 1.01251
12.1805 1.01238
12.2306 1.01224
12.2807 1.01211
12.3308 1.01198
12.381 1.01185
12.4311 1.01172
12.4812 1.01159
12.5313 1.01147
12.5815 1.01134
12.6316 1.01122
12.6817 1.0111
12.7318 1.01098
12.782 1.01086
12.8321 1.01074
12.8822 1.01062
12.9323 1.01051
12.9825 1.01039
13.0326 1.01028
13.0827 1.01016
13.1328 1.01005
13.183 1.00994
13.2331 1.00983
13.2832 1.00972
13.3333 1.00962
13.3835 1.00951
13.4336 1.00941
13.4837 1.0093
13.5338 1.0092
13.584 1.0091
13.6341 1.009
13.6842 1.0089
13.7343 1.0088
13.7845 1.0087
13.8346 1.0086
13.8847 1.00851
13.9348 1.00841
13.985 1.00832
14.0351 1.00823
14.0852 1.00813
14.1353 1.00804
14.1855 1.00795
14.2356 1.00787
14.2857 1.00778
14.3358 1.00769
14.386 1.0076
14.4361 1.00752
14.4862 1.00744
14.5363 1.00735
14.5865 1.00727
14.6366 1.00719
14.6867 1.00711
14.7368 1.00703
14.787 1.00695
14.8371 1.00687
14.8872 1.00679
14.9373 1.00672
14.9875 1.00664
15.0376 1.00657
15.0877 1.00649
15.1378 1.00642
15.188 1.00635
15.2381 1.00627
15.2882 1.0062
15.3383 1.00613
15.3885 1.00606
15.4386 1.00599
15.4887 1.00593
15.5388 1.00586
15.589 1.00579
15.6391 1.00573
15.6892 1.00566
15.7393 1.0056
15.7895 1.00553
15.8396 1.00547
15.8897 1.00541
15.9398 1.00535
15.99 1.00529
16.0401 1.00523
16.0902 1.00517
16.1404 1.00511
16.1905 1.00505
16.2406 1.00499
16.2907 1.00494
16.3409 1.00488
16.391 1.00482
16.4411 1.00477
16.4912 1.00471
16.5414 1.00466
16.5915 1.00461
16.6416 1.00455
16.6917 1.0045
16.7419 1.00445
16.792 1.0044
16.8421 1.00435
16.8922 1.0043
16.9424 1.00425
16.9925 1.0042
17.0426 1.00415
17.0927 1.00411
17.1429 1.00406
17.193 1.00401
17.2431 1.00397
17.2932 1.00392
17.3434 1.00388
17.3935 1.00383
17.4436 1.00379
17.4937 1.00374
17.5439 1.0037
17.594 1.00366
17.6441 1.00362
17.6942 1.00357
17.7444 1.00353
17.7945 1.00349
17.8446 1.00345
17.8947 1.00341
17.9449 1.00337
17.995 1.00333
18.0451 1.0033
18.0952 1.00326
18.1454 1.00322
18.1955 1.00318
18.2456 1.00315
18.2957 1.00311
18.3459 1.00307
18.396 1.00304
18.4461 1.003
18.4962 1.00297
18.5464 1.00293
18.5965 1.0029
18.6466 1.00287
18.6967 1.00283
18.7469 1.0028
18.797 1.00277
18.8471 1.00274
18.8972 1.00271
18.9474 1.00267
18.9975 1.00264
19.0476 1.00261
19.0977 1.00258
19.1479 1.00255
19.198 1.00252
19.2481 1.00249
19.2982 1.00246
19.3484 1.00244
19.3985 1.00241
19.4486 1.00238
19.4987 1.00235
19.5489 1.00233
19.599 1.0023
19.6491 1.00227
19.6992 1.00225
19.7494 1.00222
19.7995 1.00219
19.8496 1.00217
19.8997 1.00214
19.9499 1.00212
20 1.00209
