w m0 f0 m1 f1 mc fc
0.001 80 -90.0716 79.9955 -91.5719 -0.00451554 -1.50026
0.00102334 79.7996 -90.0733 79.7949 -91.6085 -0.00472866 -1.53524
0.00104723 79.5992 -90.075 79.5942 -91.646 -0.00495184 -1.57104
0.00107167 79.3988 -90.0768 79.3936 -91.6844 -0.00518554 -1.60767
0.00109668 79.1984 -90.0785 79.193 -91.7237 -0.00543027 -1.64515
0.00112228 78.998 -90.0804 78.9923 -91.7639 -0.00568654 -1.68351
0.00114847 78.7976 -90.0823 78.7916 -91.805 -0.00595489 -1.72276
0.00117528 78.5972 -90.0842 78.591 -91.8471 -0.0062359 -1.76292
0.00120271 78.3968 -90.0861 78.3903 -91.8902 -0.00653016 -1.80401
0.00123078 78.1964 -90.0881 78.1895 -91.9342 -0.00683829 -1.84606
0.00125951 77.996 -90.0902 77.9888 -91.9793 -0.00716095 -1.88909
0.0012889 77.7956 -90.0923 77.7881 -92.0254 -0.00749882 -1.93312
0.00131899 77.5952 -90.0945 77.5873 -92.0726 -0.00785262 -1.97817
0.00134977 77.3948 -90.0967 77.3866 -92.1209 -0.00822309 -2.02427
0.00138128 77.1944 -90.0989 77.1858 -92.1704 -0.00861102 -2.07144
0.00141352 76.994 -90.1012 76.985 -92.2209 -0.00901723 -2.1197
0.00144651 76.7936 -90.1036 76.7841 -92.2727 -0.00944259 -2.16908
0.00148027 76.5932 -90.106 76.5833 -92.3256 -0.00988798 -2.21961
0.00151482 76.3928 -90.1085 76.3824 -92.3798 -0.0103544 -2.27132
0.00155018 76.1924 -90.111 76.1815 -92.4352 -0.0108427 -2.32422
0.00158636 75.992 -90.1136 75.9806 -92.492 -0.011354 -2.37835
0.00162338 75.7916 -90.1163 75.7797 -92.55 -0.0118895 -2.43373
0.00166127 75.5912 -90.119 75.5787 -92.6094 -0.0124501 -2.4904
0.00170005 75.3908 -90.1218 75.3777 -92.6701 -0.0130371 -2.54838
0.00173973 75.1904 -90.1246 75.1767 -92.7323 -0.0136518 -2.6077
0.00178033 74.99 -90.1275 74.9757 -92.7959 -0.0142954 -2.66839
0.00182189 74.7896 -90.1305 74.7746 -92.861 -0.0149693 -2.7305
0.00186441 74.5892 -90.1335 74.5735 -92.9276 -0.0156749 -2.79403
0.00190792 74.3888 -90.1366 74.3723 -92.9957 -0.0164136 -2.85904
0.00195246 74.1884 -90.1398 74.1712 -93.0654 -0.0171872 -2.92555
0.00199803 73.988 -90.1431 73.97 -93.1367 -0.017997 -2.99359
0.00204466 73.7876 -90.1464 73.7687 -93.2096 -0.018845 -3.06321
0.00209238 73.5872 -90.1499 73.5674 -93.2843 -0.0197329 -3.13443
0.00214122 73.3868 -90.1534 73.3661 -93.3607 -0.0206624 -3.2073
0.0021912 73.1864 -90.1569 73.1647 -93.4388 -0.0216356 -3.28184
0.00224234 72.9859 -90.1606 72.9633 -93.5187 -0.0226546 -3.35811
0.00229468 72.7855 -90.1643 72.7618 -93.6005 -0.0237214 -3.43613
0.00234823 72.5851 -90.1682 72.5603 -93.6841 -0.0248383 -3.51594
0.00240304 72.3847 -90.1721 72.3587 -93.7697 -0.0260076 -3.59759
0.00245913 72.1843 -90.1761 72.1571 -93.8572 -0.0272317 -3.68112
0.00251653 71.9839 -90.1802 71.9554 -93.9468 -0.0285133 -3.76656
0.00257526 71.7835 -90.1844 71.7537 -94.0384 -0.029855 -3.85397
0.00263537 71.5831 -90.1887 71.5519 -94.1321 -0.0312596 -3.94338
0.00269688 71.3827 -90.1931 71.35 -94.228 -0.03273 -4.03483
0.00275983 71.1823 -90.1977 71.1481 -94.326 -0.0342692 -4.12839
0.00282424 70.9819 -90.2023 70.946 -94.4263 -0.0358806 -4.22407
0.00289016 70.7815 -90.207 70.744 -94.5289 -0.0375673 -4.32195
0.00295762 70.5811 -90.2118 70.5418 -94.6339 -0.039333 -4.42206
0.00302665 70.3807 -90.2168 70.3395 -94.7412 -0.0411813 -4.52445
0.00309729 70.1803 -90.2218 70.1372 -94.851 -0.043116 -4.62917
0.00316958 69.9799 -90.227 69.9348 -94.9633 -0.045141 -4.73628
0.00324356 69.7795 -90.2323 69.7322 -95.0781 -0.0472606 -4.84581
0.00331927 69.5791 -90.2377 69.5296 -95.1956 -0.0494792 -4.95784
0.00339674 69.3787 -90.2433 69.3269 -95.3157 -0.0518012 -5.0724
0.00347602 69.1783 -90.249 69.1241 -95.4385 -0.0542315 -5.18955
0.00355715 68.9779 -90.2548 68.9211 -95.5641 -0.056775 -5.30935
0.00364017 68.7775 -90.2607 68.7181 -95.6926 -0.059437 -5.43185
0.00372514 68.5771 -90.2668 68.5149 -95.8239 -0.0622228 -5.55711
0.00381208 68.3767 -90.273 68.3115 -95.9582 -0.0651382 -5.68518
0.00390106 68.1763 -90.2794 68.1081 -96.0955 -0.0681891 -5.81613
0.00399211 67.9759 -90.2859 67.9045 -96.2359 -0.0713816 -5.95001
0.00408529 67.7755 -90.2926 67.7008 -96.3795 -0.0747222 -6.08689
0.00418064 67.5751 -90.2994 67.4969 -96.5262 -0.0782177 -6.22681
0.00427821 67.3747 -90.3064 67.2928 -96.6763 -0.0818751 -6.36986
0.00437807 67.1743 -90.3136 67.0886 -96.8296 -0.0857017 -6.51608
0.00448025 66.9739 -90.3209 66.8842 -96.9864 -0.0897052 -6.66554
0.00458482 66.7735 -90.3284 66.6796 -97.1467 -0.0938937 -6.8183
0.00469183 66.573 -90.336 66.4748 -97.3105 -0.0982753 -6.97443
0.00480134 66.3726 -90.3439 66.2698 -97.4779 -0.102859 -7.13399
0.00491341 66.1722 -90.3519 66.0646 -97.649 -0.107654 -7.29706
0.00502809 65.9718 -90.3601 65.8592 -97.8238 -0.112669 -7.46368
0.00514544 65.7714 -90.3685 65.6535 -98.0025 -0.117914 -7.63394
0.00526554 65.571 -90.3771 65.4476 -98.185 -0.1234 -7.80789
0.00538844 65.3706 -90.3859 65.2415 -98.3715 -0.129137 -7.98561
0.00551421 65.1702 -90.3949 65.0351 -98.5621 -0.135137 -8.16716
0.00564291 64.9698 -90.4041 64.8284 -98.7568 -0.14141 -8.35261
0.00577462 64.7694 -90.4136 64.6214 -98.9556 -0.14797 -8.54203
0.0059094 64.569 -90.4232 64.4141 -99.1587 -0.154828 -8.73548
0.00604732 64.3686 -90.4331 64.2066 -99.3661 -0.161997 -8.93304
0.00618847 64.1682 -90.4432 63.9987 -99.578 -0.169492 -9.13477
0.00633291 63.9678 -90.4536 63.7904 -99.7943 -0.177327 -9.34074
0.00648072 63.7673 -90.4641 63.5818 -100.015 -0.185515 -9.55101
0.00663198 63.5669 -90.475 63.3729 -100.241 -0.194073 -9.76566
0.00678677 63.3665 -90.4861 63.1635 -100.471 -0.203016 -9.98475
0.00694518 63.1661 -90.4974 62.9538 -100.706 -0.21236 -10.2083
0.00710728 62.9657 -90.509 62.7436 -100.946 -0.222123 -10.4365
0.00727317 62.7653 -90.5209 62.533 -101.19 -0.232322 -10.6693
0.00744292 62.5649 -90.5331 62.3219 -101.44 -0.242975 -10.9068
0.00761664 62.3645 -90.5455 62.1104 -101.695 -0.254103 -11.149
0.00779442 62.164 -90.5582 61.8983 -101.954 -0.265723 -11.3961
0.00797634 61.9636 -90.5713 61.6858 -102.219 -0.277857 -11.648
0.00816251 61.7632 -90.5846 61.4727 -102.489 -0.290526 -11.9048
0.00835302 61.5628 -90.5982 61.2591 -102.765 -0.303752 -12.1667
0.00854798 61.3624 -90.6122 61.0448 -103.046 -0.317557 -12.4335
0.0087475 61.162 -90.6265 60.83 -103.332 -0.331964 -12.7055
0.00895166 60.9616 -90.6411 60.6146 -103.624 -0.346997 -12.9825
0.0091606 60.7611 -90.6561 60.3985 -103.921 -0.362681 -13.2647
0.00937441 60.5607 -90.6714 60.1817 -104.224 -0.379043 -13.5521
0.00959321 60.3603 -90.687 59.9642 -104.532 -0.396107 -13.8448
0.00981712 60.1599 -90.7031 59.746 -104.846 -0.413901 -14.1427
0.0100463 59.9595 -90.7195 59.527 -105.165 -0.432454 -14.4459
0.0102807 59.759 -90.7363 59.3072 -105.491 -0.451792 -14.7544
0.0105207 59.5586 -90.7535 59.0867 -105.822 -0.471947 -15.0682
0.0107662 59.3582 -90.7711 58.8652 -106.158 -0.492948 -15.3873
0.0110175 59.1578 -90.789 58.6429 -106.501 -0.514826 -15.7118
0.0112747 58.9573 -90.8075 58.4197 -106.849 -0.537613 -16.0416
0.0115378 58.7569 -90.8263 58.1956 -107.203 -0.56134 -16.3767
0.0118071 58.5565 -90.8456 57.9704 -107.563 -0.586042 -16.7171
0.0120827 58.356 -90.8653 57.7443 -107.928 -0.611751 -17.0628
0.0123647 58.1556 -90.8855 57.5171 -108.299 -0.638502 -17.4137
0.0126533 57.9552 -90.9062 57.2888 -108.676 -0.66633 -17.7698
0.0129486 57.7547 -90.9273 57.0595 -109.058 -0.695271 -18.1311
0.0132509 57.5543 -90.949 56.8289 -109.446 -0.72536 -18.4974
0.0135602 57.3539 -90.9711 56.5972 -109.84 -0.756635 -18.8688
0.0138766 57.1534 -90.9938 56.3643 -110.239 -0.789131 -19.2451
0.0142005 56.953 -91.017 56.1301 -110.643 -0.822888 -19.6263
0.014532 56.7525 -91.0407 55.8946 -111.053 -0.857941 -20.0121
0.0148712 56.5521 -91.065 55.6578 -111.468 -0.894329 -20.4027
0.0152183 56.3516 -91.0899 55.4195 -111.888 -0.932091 -20.7977
0.0155734 56.1512 -91.1153 55.1799 -112.312 -0.971264 -21.1971
0.0159369 55.9507 -91.1413 54.9388 -112.742 -1.01189 -21.6007
0.0163089 55.7503 -91.168 54.6963 -113.176 -1.054 -22.0084
0.0166896 55.5498 -91.1952 54.4522 -113.615 -1.09763 -22.4199
0.0170791 55.3494 -91.2231 54.2065 -114.058 -1.14283 -22.8352
0.0174777 55.1489 -91.2516 53.9593 -114.506 -1.18964 -23.2539
0.0178857 54.9484 -91.2809 53.7103 -114.957 -1.23807 -23.6759
0.0183031 54.748 -91.3107 53.4598 -115.412 -1.28819 -24.101
0.0187303 54.5475 -91.3413 53.2075 -115.87 -1.34001 -24.5289
0.0191675 54.347 -91.3726 52.9534 -116.332 -1.39358 -24.9593
0.0196149 54.1465 -91.4047 52.6976 -116.797 -1.44893 -25.392
0.0200727 53.946 -91.4374 52.4399 -117.264 -1.50609 -25.8267
0.0205412 53.7455 -91.471 52.1805 -117.734 -1.56509 -26.2631
0.0210206 53.5451 -91.5053 51.9191 -118.206 -1.62597 -26.7009
0.0215112 53.3446 -91.5404 51.6558 -118.68 -1.68875 -27.1397
0.0220133 53.1441 -91.5764 51.3906 -119.156 -1.75347 -27.5792
0.0225271 52.9436 -91.6132 51.1234 -119.632 -1.82013 -28.0192
0.0230529 52.743 -91.6508 50.8543 -120.11 -1.88878 -28.4591
0.023591 52.5425 -91.6893 50.5831 -120.588 -1.95944 -28.8986
0.0241416 52.342 -91.7287 50.3099 -121.066 -2.03211 -29.3374
0.024705 52.1415 -91.7691 50.0346 -121.544 -2.10683 -29.775
0.0252817 51.9409 -91.8104 49.7573 -122.021 -2.18361 -30.2111
0.0258717 51.7404 -91.8526 49.4779 -122.498 -2.26245 -30.6451
0.0264756 51.5399 -91.8958 49.1965 -122.973 -2.34338 -31.0768
0.0270935 51.3393 -91.94 48.9129 -123.446 -2.42639 -31.5056
0.0277259 51.1387 -91.9853 48.6272 -123.916 -2.51151 -31.9311
0.028373 50.9382 -92.0316 48.3395 -124.384 -2.59872 -32.3528
0.0290353 50.7376 -92.079 48.0496 -124.849 -2.68803 -32.7704
0.029713 50.537 -92.1275 47.7576 -125.311 -2.77944 -33.1833
0.0304065 50.3364 -92.1772 47.4635 -125.768 -2.87294 -33.591
0.0311162 50.1358 -92.2279 47.1673 -126.221 -2.96853 -33.9932
0.0318424 49.9352 -92.2799 46.869 -126.669 -3.06619 -34.3893
0.0325856 49.7346 -92.3331 46.5687 -127.112 -3.16591 -34.7788
0.0333462 49.5339 -92.3875 46.2663 -127.549 -3.26768 -35.1614
0.0341245 49.3333 -92.4432 45.9618 -127.98 -3.37147 -35.5365
0.034921 49.1327 -92.5002 45.6554 -128.404 -3.47726 -35.9036
0.035736 48.932 -92.5585 45.347 -128.821 -3.58503 -36.2623
0.0365701 48.7313 -92.6182 45.0366 -129.23 -3.69474 -36.6122
0.0374237 48.5306 -92.6793 44.7242 -129.632 -3.80638 -36.9527
0.0382971 48.3299 -92.7417 44.41 -130.025 -3.91989 -37.2834
0.039191 48.1292 -92.8057 44.0939 -130.41 -4.03526 -37.604
0.0401057 47.9285 -92.8711 43.776 -130.785 -4.15243 -37.9138
0.0410418 47.7277 -92.9381 43.4563 -131.151 -4.27137 -38.2125
0.0419997 47.5269 -93.0066 43.1349 -131.506 -4.39204 -38.4998
0.04298 47.3262 -93.0767 42.8118 -131.852 -4.51438 -38.7751
0.0439832 47.1254 -93.1484 42.487 -132.186 -4.63835 -39.038
0.0450098 46.9245 -93.2218 42.1606 -132.51 -4.7639 -39.2882
0.0460603 46.7237 -93.2969 41.8327 -132.822 -4.89098 -39.5253
0.0471353 46.5228 -93.3738 41.5033 -133.123 -5.01953 -39.7489
0.0482355 46.3219 -93.4524 41.1725 -133.411 -5.14949 -39.9587
0.0493613 46.121 -93.5329 40.8402 -133.687 -5.2808 -40.1542
0.0505134 45.9201 -93.6153 40.5067 -133.95 -5.41341 -40.3352
0.0516924 45.7191 -93.6995 40.1719 -134.201 -5.54725 -40.5014
0.0528989 45.5182 -93.7857 39.8359 -134.438 -5.68227 -40.6523
0.0541336 45.3172 -93.874 39.4988 -134.662 -5.81838 -40.7878
0.0553971 45.1161 -93.9642 39.1606 -134.872 -5.95554 -40.9075
0.0566901 44.9151 -94.0566 38.8214 -135.068 -6.09366 -41.0112
0.0580132 44.714 -94.1511 38.4813 -135.25 -6.23269 -41.0986
0.0593673 44.5128 -94.2478 38.1403 -135.417 -6.37254 -41.1694
0.0607529 44.3117 -94.3468 37.7985 -135.57 -6.51316 -41.2235
0.0621709 44.1105 -94.448 37.456 -135.709 -6.65447 -41.2605
0.063622 43.9092 -94.5516 37.1128 -135.832 -6.79639 -41.2804
0.0651069 43.7079 -94.6576 36.7691 -135.94 -6.93886 -41.2828
0.0666265 43.5066 -94.7661 36.4248 -136.034 -7.08179 -41.2676
0.0681816 43.3052 -94.877 36.0801 -136.112 -7.22511 -41.2347
0.069773 43.1038 -94.9906 35.7351 -136.174 -7.36875 -41.1839
0.0714015 42.9024 -95.1067 35.3898 -136.222 -7.51263 -41.1151
0.073068 42.7009 -95.2256 35.0442 -136.254 -7.65667 -41.028
0.0747735 42.4993 -95.3472 34.6985 -136.27 -7.8008 -40.9227
0.0765187 42.2977 -95.4716 34.3528 -136.271 -7.94494 -40.7989
0.0783047 42.096 -95.5989 34.007 -136.256 -8.08901 -40.6567
0.0801323 41.8943 -95.7291 33.6614 -136.225 -8.23293 -40.496
0.0820026 41.6925 -95.8624 33.3159 -136.179 -8.37662 -40.3166
0.0839166 41.4907 -95.9987 32.9707 -136.117 -8.52 -40.1185
0.0858752 41.2887 -96.1381 32.6257 -136.04 -8.663 -39.9018
0.0878795 41.0867 -96.2808 32.2812 -135.947 -8.80553 -39.6663
0.0899307 40.8847 -96.4268 31.9371 -135.839 -8.94752 -39.4121
0.0920297 40.6825 -96.5761 31.5936 -135.715 -9.08889 -39.1391
0.0941777 40.4803 -96.7289 31.2507 -135.576 -9.22955 -38.8475
0.0963758 40.278 -96.8851 30.9085 -135.422 -9.36943 -38.5371
0.0986252 40.0756 -97.045 30.5671 -135.253 -9.50845 -38.2082
0.100927 39.8731 -97.2086 30.2265 -135.069 -9.64653 -37.8606
0.103283 39.6705 -97.3758 29.8869 -134.87 -9.78358 -37.4946
0.105693 39.4678 -97.547 29.5482 -134.657 -9.91954 -37.1101
0.10816 39.265 -97.722 29.2106 -134.429 -10.0543 -36.7074
0.110685 39.062 -97.9011 28.8742 -134.187 -10.1878 -36.2864
0.113268 38.859 -98.0843 28.5389 -133.932 -10.32 -35.8473
0.115912 38.6558 -98.2716 28.205 -133.662 -10.4508 -35.3903
0.118617 38.4525 -98.4632 27.8724 -133.379 -10.5801 -34.9156
0.121386 38.2491 -98.6592 27.5412 -133.082 -10.7079 -34.4232
0.124219 38.0455 -98.8597 27.2116 -132.773 -10.834 -33.9134
0.127118 37.8418 -99.0647 26.8834 -132.451 -10.9584 -33.3863
0.130085 37.638 -99.2744 26.557 -132.117 -11.081 -32.8423
0.133122 37.4339 -99.4888 26.2322 -131.77 -11.2018 -32.2814
0.136229 37.2297 -99.7082 25.9091 -131.412 -11.3206 -31.7039
0.139408 37.0254 -99.9324 25.5879 -131.043 -11.4375 -31.1102
0.142662 36.8208 -100.162 25.2685 -130.662 -11.5523 -30.5004
0.145992 36.6161 -100.396 24.9511 -130.271 -11.6649 -29.8748
0.149399 36.4111 -100.636 24.6357 -129.87 -11.7754 -29.2336
0.152886 36.2059 -100.881 24.3223 -129.459 -11.8836 -28.5773
0.156455 36.0006 -101.132 24.011 -129.038 -11.9895 -27.9061
0.160106 35.7949 -101.388 23.7019 -128.609 -12.0931 -27.2203
0.163843 35.5891 -101.65 23.395 -128.171 -12.1941 -26.5202
0.167668 35.383 -101.918 23.0903 -127.725 -12.2927 -25.8063
0.171581 35.1766 -102.192 22.7879 -127.271 -12.3888 -25.0787
0.175586 34.97 -102.472 22.4878 -126.81 -12.4822 -24.3379
0.179684 34.7631 -102.758 22.1901 -126.343 -12.573 -23.5843
0.183878 34.5558 -103.051 21.8948 -125.869 -12.6611 -22.8182
0.188169 34.3483 -103.35 21.6019 -125.39 -12.7464 -22.04
0.192561 34.1404 -103.656 21.3115 -124.906 -12.829 -21.25
0.197056 33.9322 -103.968 21.0236 -124.417 -12.9087 -20.4487
0.201655 33.7237 -104.287 20.7382 -123.924 -12.9855 -19.6365
0.206362 33.5148 -104.613 20.4554 -123.427 -13.0594 -18.8137
0.211178 33.3054 -104.947 20.1751 -122.927 -13.1303 -17.9808
0.216107 33.0957 -105.287 19.8974 -122.425 -13.1983 -17.1381
0.221151 32.8856 -105.635 19.6224 -121.921 -13.2632 -16.2861
0.226313 32.675 -105.99 19.3499 -121.415 -13.3251 -15.4251
0.231595 32.464 -106.353 19.0801 -120.909 -13.3839 -14.5556
0.237001 32.2525 -106.724 18.8129 -120.402 -13.4396 -13.678
0.242532 32.0404 -107.103 18.5483 -119.895 -13.4921 -12.7927
0.248193 31.8279 -107.489 18.2864 -119.389 -13.5415 -11.9001
0.253986 31.6148 -107.884 18.0271 -118.885 -13.5877 -11.0006
0.259914 31.4012 -108.287 17.7705 -118.382 -13.6307 -10.0945
0.26598 31.187 -108.699 17.5165 -117.881 -13.6705 -9.18246
0.272188 30.9721 -109.119 17.2651 -117.384 -13.7071 -8.26469
0.278541 30.7567 -109.548 17.0163 -116.89 -13.7404 -7.34166
0.285043 30.5405 -109.986 16.7702 -116.4 -13.7704 -6.41375
0.291696 30.3237 -110.433 16.5266 -115.914 -13.7971 -5.48137
0.298504 30.1062 -110.888 16.2856 -115.433 -13.8206 -4.54491
0.305471 29.8879 -111.353 16.0472 -114.958 -13.8408 -3.60478
0.312601 29.6688 -111.828 15.8112 -114.489 -13.8576 -2.66137
0.319897 29.449 -112.312 15.5779 -114.027 -13.8711 -1.71508
0.327363 29.2283 -112.805 15.347 -113.572 -13.8813 -0.766288
0.335004 29.0067 -113.308 15.1185 -113.124 -13.8882 0.184603
0.342823 28.7842 -113.822 14.8925 -112.684 -13.8917 1.13721
0.350825 28.5608 -114.344 14.6689 -112.253 -13.8919 2.09113
0.359013 28.3364 -114.878 14.4476 -111.832 -13.8888 3.04599
0.367392 28.111 -115.421 14.2287 -111.419 -13.8823 4.00139
0.375967 27.8846 -115.974 14.0121 -111.017 -13.8725 4.95695
0.384743 27.6571 -116.538 13.7978 -110.626 -13.8593 5.91227
0.393723 27.4284 -117.112 13.5856 -110.245 -13.8428 6.86696
0.402912 27.1986 -117.697 13.3757 -109.876 -13.823 7.82065
0.412316 26.9676 -118.292 13.1678 -109.519 -13.7998 8.77293
0.42194 26.7354 -118.898 12.9621 -109.175 -13.7733 9.72341
0.431788 26.5018 -119.515 12.7583 -108.843 -13.7435 10.6717
0.441866 26.2669 -120.143 12.5566 -108.525 -13.7103 11.6174
0.452179 26.0307 -120.781 12.3568 -108.221 -13.6739 12.5602
0.462733 25.793 -121.43 12.1589 -107.931 -13.6342 13.4995
0.473533 25.5539 -122.091 11.9627 -107.655 -13.5912 14.4351
0.484586 25.3133 -122.762 11.7684 -107.395 -13.5449 15.3666
0.495896 25.0711 -123.444 11.5757 -107.15 -13.4953 16.2934
0.507471 24.8273 -124.137 11.3847 -106.921 -13.4425 17.2153
0.519315 24.5818 -124.841 11.1953 -106.709 -13.3865 18.1319
0.531436 24.3347 -125.556 11.0073 -106.513 -13.3273 19.0427
0.54384 24.0858 -126.282 10.8208 -106.334 -13.265 19.9473
0.556533 23.8351 -127.018 10.6357 -106.173 -13.1994 20.8454
0.569523 23.5826 -127.766 10.4518 -106.029 -13.1307 21.7365
0.582815 23.3282 -128.524 10.2692 -105.904 -13.059 22.6203
0.596418 23.0718 -129.293 10.0877 -105.797 -12.9841 23.4963
0.610339 22.8135 -130.073 9.90728 -105.709 -12.9062 24.3643
0.624584 22.5531 -130.863 9.72784 -105.639 -12.8252 25.2237
0.639162 22.2906 -131.664 9.54931 -105.59 -12.7413 26.0742
0.654081 22.026 -132.475 9.37159 -105.559 -12.6544 26.9154
0.669347 21.7593 -133.296 9.19462 -105.549 -12.5647 27.747
0.68497 21.4903 -134.127 9.0183 -105.559 -12.472 28.5686
0.700957 21.219 -134.968 8.84254 -105.589 -12.3765 29.3798
0.717317 20.9455 -135.819 8.66727 -105.639 -12.2782 30.1802
0.73406 20.6696 -136.68 8.49238 -105.71 -12.1772 30.9696
0.751193 20.3913 -137.55 8.31781 -105.802 -12.0735 31.7476
0.768726 20.1105 -138.429 8.14345 -105.915 -11.9671 32.5138
0.786668 19.8273 -139.317 7.96922 -106.049 -11.8581 33.2679
0.805029 19.5416 -140.214 7.79502 -106.205 -11.7465 34.0097
0.823819 19.2533 -141.12 7.62078 -106.381 -11.6325 34.7388
0.843047 18.9624 -142.034 7.4464 -106.579 -11.516 35.4548
0.862724 18.6689 -142.956 7.27178 -106.799 -11.3971 36.1576
0.88286 18.3728 -143.886 7.09685 -107.04 -11.2759 36.8469
0.903466 18.0739 -144.824 6.92152 -107.302 -11.1524 37.5224
0.924553 17.7724 -145.77 6.74569 -107.586 -11.0267 38.1838
0.946132 17.4681 -146.722 6.56928 -107.891 -10.8988 38.8309
0.968215 17.161 -147.682 6.39221 -108.218 -10.7688 39.4635
0.990814 16.8511 -148.648 6.21439 -108.567 -10.6367 40.0814
1.01394 16.5385 -149.621 6.03574 -108.936 -10.5027 40.6843
1.03761 16.223 -150.599 5.85617 -109.327 -10.3668 41.2721
1.06182 15.9046 -151.584 5.6756 -109.74 -10.229 41.8445
1.08661 15.5834 -152.574 5.49396 -110.173 -10.0894 42.4015
1.11197 15.2592 -153.57 5.31116 -110.627 -9.94808 42.9428
1.13792 14.9322 -154.571 5.12712 -111.103 -9.80509 43.4683
1.16448 14.6023 -155.577 4.94178 -111.599 -9.66049 43.9779
1.19166 14.2694 -156.587 4.75505 -112.116 -9.51436 44.4714
1.21947 13.9336 -157.602 4.56687 -112.653 -9.36674 44.9487
1.24794 13.5949 -158.621 4.37716 -113.211 -9.21772 45.4097
1.27706 13.2532 -159.644 4.18584 -113.79 -9.06734 45.8544
1.30687 12.9085 -160.67 3.99286 -114.388 -8.91568 46.2826
1.33737 12.5609 -161.7 3.79814 -115.006 -8.76279 46.6942
1.36859 12.2104 -162.733 3.60161 -115.644 -8.60875 47.0892
1.40053 11.8568 -163.769 3.40321 -116.302 -8.45362 47.4675
1.43322 11.5003 -164.808 3.20287 -116.979 -8.29745 47.8291
1.46667 11.1409 -165.85 3.00054 -117.676 -8.14032 48.1739
1.5009 10.7784 -166.893 2.79614 -118.391 -7.98228 48.5019
1.53593 10.413 -167.939 2.58961 -119.126 -7.8234 48.813
1.57178 10.0446 -168.987 2.3809 -119.88 -7.66373 49.1073
1.60847 9.67329 -170.036 2.16994 -120.652 -7.50335 49.3847
1.64601 9.29897 -171.087 1.95666 -121.442 -7.34231 49.6453
1.68443 8.92169 -172.14 1.74102 -122.251 -7.18068 49.8889
1.72374 8.54145 -173.194 1.52294 -123.078 -7.01851 50.1157
1.76398 8.15824 -174.248 1.30238 -123.923 -6.85586 50.3257
1.80515 7.77207 -175.304 1.07926 -124.785 -6.69281 50.5188
1.84728 7.38294 -176.36 0.853539 -125.665 -6.5294 50.6951
1.8904 6.99085 -177.417 0.625148 -126.562 -6.3657 50.8546
1.93452 6.59579 -178.474 0.39403 -127.477 -6.20176 50.9973
1.97967 6.19778 -179.532 0.160125 -128.408 -6.03766 51.1234
2.02588 5.79681 -180.589 -0.0766257 -129.356 -5.87344 51.2328
2.07316 5.39288 -181.647 -0.316281 -130.321 -5.70916 51.3256
2.12155 4.98599 -182.704 -0.558901 -131.302 -5.54489 51.4018
2.17107 4.57614 -183.761 -0.804544 -132.299 -5.38069 51.4616
2.22174 4.16333 -184.817 -1.05327 -133.312 -5.2166 51.505
2.2736 3.74756 -185.872 -1.30514 -134.34 -5.0527 51.5321
2.32666 3.32883 -186.927 -1.56021 -135.384 -4.88904 51.5429
2.38097 2.90713 -187.981 -1.81855 -136.443 -4.72567 51.5375
2.43654 2.48246 -189.033 -2.0802 -137.517 -4.56267 51.5161
2.49341 2.05483 -190.084 -2.34524 -138.605 -4.40008 51.4788
2.55161 1.62424 -191.133 -2.61372 -139.708 -4.23796 51.4255
2.61116 1.19067 -192.181 -2.8857 -140.824 -4.07637 51.3566
2.67211 0.754139 -193.226 -3.16123 -141.954 -3.91537 51.272
2.73447 0.314636 -194.27 -3.44038 -143.098 -3.75502 51.1719
2.7983 -0.127837 -195.311 -3.72321 -144.254 -3.59537 51.0565
2.86361 -0.573278 -196.349 -4.00976 -145.423 -3.43649 50.9259
2.93045 -1.02169 -197.385 -4.30011 -146.605 -3.27842 50.7802
2.99884 -1.47306 -198.418 -4.59429 -147.798 -3.12123 50.6197
3.06884 -1.9274 -199.447 -4.89238 -149.003 -2.96498 50.4444
3.14047 -2.3847 -200.473 -5.19441 -150.219 -2.80971 50.2545
3.21376 -2.84495 -201.496 -5.50044 -151.445 -2.65549 50.0503
3.28877 -3.30815 -202.514 -5.81053 -152.682 -2.50238 49.8319
3.36553 -3.77429 -203.528 -6.12471 -153.929 -2.35042 49.5996
3.44409 -4.24336 -204.538 -6.44304 -155.185 -2.19968 49.3535
3.52447 -4.71536 -205.544 -6.76556 -156.45 -2.0502 49.0939
3.60673 -5.19027 -206.544 -7.09232 -157.723 -1.90205 48.821
3.69092 -5.66808 -207.539 -7.42336 -159.004 -1.75527 48.5351
3.77706 -6.14878 -208.529 -7.7587 -160.292 -1.60992 48.2364
3.86522 -6.63235 -209.513 -8.0984 -161.588 -1.46605 47.9252
3.95544 -7.11877 -210.491 -8.44248 -162.889 -1.32371 47.6017
4.04776 -7.60802 -211.463 -8.79097 -164.197 -1.18295 47.2663
4.14223 -8.10009 -212.428 -9.1439 -165.509 -1.04382 46.9192
4.23891 -8.59494 -213.387 -9.5013 -166.826 -0.906359 46.5608
4.33785 -9.09256 -214.339 -9.86319 -168.148 -0.770624 46.1913
4.4391 -9.59293 -215.283 -10.2296 -169.472 -0.636655 45.8112
4.54271 -10.096 -216.22 -10.6005 -170.8 -0.504496 45.4207
4.64873 -10.6018 -217.15 -10.9759 -172.129 -0.374188 45.0202
4.75724 -11.1102 -218.071 -11.3559 -173.461 -0.245771 44.61
4.86827 -11.6212 -218.984 -11.7405 -174.793 -0.119283 44.1906
4.9819 -12.1348 -219.889 -12.1296 -176.127 0.00524075 43.7623
5.09818 -12.651 -220.785 -12.5232 -177.459 0.127765 43.3255
5.21717 -13.1696 -221.672 -12.9214 -178.792 0.248258 42.8805
5.33894 -13.6908 -222.55 -13.3241 -180.122 0.366691 42.4279
5.46355 -14.2143 -223.419 -13.7313 -181.451 0.483035 41.9679
5.59107 -14.7403 -224.279 -14.143 -182.778 0.597265 41.501
5.72157 -15.2686 -225.128 -14.5592 -184.101 0.709359 41.0277
5.85511 -15.7992 -225.968 -14.9799 -185.42 0.819297 40.5483
5.99177 -16.3321 -226.799 -15.405 -186.735 0.92706 40.0633
6.13162 -16.8672 -227.619 -15.8346 -188.046 1.03263 39.573
6.27473 -17.4045 -228.428 -16.2685 -189.35 1.136 39.078
6.42119 -17.9438 -229.228 -16.7067 -190.649 1.23716 38.5787
6.57106 -18.4853 -230.017 -17.1492 -191.941 1.3361 38.0755
6.72443 -19.0288 -230.795 -17.596 -193.227 1.43281 37.5687
6.88138 -19.5743 -231.563 -18.047 -194.504 1.5273 37.059
7.04199 -20.1217 -232.32 -18.5021 -195.774 1.61956 36.5466
7.20635 -20.671 -233.067 -18.9614 -197.035 1.7096 36.032
7.37455 -21.2221 -233.802 -19.4247 -198.286 1.79742 35.5157
7.54667 -21.775 -234.527 -19.892 -199.529 1.88303 34.9979
7.72281 -22.3297 -235.24 -20.3632 -200.761 1.96644 34.4793
7.90307 -22.886 -235.943 -20.8383 -201.983 2.04767 33.96
8.08752 -23.444 -236.635 -21.3173 -203.194 2.12673 33.4406
8.27629 -24.0036 -237.316 -21.8 -204.394 2.20363 32.9214
8.46946 -24.5647 -237.986 -22.2863 -205.583 2.2784 32.4028
8.66714 -25.1274 -238.644 -22.7763 -206.759 2.35106 31.8852
8.86943 -25.6915 -239.292 -23.2698 -207.924 2.42163 31.3689
9.07645 -26.257 -239.93 -23.7668 -209.075 2.49014 30.8542
9.28829 -26.8239 -240.556 -24.2673 -210.214 2.55662 30.3415
9.50508 -27.3921 -241.171 -24.771 -211.34 2.62109 29.8311
9.72693 -27.9616 -241.776 -25.278 -212.453 2.68359 29.3233
9.95396 -28.5323 -242.37 -25.7882 -213.552 2.74414 28.8184
10.1863 -29.1042 -242.954 -26.3014 -214.637 2.80278 28.3167
10.424 -29.6773 -243.527 -26.8178 -215.709 2.85955 27.8185
10.6673 -30.2515 -244.09 -27.337 -216.766 2.91449 27.324
10.9163 -30.8268 -244.642 -27.8592 -217.809 2.96761 26.8334
11.1711 -31.4031 -245.184 -28.3842 -218.837 3.01898 26.347
11.4318 -31.9805 -245.716 -28.9119 -219.851 3.06861 25.865
11.6987 -32.5588 -246.238 -29.4422 -220.85 3.11656 25.3876
11.9717 -33.138 -246.75 -29.9752 -221.835 3.16285 24.9149
12.2511 -33.7181 -247.252 -30.5106 -222.804 3.20754 24.4472
12.5371 -34.2991 -247.744 -31.0485 -223.759 3.25066 23.9847
12.8297 -34.881 -248.227 -31.5887 -224.699 3.29224 23.5274
13.1291 -35.4636 -248.7 -32.1313 -225.625 3.33233 23.0755
13.4356 -36.047 -249.164 -32.676 -226.535 3.37098 22.6292
13.7492 -36.6312 -249.619 -33.2229 -227.431 3.40821 22.1884
14.0701 -37.216 -250.065 -33.7719 -228.311 3.44407 21.7535
14.3985 -37.8016 -250.501 -34.323 -229.177 3.4786 21.3243
14.7345 -38.3878 -250.929 -34.8759 -230.028 3.51183 20.9011
15.0785 -38.9746 -251.349 -35.4308 -230.865 3.54382 20.4838
15.4304 -39.5621 -251.759 -35.9875 -231.687 3.57458 20.0726
15.7905 -40.1501 -252.161 -36.5459 -232.494 3.60417 19.6674
16.1591 -40.7387 -252.555 -37.1061 -233.287 3.63262 19.2684
16.5362 -41.3278 -252.941 -37.6679 -234.066 3.65996 18.8756
16.9222 -41.9175 -253.319 -38.2312 -234.83 3.68624 18.4889
17.3172 -42.5076 -253.689 -38.7961 -235.58 3.71148 18.1084
17.7214 -43.0982 -254.051 -39.3625 -236.317 3.73573 17.7341
18.135 -43.6893 -254.405 -39.9303 -237.039 3.75901 17.3659
18.5583 -44.2808 -254.752 -40.4995 -237.748 3.78137 17.004
18.9914 -44.8728 -255.092 -41.0699 -238.444 3.80282 16.6482
19.4347 -45.4651 -255.424 -41.6417 -239.126 3.82341 16.2986
19.8883 -46.0578 -255.75 -42.2146 -239.795 3.84316 15.9551
20.3525 -46.6509 -256.068 -42.7888 -240.45 3.86211 15.6177
20.8275 -47.2443 -256.38 -43.3641 -241.093 3.88029 15.2863
21.3136 -47.8381 -256.684 -43.9404 -241.723 3.89771 14.961
21.8111 -48.4322 -256.983 -44.5178 -242.341 3.91442 14.6416
22.3202 -49.0266 -257.275 -45.0962 -242.946 3.93044 14.3282
22.8411 -49.6214 -257.56 -45.6756 -243.54 3.94579 14.0206
23.3742 -50.2163 -257.839 -46.2558 -244.121 3.9605 13.7188
23.9198 -50.8116 -258.113 -46.837 -244.69 3.97459 13.4227
24.4781 -51.4071 -258.38 -47.419 -245.247 3.9881 13.1324
25.0494 -52.0029 -258.641 -48.0019 -245.794 4.00103 12.8476
25.6341 -52.5989 -258.897 -48.5855 -246.328 4.01342 12.5685
26.2324 -53.1952 -259.147 -49.1699 -246.852 4.02528 12.2948
26.8446 -53.7917 -259.392 -49.755 -247.365 4.03664 12.0265
27.4712 -54.3883 -259.631 -50.3408 -247.867 4.04751 11.7636
28.1124 -54.9852 -259.865 -50.9273 -248.359 4.05792 11.5059
28.7685 -55.5823 -260.093 -51.5144 -248.84 4.06789 11.2534
29.44 -56.1795 -260.317 -52.1021 -249.311 4.07743 11.0061
30.1271 -56.7769 -260.536 -52.6904 -249.772 4.08655 10.7637
30.8303 -57.3745 -260.75 -53.2793 -250.223 4.09529 10.5264
31.5499 -57.9723 -260.959 -53.8687 -250.665 4.10364 10.2939
32.2863 -58.5702 -261.163 -54.4586 -251.097 4.11164 10.0663
33.0399 -59.1683 -261.363 -55.049 -251.52 4.11929 9.84335
33.811 -59.7664 -261.559 -55.6398 -251.934 4.1266 9.62508
34.6002 -60.3648 -261.75 -56.2312 -252.339 4.1336 9.41138
35.4077 -60.9632 -261.937 -56.8229 -252.735 4.14029 9.20218
36.2342 -61.5618 -262.12 -57.4151 -253.122 4.1467 8.99739
37.0799 -62.1605 -262.298 -58.0077 -253.501 4.15282 8.79694
37.9453 -62.7593 -262.473 -58.6006 -253.872 4.15867 8.60075
38.831 -63.3582 -262.643 -59.194 -254.235 4.16427 8.40874
39.7373 -63.9572 -262.81 -59.7876 -254.59 4.16962 8.22085
40.6648 -64.5564 -262.973 -60.3816 -254.936 4.17474 8.03698
41.6139 -65.1556 -263.133 -60.9759 -255.276 4.17963 7.85707
42.5852 -65.7549 -263.289 -61.5705 -255.608 4.18431 7.68104
43.5791 -66.3542 -263.441 -62.1655 -255.932 4.18878 7.50881
44.5963 -66.9537 -263.59 -62.7606 -256.25 4.19305 7.34032
45.6372 -67.5532 -263.736 -63.3561 -256.56 4.19714 7.17549
46.7023 -68.1529 -263.878 -63.9518 -256.864 4.20104 7.01425
47.7924 -68.7525 -264.017 -64.5478 -257.161 4.20477 6.85653
48.9079 -69.3523 -264.153 -65.144 -257.451 4.20834 6.70225
50.0494 -69.9521 -264.286 -65.7404 -257.735 4.21174 6.55136
51.2176 -70.552 -264.416 -66.337 -258.012 4.215 6.40377
52.413 -71.1519 -264.543 -66.9338 -258.283 4.21811 6.25944
53.6363 -71.7519 -264.667 -67.5308 -258.549 4.22109 6.11827
54.8882 -72.352 -264.788 -68.1281 -258.808 4.22393 5.98023
56.1693 -72.9521 -264.907 -68.7254 -259.061 4.22665 5.84523
57.4803 -73.5522 -265.023 -69.323 -259.309 4.22924 5.71322
58.8219 -74.1524 -265.136 -69.9207 -259.552 4.23172 5.58413
60.1948 -74.7527 -265.246 -70.5186 -259.789 4.23409 5.45791
61.5998 -75.353 -265.355 -71.1166 -260.02 4.23635 5.33449
63.0375 -75.9533 -265.46 -71.7148 -260.247 4.23851 5.21382
64.5088 -76.5537 -265.564 -72.3131 -260.468 4.24058 5.09583
66.0145 -77.1541 -265.665 -72.9115 -260.684 4.24255 4.98047
67.5553 -77.7545 -265.763 -73.5101 -260.896 4.24444 4.86768
69.132 -78.355 -265.86 -74.1087 -261.102 4.24624 4.75742
70.7456 -78.9555 -265.954 -74.7075 -261.304 4.24796 4.64961
72.3968 -79.556 -266.046 -75.3064 -261.502 4.2496 4.54422
74.0866 -80.1566 -266.136 -75.9054 -261.695 4.25117 4.44119
75.8158 -80.7572 -266.224 -76.5045 -261.884 4.25267 4.34047
77.5853 -81.3578 -266.31 -77.1037 -262.068 4.25411 4.24201
79.3962 -81.9585 -266.394 -77.703 -262.248 4.25548 4.14576
81.2493 -82.5591 -266.476 -78.3024 -262.425 4.25678 4.05167
83.1457 -83.1598 -266.557 -78.9018 -262.597 4.25803 3.95969
85.0863 -83.7606 -266.635 -79.5013 -262.765 4.25922 3.86979
87.0722 -84.3613 -266.712 -80.101 -262.93 4.26036 3.78191
89.1045 -84.9621 -266.787 -80.7006 -263.091 4.26145 3.696
91.1843 -85.5629 -266.86 -81.3004 -263.248 4.26249 3.61204
93.3125 -86.1637 -266.931 -81.9002 -263.401 4.26348 3.52996
95.4904 -86.7645 -267.001 -82.5001 -263.552 4.26443 3.44974
97.7192 -87.3653 -267.07 -83.1 -263.698 4.26534 3.37133
100 -87.9662 -267.136 -83.7 -263.842 4.2662 3.29468
