x m05 f05 m025 f025 m01 f01
0.01 0.000325701 0.286462 0.000407129 0.4297 0.00042993 0.515643
0.0102334 0.000341081 0.293147 0.000426355 0.439728 0.000450232 0.527677
0.0104723 0.000357187 0.299989 0.000446489 0.44999 0.000471493 0.539992
0.0107167 0.000374054 0.30699 0.000467573 0.460492 0.000493758 0.552595
0.0109668 0.000391718 0.314154 0.000489653 0.471239 0.000517075 0.565491
0.0112228 0.000410215 0.321485 0.000512775 0.482237 0.000541492 0.578689
0.0114847 0.000429586 0.328988 0.000536989 0.493491 0.000567063 0.592194
0.0117528 0.000449872 0.336665 0.000562347 0.505008 0.00059384 0.606015
0.0120271 0.000471115 0.344521 0.000588902 0.516793 0.000621883 0.620158
0.0123078 0.000493361 0.352561 0.000616711 0.528854 0.000651249 0.634631
0.0125951 0.000516658 0.360789 0.000645832 0.541195 0.000682002 0.649442
0.012889 0.000541055 0.369208 0.000676329 0.553825 0.000714207 0.664598
0.0131899 0.000566604 0.377824 0.000708266 0.56675 0.000747932 0.680108
0.0134977 0.000593358 0.38664 0.000741711 0.579976 0.00078325 0.695979
0.0138128 0.000621377 0.395662 0.000776735 0.59351 0.000820236 0.712221
0.0141352 0.000650718 0.404895 0.000813412 0.60736 0.000858968 0.728842
0.0144651 0.000681444 0.414343 0.000851822 0.621534 0.000899528 0.745851
0.0148027 0.000713621 0.424012 0.000892044 0.636038 0.000942004 0.763257
0.0151482 0.000747317 0.433906 0.000934166 0.65088 0.000986485 0.781068
0.0155018 0.000782604 0.44403 0.000978277 0.666069 0.00103307 0.799295
0.0158636 0.000819556 0.454391 0.00102447 0.681611 0.00108185 0.817948
0.0162338 0.000858254 0.464993 0.00107284 0.697517 0.00113293 0.837035
0.0166127 0.000898778 0.475843 0.0011235 0.713793 0.00118643 0.856568
0.0170005 0.000941215 0.486945 0.00117655 0.730449 0.00124245 0.876556
0.0173973 0.000985656 0.498307 0.0012321 0.747493 0.00130111 0.89701
0.0178033 0.00103219 0.509933 0.00129028 0.764935 0.00136255 0.917942
0.0182189 0.00108093 0.521831 0.0013512 0.782784 0.00142688 0.939362
0.0186441 0.00113197 0.534005 0.001415 0.801049 0.00149426 0.961281
0.0190792 0.00118541 0.546464 0.00148181 0.81974 0.00156481 0.983712
0.0195246 0.00124138 0.559213 0.00155178 0.838866 0.0016387 1.00667
0.0199803 0.00129999 0.572259 0.00162505 0.858439 0.00171607 1.03015
0.0204466 0.00136137 0.585609 0.00170177 0.878468 0.00179709 1.05419
0.0209238 0.00142564 0.599271 0.00178212 0.898963 0.00188194 1.07879
0.0214122 0.00149294 0.61325 0.00186626 0.919937 0.0019708 1.10396
0.021912 0.00156343 0.627556 0.00195437 0.9414 0.00206384 1.12972
0.0224234 0.00163724 0.642195 0.00204664 0.963363 0.00216129 1.15607
0.0229468 0.00171453 0.657175 0.00214327 0.985837 0.00226333 1.18305
0.0234823 0.00179547 0.672503 0.00224446 1.00884 0.00237018 1.21065
0.0240304 0.00188023 0.688189 0.00235042 1.03237 0.00248208 1.23889
0.0245913 0.00196899 0.704241 0.00246138 1.05645 0.00259926 1.2678
0.0251653 0.00206194 0.720666 0.00257758 1.0811 0.00272197 1.29737
0.0257526 0.00215928 0.737473 0.00269927 1.10632 0.00285048 1.32764
0.0263537 0.00226121 0.754672 0.00282669 1.13212 0.00298504 1.35861
0.0269688 0.00236795 0.772272 0.00296013 1.15853 0.00312596 1.3903
0.0275983 0.00247972 0.790281 0.00309987 1.18555 0.00327353 1.42274
0.0282424 0.00259677 0.808709 0.0032462 1.21321 0.00342806 1.45592
0.0289016 0.00271933 0.827567 0.00339943 1.2415 0.00358988 1.48989
0.0295762 0.00284769 0.846863 0.0035599 1.27046 0.00375934 1.52464
0.0302665 0.00298209 0.866608 0.00372793 1.30009 0.00393679 1.5602
0.0309729 0.00312284 0.886812 0.0039039 1.3304 0.00412262 1.59659
0.0316958 0.00327022 0.907487 0.00408816 1.36143 0.00431721 1.63383
0.0324356 0.00342456 0.928642 0.00428112 1.39318 0.00452098 1.67193
0.0331927 0.00358617 0.950289 0.00448317 1.42566 0.00473437 1.71092
0.0339674 0.00375541 0.972439 0.00469476 1.4589 0.00495782 1.75082
0.0347602 0.00393262 0.995105 0.00491633 1.49292 0.00519181 1.79165
0.0355715 0.00411819 1.0183 0.00514835 1.52773 0.00543684 1.83343
0.0364017 0.00431251 1.04203 0.00539131 1.56334 0.00569342 1.87618
0.0372514 0.004516 1.06631 0.00564573 1.59979 0.00596211 1.91993
0.0381208 0.00472907 1.09116 0.00591215 1.63708 0.00624346 1.96469
0.0390106 0.00495219 1.11658 0.00619112 1.67524 0.00653809 2.0105
0.0399211 0.00518583 1.14259 0.00648325 1.71429 0.0068466 2.05737
0.0408529 0.00543047 1.16921 0.00678915 1.75424 0.00716966 2.10533
0.0418064 0.00568665 1.19644 0.00710948 1.79512 0.00750795 2.1544
0.0427821 0.0059549 1.22431 0.0074449 1.83696 0.00786219 2.20462
0.0437807 0.00623578 1.25282 0.00779613 1.87976 0.00823312 2.256
0.0448025 0.0065299 1.282 0.00816391 1.92356 0.00862154 2.30858
0.0458482 0.00683787 1.31185 0.00854902 1.96837 0.00902826 2.36238
0.0469183 0.00716034 1.34239 0.00895228 2.01423 0.00945415 2.41743
0.0480134 0.00749801 1.37364 0.00937453 2.06115 0.00990011 2.47376
0.0491341 0.00785157 1.40561 0.00981668 2.10915 0.0103671 2.5314
0.0502809 0.00822178 1.43832 0.0102797 2.15828 0.010856 2.59037
0.0514544 0.00860941 1.47179 0.0107644 2.20853 0.011368 2.65071
0.0526554 0.00901529 1.50603 0.011272 2.25996 0.0119041 2.71246
0.0538844 0.00944027 1.54106 0.0118035 2.31257 0.0124655 2.77563
0.0551421 0.00988524 1.57691 0.0123601 2.36641 0.0130533 2.84027
0.0564291 0.0103511 1.61358 0.0129428 2.42149 0.0136687 2.90641
0.0577462 0.010839 1.65109 0.0135529 2.47785 0.0143132 2.97408
0.059094 0.0113497 1.68948 0.0141918 2.5355 0.0149879 3.04332
0.0604732 0.0118845 1.72874 0.0148607 2.5945 0.0156944 3.11416
0.0618847 0.0124444 1.76892 0.0155611 2.65485 0.0164341 3.18665
0.0633291 0.0130306 1.81001 0.0162944 2.7166 0.0172087 3.26081
0.0648072 0.0136444 1.85205 0.0170622 2.77978 0.0180197 3.33668
0.0663198 0.014287 1.89506 0.0178661 2.84441 0.0188688 3.41431
0.0678677 0.0149597 1.93906 0.0187077 2.91054 0.0197578 3.49373
0.0694518 0.0156641 1.98407 0.019589 2.97819 0.0206886 3.57499
0.0710728 0.0164015 2.03011 0.0205116 3.0474 0.0216631 3.65813
0.0727317 0.0171735 2.0772 0.0214775 3.1182 0.0226834 3.74318
0.0744292 0.0179818 2.12538 0.0224889 3.19063 0.0237517 3.83019
0.0761664 0.0188279 2.17465 0.0235476 3.26473 0.0248701 3.91921
0.0779442 0.0197137 2.22505 0.0246561 3.34053 0.026041 4.01028
0.0797634 0.020641 2.27661 0.0258166 3.41808 0.0272669 4.10345
0.0816251 0.0216117 2.32934 0.0270315 3.4974 0.0285502 4.19876
0.0835302 0.0226279 2.38327 0.0283033 3.57854 0.0298938 4.29626
0.0854798 0.0236916 2.43843 0.0296348 3.66154 0.0313004 4.39601
0.087475 0.0248052 2.49484 0.0310287 3.74643 0.0327728 4.49804
0.0895166 0.0259708 2.55254 0.0324878 3.83327 0.0343143 4.60241
0.091606 0.0271909 2.61154 0.0340153 3.9221 0.035928 4.70918
0.0937441 0.0284679 2.67188 0.0356142 4.01295 0.0376172 4.81839
0.0959321 0.0298047 2.73359 0.0372879 4.10587 0.0393855 4.9301
0.0981712 0.0312038 2.79669 0.0390399 4.20091 0.0412365 5.04437
0.100463 0.0326682 2.86121 0.0408737 4.29811 0.0431741 5.16124
0.102807 0.0342008 2.92718 0.0427933 4.39752 0.0452022 5.28078
0.105207 0.0358049 2.99464 0.0448024 4.49919 0.0473251 5.40305
0.107662 0.0374836 3.06361 0.0469053 4.60315 0.049547 5.5281
0.110175 0.0392405 3.13412 0.0491063 4.70948 0.0518727 5.65599
0.112747 0.0410791 3.20621 0.0514098 4.8182 0.0543068 5.78679
0.115378 0.043003 3.2799 0.0538207 4.92937 0.0568544 5.92055
0.118071 0.0450164 3.35524 0.0563437 5.04305 0.0595207 6.05734
0.120827 0.0471231 3.43225 0.0589842 5.15929 0.0623111 6.19723
0.123647 0.0493275 3.51096 0.0617474 5.27814 0.0652313 6.34028
0.126533 0.0516339 3.59141 0.0646389 5.39964 0.0682873 6.48655
0.129486 0.0540471 3.67363 0.0676647 5.52387 0.0714852 6.63612
0.132509 0.0565719 3.75766 0.0708308 5.65086 0.0748316 6.78904
0.135602 0.0592132 3.84353 0.0741435 5.78069 0.0783333 6.9454
0.138766 0.0619764 3.93128 0.0776097 5.9134 0.0819971 7.10526
0.142005 0.0648669 4.02093 0.0812362 6.04904 0.0858307 7.26869
0.14532 0.0678905 4.11253 0.0850303 6.18769 0.0898416 7.43577
0.148712 0.0710531 4.20611 0.0889995 6.3294 0.0940378 7.60656
0.152183 0.0743609 4.3017 0.0931517 6.47422 0.0984278 7.78115
0.155734 0.0778203 4.39934 0.0974952 6.62222 0.10302 7.9596
0.159369 0.0814382 4.49907 0.102039 6.77345 0.107824 8.142
0.163089 0.0852215 4.60092 0.106791 6.92798 0.112849 8.32842
0.166896 0.0891775 4.70493 0.111761 7.08587 0.118105 8.51893
0.170791 0.0933138 4.81113 0.116959 7.24717 0.123603 8.71362
0.174777 0.0976384 4.91955 0.122395 7.41195 0.129352 8.91257
0.178857 0.102159 5.03024 0.128079 7.58028 0.135365 9.11584
0.183031 0.106885 5.14322 0.134023 7.75221 0.141652 9.32353
0.187303 0.111825 5.25852 0.140237 7.9278 0.148226 9.53572
0.191675 0.116988 5.3762 0.146735 8.10712 0.1551 9.75248
0.196149 0.122384 5.49626 0.153527 8.29022 0.162287 9.97389
0.200727 0.128023 5.61876 0.160627 8.47718 0.1698 10.2
0.205412 0.133914 5.74371 0.168048 8.66804 0.177654 10.431
0.210206 0.140069 5.87116 0.175804 8.86287 0.185863 10.6669
0.215112 0.146499 6.00112 0.183909 9.06174 0.194442 10.9077
0.220133 0.153216 6.13363 0.192379 9.2647 0.203409 11.1536
0.225271 0.16023 6.26871 0.201229 9.4718 0.212778 11.4047
0.230529 0.167556 6.40639 0.210475 9.68311 0.222569 11.6609
0.23591 0.175205 6.5467 0.220133 9.89868 0.232797 11.9225
0.241416 0.18319 6.68965 0.230221 10.1186 0.243482 12.1895
0.24705 0.191526 6.83527 0.240757 10.3428 0.254643 12.4619
0.252817 0.200227 6.98358 0.25176 10.5715 0.266299 12.7398
0.258717 0.209306 7.13458 0.263248 10.8047 0.278472 13.0233
0.264756 0.21878 7.28831 0.275241 11.0423 0.291183 13.3126
0.270935 0.228663 7.44475 0.287761 11.2846 0.304453 13.6075
0.277259 0.238972 7.60393 0.300827 11.5314 0.318306 13.9083
0.28373 0.249722 7.76585 0.314463 11.7829 0.332765 14.215
0.290353 0.260932 7.93051 0.32869 12.0391 0.347854 14.5277
0.29713 0.272618 8.09792 0.343532 12.3 0.363598 14.8463
0.304065 0.284797 8.26805 0.359014 12.5656 0.380023 15.171
0.311162 0.297489 8.44091 0.375158 12.836 0.397157 15.5019
0.318424 0.310712 8.61648 0.391992 13.1112 0.415026 15.8389
0.325856 0.324485 8.79474 0.409541 13.3913 0.433658 16.1822
0.333462 0.338827 8.97567 0.427832 13.6761 0.453083 16.5317
0.341245 0.353759 9.15924 0.446892 13.9658 0.473331 16.8875
0.34921 0.3693 9.34542 0.46675 14.2603 0.494432 17.2497
0.35736 0.385472 9.53416 0.487434 14.5596 0.516418 17.6182
0.365701 0.402295 9.72543 0.508974 14.8638 0.53932 17.9931
0.374237 0.419791 9.91916 0.531401 15.1727 0.563172 18.3745
0.382971 0.437982 10.1153 0.554744 15.4864 0.588008 18.7622
0.39191 0.456888 10.3138 0.579036 15.8049 0.613863 19.1564
0.401057 0.476532 10.5146 0.604308 16.128 0.64077 19.557
0.410418 0.496936 10.7175 0.630593 16.4558 0.668766 19.9639
0.419997 0.518123 10.9226 0.657923 16.7882 0.697888 20.3773
0.4298 0.540114 11.1296 0.686333 17.1251 0.728172 20.797
0.439832 0.562933 11.3386 0.715855 17.4665 0.759656 21.223
0.450098 0.5866 11.5493 0.746524 17.8122 0.792378 21.6553
0.460603 0.611138 11.7618 0.778374 18.1622 0.826378 22.0937
0.471353 0.636569 11.9757 0.81144 18.5164 0.861692 22.5383
0.482355 0.662915 12.1911 0.845756 18.8745 0.898362 22.989
0.493613 0.690196 12.4076 0.881358 19.2366 0.936427 23.4457
0.505134 0.718433 12.6253 0.91828 19.6025 0.975926 23.9082
0.516924 0.747647 12.8439 0.956557 19.972 1.0169 24.3764
0.528989 0.777857 13.0632 0.996223 20.3449 1.05939 24.8503
0.541336 0.809081 13.283 1.03731 20.721 1.10343 25.3297
0.553971 0.841338 13.5032 1.07986 21.1003 1.14906 25.8144
0.566901 0.874644 13.7235 1.1239 21.4824 1.19633 26.3043
0.580132 0.909016 13.9438 1.16946 21.8672 1.24527 26.7992
0.593673 0.944468 14.1636 1.21658 22.2543 1.29592 27.2989
0.607529 0.981014 14.383 1.26528 22.6437 1.34833 27.8033
0.621709 1.01866 14.6015 1.3156 23.035 1.40251 28.312
0.63622 1.05743 14.8189 1.36757 23.4279 1.45853 28.825
0.651069 1.09732 15.0351 1.42121 23.8221 1.5164 29.3418
0.666265 1.13835 15.2495 1.47655 24.2174 1.57616 29.8624
0.681816 1.18051 15.4621 1.53362 24.6135 1.63786 30.3863
0.69773 1.22381 15.6725 1.59243 25.0099 1.70151 30.9134
0.714015 1.26825 15.8805 1.65302 25.4065 1.76716 31.4433
0.73068 1.31384 16.0856 1.7154 25.8028 1.83483 31.9758
0.747735 1.36056 16.2876 1.77959 26.1984 1.90455 32.5105
0.765187 1.40842 16.4862 1.8456 26.5931 1.97634 33.0471
0.783047 1.45739 16.6811 1.91346 26.9864 2.05023 33.5852
0.801323 1.50748 16.8719 1.98316 27.3778 2.12625 34.1245
0.820026 1.55867 17.0584 2.05472 27.7672 2.20441 34.6647
0.839166 1.61095 17.2401 2.12815 28.1539 2.28473 35.2054
0.858752 1.66428 17.4169 2.20344 28.5376 2.36723 35.7462
0.878795 1.71867 17.5883 2.28061 28.9179 2.45192 36.2866
0.899307 1.77407 17.754 2.35964 29.2943 2.53881 36.8264
0.920297 1.83046 17.9138 2.44053 29.6665 2.62791 37.3652
0.941777 1.88782 18.0673 2.52328 30.0339 2.71924 37.9024
0.963758 1.9461 18.2143 2.60787 30.3961 2.81279 38.4378
0.986252 2.00528 18.3543 2.69429 30.7527 2.90856 38.9708
1.00927 2.06531 18.4872 2.78252 31.1032 3.00655 39.5012
1.03283 2.12616 18.6127 2.87254 31.4472 3.10676 40.0284
1.05693 2.18779 18.7305 2.96433 31.7843 3.20919 40.5521
1.0816 2.25014 18.8404 3.05786 32.114 3.31382 41.0718
1.10685 2.31316 18.9421 3.1531 32.4358 3.42064 41.5872
1.13268 2.37682 19.0353 3.25002 32.7494 3.52964 42.0978
1.15912 2.44105 19.12 3.34858 33.0544 3.6408 42.6031
1.18617 2.50581 19.1959 3.44873 33.3502 3.7541 43.1029
1.21386 2.57102 19.2629 3.55045 33.6365 3.86951 43.5966
1.24219 2.63665 19.3207 3.65368 33.9129 3.98703 44.084
1.27118 2.70263 19.3693 3.75838 34.1789 4.10661 44.5645
1.30085 2.76889 19.4085 3.86448 34.4344 4.22823 45.0379
1.33122 2.83538 19.4383 3.97195 34.6787 4.35186 45.5037
1.36229 2.90204 19.4586 4.08072 34.9117 4.47746 45.9615
1.39408 2.96879 19.4694 4.19073 35.133 4.605 46.4111
1.42662 3.03559 19.4705 4.30192 35.3422 4.73444 46.852
1.45992 3.10236 19.4621 4.41423 35.539 4.86574 47.284
1.49399 3.16905 19.4441 4.52759 35.7232 4.99887 47.7066
1.52886 3.23559 19.4166 4.64193 35.8944 5.13377 48.1196
1.56455 3.30191 19.3797 4.75718 36.0525 5.27041 48.5227
1.60106 3.36796 19.3333 4.87328 36.1972 5.40873 48.9155
1.63843 3.43368 19.2777 4.99014 36.3282 5.5487 49.2978
1.67668 3.499 19.213 5.10769 36.4455 5.69026 49.6693
1.71581 3.56387 19.1393 5.22585 36.5487 5.83336 50.0296
1.75586 3.62824 19.0567 5.34455 36.6378 5.97796 50.3787
1.79684 3.69204 18.9655 5.46371 36.7125 6.12399 50.7162
1.83878 3.75522 18.8658 5.58325 36.7729 6.27142 51.0419
1.88169 3.81774 18.7579 5.70308 36.8188 6.42018 51.3555
1.92561 3.87954 18.642 5.82313 36.8501 6.57023 51.6569
1.97056 3.94059 18.5184 5.94331 36.8669 6.72151 51.9459
2.01655 4.00082 18.3873 6.06355 36.869 6.87395 52.2223
2.06362 4.06021 18.2489 6.18376 36.8564 7.02752 52.4858
2.11178 4.11872 18.1036 6.30385 36.8293 7.18215 52.7365
2.16107 4.1763 17.9517 6.42376 36.7875 7.33778 52.9739
2.21151 4.23293 17.7934 6.54339 36.7313 7.49436 53.1982
2.26313 4.28858 17.6291 6.66266 36.6606 7.65183 53.409
2.31595 4.34321 17.459 6.7815 36.5756 7.81014 53.6064
2.37001 4.3968 17.2835 6.89982 36.4764 7.96923 53.7901
2.42532 4.44933 17.103 7.01756 36.3631 8.12904 53.96
2.48193 4.50079 16.9176 7.13462 36.236 8.28951 54.1161
2.53986 4.55115 16.7278 7.25094 36.0952 8.45059 54.2583
2.59914 4.6004 16.5339 7.36644 35.9409 8.61221 54.3865
2.6598 4.64852 16.3362 7.48105 35.7734 8.77433 54.5007
2.72188 4.69552 16.1349 7.5947 35.5929 8.93687 54.6007
2.78541 4.74138 15.9305 7.70732 35.3996 9.0998 54.6865
2.85043 4.7861 15.7233 7.81883 35.1939 9.26304 54.7581
2.91696 4.82968 15.5134 7.92919 34.9761 9.42654 54.8154
2.98504 4.87212 15.3013 8.03832 34.7464 9.59024 54.8584
3.05471 4.91342 15.0873 8.14616 34.5053 9.75409 54.8871
3.12601 4.95359 14.8715 8.25266 34.253 9.91802 54.9014
3.19897 4.99263 14.6544 8.35777 33.9899 10.082 54.9014
3.27363 5.03055 14.4361 8.46142 33.7164 10.2459 54.8871
3.35004 5.06736 14.217 8.56357 33.4329 10.4098 54.8584
3.42823 5.10308 13.9972 8.66418 33.1398 10.5735 54.8154
3.50825 5.13771 13.777 8.7632 32.8374 10.737 54.7581
3.59013 5.17127 13.5567 8.86059 32.5263 10.9002 54.6865
3.67392 5.20378 13.3365 8.95631 32.2067 11.0631 54.6007
3.75967 5.23526 13.1165 9.05033 31.8792 11.2257 54.5007
3.84743 5.26571 12.8971 9.14262 31.5442 11.3878 54.3865
3.93723 5.29516 12.6783 9.23315 31.2021 11.5494 54.2583
4.02912 5.32364 12.4604 9.3219 30.8534 11.7105 54.1161
4.12316 5.35115 12.2435 9.40884 30.4985 11.871 53.96
4.2194 5.37772 12.0279 9.49395 30.1379 12.0308 53.7901
4.31788 5.40337 11.8136 9.57723 29.7719 12.1899 53.6064
4.41866 5.42812 11.6008 9.65865 29.4011 12.3482 53.409
4.52179 5.452 11.3896 9.73821 29.0258 12.5056 53.1982
4.62733 5.47502 11.1802 9.81591 28.6466 12.6622 52.9739
4.73533 5.49721 10.9727 9.89174 28.2638 12.8179 52.7365
4.84586 5.51859 10.7671 9.9657 27.8779 12.9725 52.4858
4.95896 5.53918 10.5636 10.0378 27.4893 13.126 52.2223
5.07471 5.55901 10.3623 10.108 27.0984 13.2785 51.9459
5.19315 5.57809 10.1633 10.1764 26.7056 13.4298 51.6569
5.31436 5.59646 9.96657 10.2429 26.3113 13.5798 51.3555
5.4384 5.61412 9.77224 10.3077 25.9159 13.7286 51.0419
5.56533 5.6311 9.58037 10.3705 25.5197 13.876 50.7162
5.69523 5.64743 9.39101 10.4316 25.1232 14.022 50.3787
5.82815 5.66312 9.20421 10.491 24.7267 14.1666 50.0296
5.96418 5.6782 9.02 10.5485 24.3305 14.3097 49.6693
6.10339 5.69269 8.83842 10.6044 23.9349 14.4513 49.2978
6.24584 5.7066 8.65951 10.6585 23.5403 14.5913 48.9155
6.39162 5.71995 8.48329 10.7109 23.147 14.7296 48.5227
6.54081 5.73277 8.30977 10.7617 22.7552 14.8662 48.1196
6.69347 5.74507 8.13897 10.8109 22.3653 15.0011 47.7066
6.8497 5.75688 7.97091 10.8584 21.9775 15.1343 47.284
7.00957 5.7682 7.80558 10.9044 21.592 15.2656 46.852
7.17317 5.77906 7.64299 10.9489 21.2091 15.395 46.4111
7.3406 5.78947 7.48315 10.9919 20.829 15.5225 45.9615
7.51193 5.79946 7.32604 11.0334 20.452 15.6481 45.5037
7.68726 5.80903 7.17166 11.0735 20.0781 15.7718 45.0379
7.86668 5.8182 7.01999 11.1121 19.7076 15.8934 44.5645
8.05029 5.827 6.87103 11.1494 19.3407 16.013 44.084
8.23819 5.83542 6.72476 11.1854 18.9776 16.1305 43.5966
8.43047 5.84349 6.58116 11.2201 18.6182 16.2459 43.1029
8.62724 5.85122 6.44022 11.2535 18.2629 16.3592 42.6031
8.8286 5.85862 6.3019 11.2857 17.9117 16.4704 42.0978
9.03466 5.86571 6.16619 11.3167 17.5648 16.5794 41.5872
9.24553 5.8725 6.03305 11.3466 17.2222 16.6862 41.0718
9.46132 5.879 5.90248 11.3753 16.884 16.7908 40.5521
9.68215 5.88522 5.77442 11.4029 16.5503 16.8932 40.0284
9.90814 5.89117 5.64887 11.4295 16.2212 16.9934 39.5012
10.1394 5.89687 5.52578 11.455 15.8967 17.0914 38.9708
10.3761 5.90232 5.40513 11.4796 15.5769 17.1872 38.4378
10.6182 5.90754 5.28688 11.5032 15.2618 17.2808 37.9024
10.8661 5.91254 5.171 11.5259 14.9515 17.3721 37.3652
11.1197 5.91731 5.05745 11.5477 14.646 17.4612 36.8264
11.3792 5.92188 4.94622 11.5686 14.3453 17.5481 36.2866
11.6448 5.92625 4.83725 11.5887 14.0494 17.6328 35.7462
11.9166 5.93044 4.73051 11.608 13.7583 17.7153 35.2054
12.1947 5.93443 4.62598 11.6265 13.4721 17.7956 34.6647
12.4794 5.93826 4.52361 11.6443 13.1907 17.8738 34.1245
12.7706 5.94192 4.42336 11.6613 12.9141 17.9498 33.5852
13.0687 5.94541 4.32522 11.6776 12.6424 18.0237 33.0471
13.3737 5.94876 4.22913 11.6933 12.3754 18.0955 32.5105
13.6859 5.95195 4.13507 11.7083 12.1131 18.1652 31.9758
14.0053 5.95501 4.04299 11.7227 11.8556 18.2328 31.4433
14.3322 5.95793 3.95287 11.7365 11.6028 18.2985 30.9134
14.6667 5.96073 3.86466 11.7498 11.3546 18.3621 30.3863
15.009 5.9634 3.77834 11.7624 11.111 18.4238 29.8624
15.3593 5.96595 3.69387 11.7746 10.8721 18.4836 29.3418
15.7178 5.96839 3.61121 11.7862 10.6376 18.5415 28.825
16.0847 5.97072 3.53033 11.7973 10.4077 18.5975 28.312
16.4601 5.97295 3.4512 11.808 10.1822 18.6517 27.8033
16.8443 5.97508 3.37378 11.8182 9.96104 18.7041 27.2989
17.2374 5.97712 3.29804 11.828 9.74424 18.7547 26.7992
17.6398 5.97906 3.22395 11.8374 9.53172 18.8037 26.3043
18.0515 5.98092 3.15148 11.8463 9.32342 18.8509 25.8144
18.4728 5.9827 3.08058 11.8549 9.11928 18.8966 25.3297
18.904 5.98439 3.01124 11.8631 8.91925 18.9406 24.8503
19.3452 5.98602 2.94342 11.871 8.72327 18.9831 24.3764
19.7967 5.98757 2.87709 11.8785 8.53128 19.0241 23.9082
20.2588 5.98905 2.81222 11.8857 8.34322 19.0636 23.4457
20.7316 5.99046 2.74878 11.8926 8.15902 19.1016 22.989
21.2155 5.99181 2.68674 11.8991 7.97863 19.1383 22.5383
21.7107 5.9931 2.62607 11.9054 7.80198 19.1736 22.0937
22.2174 5.99434 2.56674 11.9115 7.62901 19.2076 21.6553
22.736 5.99552 2.50873 11.9172 7.45966 19.2403 21.223
23.2666 5.99664 2.45201 11.9227 7.29387 19.2718 20.797
23.8097 5.99772 2.39655 11.928 7.13158 19.3021 20.3773
24.3654 5.99875 2.34232 11.933 6.97273 19.3312 19.9639
24.9341 5.99973 2.2893 11.9378 6.81724 19.3592 19.557
25.5161 6.00066 2.23746 11.9424 6.66508 19.3861 19.1564
26.1116 6.00156 2.18678 11.9468 6.51616 19.412 18.7622
26.7211 6.00242 2.13724 11.951 6.37044 19.4368 18.3745
27.3447 6.00323 2.0888 11.9551 6.22785 19.4607 17.9931
27.983 6.00401 2.04144 11.9589 6.08833 19.4836 17.6182
28.6361 6.00476 1.99515 11.9626 5.95183 19.5056 17.2497
29.3045 6.00547 1.94989 11.9661 5.81829 19.5267 16.8875
29.9884 6.00615 1.90565 11.9694 5.68765 19.5469 16.5317
30.6884 6.0068 1.86241 11.9726 5.55985 19.5663 16.1822
31.4047 6.00742 1.82013 11.9757 5.43484 19.585 15.8389
32.1376 6.00802 1.77881 11.9786 5.31256 19.6028 15.5019
32.8877 6.00858 1.73841 11.9814 5.19296 19.62 15.171
33.6553 6.00912 1.69893 11.9841 5.07599 19.6364 14.8463
34.4409 6.00964 1.66033 11.9867 4.96158 19.6521 14.5277
35.2447 6.01013 1.62261 11.9891 4.8497 19.6672 14.215
36.0673 6.0106 1.58573 11.9914 4.74028 19.6817 13.9083
36.9092 6.01105 1.54969 11.9937 4.63328 19.6955 13.6075
37.7706 6.01148 1.51446 11.9958 4.52864 19.7088 13.3126
38.6522 6.01189 1.48003 11.9978 4.42632 19.7215 13.0233
39.5544 6.01229 1.44638 11.9998 4.32627 19.7337 12.7398
40.4776 6.01266 1.41348 12.0016 4.22845 19.7454 12.4619
41.4223 6.01302 1.38133 12.0034 4.1328 19.7565 12.1895
42.3891 6.01336 1.34991 12.0051 4.03927 19.7672 11.9225
43.3785 6.01369 1.3192 12.0067 3.94784 19.7774 11.6609
44.391 6.014 1.28918 12.0083 3.85844 19.7872 11.4047
45.4271 6.01429 1.25985 12.0098 3.77103 19.7966 11.1536
46.4873 6.01458 1.23117 12.0112 3.68559 19.8056 10.9077
47.5724 6.01485 1.20315 12.0125 3.60205 19.8141 10.6669
48.6827 6.01511 1.17577 12.0138 3.52038 19.8223 10.431
49.819 6.01536 1.149 12.015 3.44055 19.8302 10.2
50.9818 6.01559 1.12284 12.0162 3.3625 19.8377 9.97389
52.1717 6.01582 1.09728 12.0173 3.28621 19.8449 9.75248
53.3894 6.01603 1.07229 12.0184 3.21162 19.8518 9.53572
54.6355 6.01624 1.04787 12.0194 3.13872 19.8583 9.32353
55.9107 6.01644 1.02401 12.0204 3.06746 19.8646 9.11584
57.2157 6.01662 1.00069 12.0214 2.9978 19.8706 8.91257
58.5511 6.0168 0.977895 12.0222 2.9297 19.8764 8.71362
59.9177 6.01697 0.95562 12.0231 2.86315 19.8819 8.51893
61.3162 6.01714 0.933852 12.0239 2.79809 19.8872 8.32842
62.7473 6.01729 0.912578 12.0247 2.7345 19.8922 8.142
64.2119 6.01744 0.891788 12.0254 2.67234 19.897 7.9596
65.7106 6.01758 0.871471 12.0261 2.61159 19.9016 7.78115
67.2443 6.01772 0.851615 12.0268 2.55221 19.906 7.60656
68.8138 6.01785 0.832211 12.0275 2.49418 19.9102 7.43577
70.4199 6.01797 0.813248 12.0281 2.43745 19.9142 7.26869
72.0635 6.01809 0.794716 12.0287 2.38201 19.918 7.10526
73.7455 6.01821 0.776606 12.0292 2.32782 19.9217 6.9454
75.4667 6.01831 0.758908 12.0298 2.27486 19.9252 6.78904
77.2281 6.01842 0.741613 12.0303 2.2231 19.9285 6.63612
79.0307 6.01851 0.724711 12.0308 2.17251 19.9317 6.48655
80.8752 6.01861 0.708194 12.0313 2.12307 19.9348 6.34028
82.7629 6.0187 0.692053 12.0317 2.07475 19.9377 6.19723
84.6946 6.01878 0.676279 12.0321 2.02752 19.9405 6.05734
86.6714 6.01887 0.660864 12.0325 1.98136 19.9431 5.92055
88.6943 6.01894 0.6458 12.0329 1.93625 19.9457 5.78679
90.7645 6.01902 0.631079 12.0333 1.89217 19.9481 5.65599
92.8829 6.01909 0.616693 12.0337 1.84908 19.9505 5.5281
95.0508 6.01916 0.602635 12.034 1.80697 19.9527 5.40305
97.2693 6.01922 0.588897 12.0343 1.76582 19.9548 5.28078
99.5396 6.01929 0.575472 12.0346 1.7256 19.9568 5.16124
101.863 6.01934 0.562353 12.0349 1.6863 19.9588 5.04437
104.24 6.0194 0.549532 12.0352 1.64789 19.9606 4.9301
106.673 6.01946 0.537004 12.0355 1.61035 19.9624 4.81839
109.163 6.01951 0.524761 12.0357 1.57367 19.9641 4.70918
111.711 6.01956 0.512797 12.036 1.53782 19.9657 4.60241
114.318 6.0196 0.501105 12.0362 1.50278 19.9672 4.49804
116.987 6.01965 0.48968 12.0364 1.46854 19.9687 4.39601
119.717 6.01969 0.478515 12.0367 1.43508 19.9701 4.29626
122.511 6.01973 0.467605 12.0369 1.40238 19.9714 4.19876
125.371 6.01977 0.456943 12.0371 1.37042 19.9727 4.10345
128.297 6.01981 0.446524 12.0372 1.33919 19.974 4.01028
131.291 6.01984 0.436342 12.0374 1.30867 19.9751 3.91921
134.356 6.01988 0.426393 12.0376 1.27885 19.9762 3.83019
137.492 6.01991 0.41667 12.0378 1.2497 19.9773 3.74318
140.701 6.01994 0.407169 12.0379 1.22122 19.9783 3.65813
143.985 6.01997 0.397885 12.0381 1.19339 19.9793 3.57499
147.345 6.02 0.388812 12.0382 1.16618 19.9802 3.49373
150.785 6.02003 0.379946 12.0383 1.1396 19.9811 3.41431
154.304 6.02005 0.371282 12.0385 1.11363 19.982 3.33668
157.905 6.02008 0.362815 12.0386 1.08824 19.9828 3.26081
161.591 6.0201 0.354541 12.0387 1.06343 19.9836 3.18665
165.362 6.02012 0.346456 12.0388 1.03919 19.9843 3.11416
169.222 6.02014 0.338556 12.0389 1.0155 19.985 3.04332
173.172 6.02017 0.330835 12.039 0.992352 19.9857 2.97408
177.214 6.02019 0.323291 12.0391 0.969728 19.9863 2.90641
181.35 6.0202 0.315918 12.0392 0.94762 19.9869 2.84027
185.583 6.02022 0.308714 12.0393 0.926016 19.9875 2.77563
189.914 6.02024 0.301674 12.0394 0.904904 19.9881 2.71246
194.347 6.02025 0.294794 12.0395 0.884273 19.9886 2.65071
198.883 6.02027 0.288071 12.0396 0.864112 19.9891 2.59037
203.525 6.02029 0.281502 12.0396 0.84441 19.9896 2.5314
208.275 6.0203 0.275082 12.0397 0.825157 19.9901 2.47376
213.136 6.02031 0.268809 12.0398 0.806343 19.9905 2.41743
218.111 6.02033 0.262678 12.0398 0.787957 19.991 2.36238
223.202 6.02034 0.256688 12.0399 0.769991 19.9914 2.30858
228.411 6.02035 0.250834 12.04 0.752434 19.9918 2.256
233.742 6.02036 0.245113 12.04 0.735277 19.9921 2.20462
239.198 6.02037 0.239523 12.0401 0.718511 19.9925 2.1544
244.781 6.02038 0.234061 12.0401 0.702127 19.9928 2.10533
250.494 6.02039 0.228722 12.0402 0.686116 19.9932 2.05737
256.341 6.0204 0.223506 12.0402 0.670471 19.9935 2.0105
262.324 6.02041 0.218409 12.0403 0.655182 19.9938 1.96469
268.446 6.02042 0.213428 12.0403 0.640242 19.994 1.91993
274.712 6.02043 0.20856 12.0403 0.625642 19.9943 1.87618
281.124 6.02044 0.203804 12.0404 0.611375 19.9946 1.83343
287.685 6.02044 0.199156 12.0404 0.597433 19.9948 1.79165
294.4 6.02045 0.194614 12.0404 0.583809 19.995 1.75082
301.271 6.02046 0.190175 12.0405 0.570496 19.9953 1.71092
308.303 6.02046 0.185838 12.0405 0.557486 19.9955 1.67193
315.499 6.02047 0.181599 12.0405 0.544773 19.9957 1.63383
322.863 6.02047 0.177458 12.0406 0.532349 19.9959 1.59659
330.399 6.02048 0.17341 12.0406 0.520209 19.9961 1.5602
338.11 6.02049 0.169455 12.0406 0.508346 19.9962 1.52464
346.002 6.02049 0.165591 12.0407 0.496753 19.9964 1.48989
354.077 6.0205 0.161814 12.0407 0.485424 19.9966 1.45592
362.342 6.0205 0.158124 12.0407 0.474354 19.9967 1.42274
370.799 6.02051 0.154517 12.0407 0.463536 19.9969 1.3903
379.453 6.02051 0.150993 12.0407 0.452965 19.997 1.35861
388.31 6.02051 0.147549 12.0408 0.442635 19.9971 1.32764
397.373 6.02052 0.144184 12.0408 0.43254 19.9973 1.29737
406.648 6.02052 0.140896 12.0408 0.422675 19.9974 1.2678
416.139 6.02052 0.137682 12.0408 0.413036 19.9975 1.23889
425.852 6.02053 0.134542 12.0408 0.403616 19.9976 1.21065
435.791 6.02053 0.131474 12.0409 0.394411 19.9977 1.18305
445.963 6.02053 0.128475 12.0409 0.385416 19.9978 1.15607
456.372 6.02054 0.125545 12.0409 0.376626 19.9979 1.12972
467.023 6.02054 0.122682 12.0409 0.368037 19.998 1.10396
477.924 6.02054 0.119884 12.0409 0.359643 19.9981 1.07879
489.079 6.02055 0.117149 12.0409 0.351441 19.9982 1.05419
500.494 6.02055 0.114477 12.0409 0.343426 19.9983 1.03015
512.176 6.02055 0.111866 12.041 0.335593 19.9984 1.00667
524.13 6.02055 0.109315 12.041 0.32794 19.9984 0.983712
536.363 6.02055 0.106822 12.041 0.32046 19.9985 0.961281
548.882 6.02056 0.104386 12.041 0.313152 19.9986 0.939362
561.693 6.02056 0.102005 12.041 0.30601 19.9986 0.917942
574.803 6.02056 0.0996783 12.041 0.299031 19.9987 0.89701
588.219 6.02056 0.0974049 12.041 0.292211 19.9988 0.876556
601.948 6.02056 0.0951833 12.041 0.285546 19.9988 0.856568
615.998 6.02057 0.0930124 12.041 0.279034 19.9989 0.837035
630.375 6.02057 0.090891 12.041 0.27267 19.9989 0.817948
645.088 6.02057 0.088818 12.041 0.266451 19.999 0.799295
660.145 6.02057 0.0867923 12.0411 0.260374 19.999 0.781068
675.553 6.02057 0.0848127 12.0411 0.254436 19.9991 0.763257
691.32 6.02057 0.0828784 12.0411 0.248633 19.9991 0.745851
707.456 6.02057 0.0809881 12.0411 0.242962 19.9991 0.728842
723.968 6.02058 0.079141 12.0411 0.237421 19.9992 0.712221
740.866 6.02058 0.0773359 12.0411 0.232006 19.9992 0.695979
758.158 6.02058 0.0755721 12.0411 0.226714 19.9993 0.680108
775.853 6.02058 0.0738485 12.0411 0.221544 19.9993 0.664598
793.962 6.02058 0.0721641 12.0411 0.216491 19.9993 0.649442
812.493 6.02058 0.0705182 12.0411 0.211553 19.9993 0.634631
831.457 6.02058 0.0689099 12.0411 0.206728 19.9994 0.620158
850.863 6.02058 0.0673382 12.0411 0.202013 19.9994 0.606015
870.722 6.02058 0.0658024 12.0411 0.197406 19.9994 0.592194
891.045 6.02058 0.0643016 12.0411 0.192904 19.9995 0.578689
911.843 6.02058 0.062835 12.0411 0.188504 19.9995 0.565491
933.125 6.02058 0.0614019 12.0411 0.184205 19.9995 0.552595
954.904 6.02059 0.0600014 12.0411 0.180003 19.9995 0.539992
977.192 6.02059 0.0586329 12.0411 0.175898 19.9995 0.527677
1000 6.02059 0.0572956 12.0411 0.171886 19.9996 0.515643
