w m0 f0 m1 f1 mc fc
0.1 39.9567 -95.9971 39.9682 -93.4645 0.011488 2.53253
0.101628 39.815 -96.0941 39.8268 -93.5204 0.0118646 2.57368
0.103283 39.6732 -96.1926 39.6855 -93.5772 0.0122535 2.61548
0.104964 39.5315 -96.2928 39.5441 -93.6348 0.0126552 2.65797
0.106673 39.3896 -96.3945 39.4027 -93.6934 0.01307 2.70114
0.10841 39.2477 -96.4979 39.2612 -93.7528 0.0134983 2.74501
0.110175 39.1058 -96.6028 39.1197 -93.8133 0.0139407 2.78959
0.111969 38.9638 -96.7095 38.9782 -93.8746 0.0143976 2.83489
0.113792 38.8217 -96.8179 38.8366 -93.9369 0.0148694 2.88092
0.115645 38.6796 -96.928 38.695 -94.0003 0.0153566 2.9277
0.117528 38.5375 -97.0398 38.5533 -94.0646 0.0158598 2.97523
0.119441 38.3952 -97.1534 38.4116 -94.1299 0.0163794 3.02352
0.121386 38.2529 -97.2688 38.2699 -94.1962 0.016916 3.0726
0.123362 38.1106 -97.386 38.1281 -94.2635 0.0174702 3.12247
0.125371 37.9682 -97.5051 37.9862 -94.332 0.0180424 3.17314
0.127412 37.8257 -97.6261 37.8443 -94.4014 0.0186334 3.22463
0.129486 37.6831 -97.7489 37.7024 -94.472 0.0192437 3.27694
0.131595 37.5405 -97.8737 37.5604 -94.5436 0.0198739 3.3301
0.133737 37.3978 -98.0005 37.4183 -94.6164 0.0205247 3.38412
0.135915 37.255 -98.1293 37.2762 -94.6903 0.0211968 3.43901
0.138128 37.1121 -98.2601 37.134 -94.7653 0.0218908 3.49477
0.140377 36.9691 -98.3929 36.9918 -94.8415 0.0226075 3.55144
0.142662 36.8261 -98.5278 36.8495 -94.9188 0.0233476 3.60902
0.144985 36.683 -98.6649 36.7071 -94.9974 0.0241118 3.66752
0.147345 36.5398 -98.8041 36.5647 -95.0771 0.024901 3.72696
0.149744 36.3964 -98.9454 36.4222 -95.1581 0.0257159 3.78736
0.152183 36.253 -99.089 36.2796 -95.2403 0.0265574 3.84872
0.15466 36.1095 -99.2348 36.1369 -95.3237 0.0274264 3.91107
0.157178 35.9659 -99.3828 35.9942 -95.4084 0.0283237 3.97442
0.159737 35.8222 -99.5332 35.8514 -95.4944 0.0292502 4.03878
0.162338 35.6783 -99.6859 35.7085 -95.5817 0.030207 4.10418
0.164981 35.5344 -99.841 35.5656 -95.6703 0.0311949 4.17062
0.167668 35.3903 -99.9984 35.4225 -95.7603 0.032215 4.23813
0.170397 35.2461 -100.158 35.2794 -95.8516 0.0332683 4.30671
0.173172 35.1018 -100.321 35.1362 -95.9443 0.034356 4.37639
0.175991 34.9574 -100.486 34.9929 -96.0383 0.035479 4.44719
0.178857 34.8128 -100.653 34.8494 -96.1338 0.0366386 4.51911
0.181769 34.6681 -100.823 34.7059 -96.2306 0.0378359 4.59218
0.184728 34.5232 -100.995 34.5623 -96.3289 0.0390721 4.66642
0.187736 34.3782 -101.171 34.4186 -96.4287 0.0403486 4.74184
0.190792 34.2331 -101.348 34.2748 -96.5299 0.0416665 4.81845
0.193899 34.0878 -101.529 34.1308 -96.6326 0.0430273 4.89629
0.197056 33.9423 -101.712 33.9868 -96.7368 0.0444323 4.97537
0.200264 33.7967 -101.898 33.8426 -96.8425 0.0458829 5.05569
0.203525 33.6509 -102.087 33.6983 -96.9497 0.0473805 5.1373
0.206838 33.505 -102.279 33.5539 -97.0585 0.0489268 5.2202
0.210206 33.3588 -102.473 33.4094 -97.1689 0.0505233 5.30441
0.213629 33.2125 -102.671 33.2647 -97.2808 0.0521715 5.38995
0.217107 33.066 -102.871 33.1199 -97.3943 0.0538731 5.47685
0.220642 32.9193 -103.075 32.9749 -97.5094 0.0556298 5.56512
0.224234 32.7724 -103.281 32.8298 -97.6262 0.0574435 5.65478
0.227885 32.6253 -103.49 32.6846 -97.7446 0.0593158 5.74585
0.231595 32.4779 -103.703 32.5392 -97.8646 0.0612488 5.83836
0.235366 32.3304 -103.919 32.3936 -97.9863 0.0632442 5.93233
0.239198 32.1826 -104.137 32.2479 -98.1097 0.0653041 6.02777
0.243092 32.0346 -104.36 32.102 -98.2348 0.0674306 6.12471
0.24705 31.8863 -104.585 31.956 -98.3616 0.0696258 6.22316
0.251073 31.7378 -104.813 31.8097 -98.4901 0.0718918 6.32316
0.255161 31.5891 -105.045 31.6633 -98.6204 0.0742309 6.42472
0.259315 31.4401 -105.28 31.5167 -98.7524 0.0766454 6.52787
0.263537 31.2908 -105.519 31.3699 -98.8862 0.0791376 6.63263
0.267828 31.1412 -105.761 31.223 -99.0217 0.0817102 6.73901
0.272188 30.9914 -106.006 31.0758 -99.159 0.0843655 6.84705
0.27662 30.8413 -106.255 30.9284 -99.2982 0.0871062 6.95677
0.281124 30.6908 -106.507 30.7808 -99.4391 0.0899349 7.06819
0.285701 30.5401 -106.763 30.633 -99.5818 0.0928545 7.18133
0.290353 30.3891 -107.023 30.4849 -99.7263 0.0958678 7.29622
0.29508 30.2377 -107.286 30.3367 -99.8727 0.0989777 7.41288
0.299884 30.086 -107.552 30.1881 -100.021 0.102187 7.53134
0.304767 29.9339 -107.823 30.0394 -100.171 0.1055 7.65161
0.309729 29.7815 -108.097 29.8904 -100.323 0.108918 7.77373
0.314772 29.6287 -108.374 29.7412 -100.476 0.112445 7.89772
0.319897 29.4756 -108.656 29.5916 -100.632 0.116086 8.0236
0.325105 29.322 -108.941 29.4419 -100.789 0.119842 8.1514
0.330399 29.1681 -109.23 29.2918 -100.949 0.123718 8.28115
0.335778 29.0138 -109.523 29.1415 -101.11 0.127718 8.41286
0.341245 28.859 -109.819 28.9909 -101.273 0.131844 8.54657
0.346801 28.7039 -110.12 28.84 -101.438 0.136102 8.68229
0.352447 28.5483 -110.424 28.6888 -101.604 0.140495 8.82006
0.358186 28.3922 -110.733 28.5372 -101.773 0.145028 8.9599
0.364017 28.2357 -111.045 28.3854 -101.943 0.149704 9.10183
0.369944 28.0787 -111.361 28.2333 -102.115 0.154528 9.24588
0.375967 27.9213 -111.682 28.0808 -102.289 0.159505 9.39208
0.382089 27.7633 -112.006 27.928 -102.465 0.164638 9.54045
0.38831 27.6049 -112.334 27.7748 -102.643 0.169934 9.69102
0.394632 27.4459 -112.666 27.6213 -102.822 0.175396 9.84381
0.401057 27.2864 -113.002 27.4674 -103.004 0.18103 9.99885
0.407587 27.1263 -113.343 27.3132 -103.187 0.186841 10.1562
0.414223 26.9657 -113.687 27.1586 -103.371 0.192834 10.3158
0.420967 26.8046 -114.035 27.0036 -103.558 0.199015 10.4777
0.427821 26.6428 -114.388 26.8482 -103.746 0.205389 10.642
0.434787 26.4805 -114.744 26.6924 -103.936 0.211962 10.8086
0.441866 26.3175 -115.105 26.5362 -104.127 0.21874 10.9777
0.44906 26.1539 -115.469 26.3796 -104.32 0.225729 11.1492
0.456372 25.9897 -115.838 26.2226 -104.515 0.232934 11.3231
0.463802 25.8248 -116.21 26.0652 -104.711 0.240364 11.4995
0.471353 25.6593 -116.587 25.9073 -104.909 0.248023 11.6784
0.479028 25.4931 -116.968 25.749 -105.108 0.255919 11.8598
0.486827 25.3262 -117.352 25.5903 -105.309 0.264058 12.0438
0.494753 25.1586 -117.741 25.4311 -105.511 0.272447 12.2303
0.502809 24.9903 -118.134 25.2714 -105.714 0.281095 12.4194
0.510995 24.8213 -118.53 25.1113 -105.919 0.290007 12.6111
0.519315 24.6515 -118.931 24.9507 -106.126 0.299191 12.8054
0.52777 24.4809 -119.335 24.7896 -106.333 0.308656 13.0024
0.536363 24.3096 -119.744 24.628 -106.542 0.318409 13.2021
0.545096 24.1375 -120.156 24.4659 -106.751 0.328458 13.4044
0.553971 23.9646 -120.572 24.3034 -106.962 0.338811 13.6094
0.56299 23.7908 -120.992 24.1403 -107.174 0.349477 13.8172
0.572157 23.6162 -121.415 23.9767 -107.387 0.360465 14.0277
0.581472 23.4408 -121.842 23.8126 -107.601 0.371782 14.241
0.59094 23.2646 -122.273 23.648 -107.816 0.383439 14.4571
0.600561 23.0874 -122.707 23.4828 -108.031 0.395444 14.6759
0.610339 22.9094 -123.145 23.3172 -108.248 0.407806 14.8975
0.620276 22.7304 -123.587 23.151 -108.465 0.420536 15.122
0.630375 22.5506 -124.032 22.9842 -108.682 0.433642 15.3493
0.640639 22.3698 -124.48 22.8169 -108.9 0.447135 15.5794
0.651069 22.1881 -124.931 22.6491 -109.119 0.461025 15.8123
0.66167 22.0054 -125.386 22.4807 -109.338 0.475323 16.0482
0.672443 21.8218 -125.844 22.3118 -109.557 0.490037 16.2868
0.683391 21.6372 -126.305 22.1424 -109.777 0.50518 16.5284
0.694518 21.4516 -126.77 21.9723 -109.997 0.520762 16.7728
0.705826 21.265 -127.237 21.8018 -110.217 0.536794 17.02
0.717317 21.0774 -127.707 21.6307 -110.436 0.553288 17.2702
0.728997 20.8887 -128.179 21.459 -110.656 0.570253 17.5232
0.740866 20.6991 -128.655 21.2868 -110.876 0.587703 17.7791
0.752928 20.5084 -129.133 21.114 -111.095 0.605648 18.0378
0.765187 20.3166 -129.614 20.9407 -111.314 0.624101 18.2994
0.777645 20.1238 -130.097 20.7669 -111.533 0.643074 18.5639
0.790307 19.9299 -130.582 20.5925 -111.751 0.662578 18.8312
0.803174 19.7349 -131.07 20.4175 -111.969 0.682626 19.1013
0.816251 19.5389 -131.56 20.2421 -112.186 0.70323 19.3742
0.829541 19.3417 -132.052 20.0661 -112.402 0.724403 19.6499
0.843047 19.1434 -132.546 19.8896 -112.618 0.746157 19.9284
0.856773 18.9441 -133.042 19.7126 -112.832 0.768505 20.2096
0.870722 18.7436 -133.54 19.5351 -113.046 0.79146 20.4936
0.884899 18.542 -134.039 19.357 -113.259 0.815036 20.7803
0.899307 18.3393 -134.54 19.1785 -113.47 0.839244 21.0696
0.913949 18.1354 -135.042 18.9995 -113.681 0.864098 21.3616
0.928829 17.9304 -135.546 18.8201 -113.89 0.889611 21.6562
0.943952 17.7243 -136.051 18.6401 -114.097 0.915797 21.9533
0.959321 17.5171 -136.557 18.4597 -114.304 0.942668 22.253
0.97494 17.3087 -137.064 18.2789 -114.509 0.970238 22.5552
0.990814 17.0991 -137.572 18.0976 -114.712 0.998519 22.8598
1.00695 16.8884 -138.081 17.9159 -114.914 1.02753 23.1668
1.02334 16.6766 -138.59 17.7339 -115.114 1.05727 23.4762
1.04 16.4636 -139.1 17.5514 -115.312 1.08777 23.7878
1.05693 16.2495 -139.611 17.3685 -115.509 1.11903 24.1017
1.07414 16.0342 -140.121 17.1853 -115.704 1.15107 24.4177
1.09163 15.8178 -140.633 17.0017 -115.897 1.1839 24.7359
1.10941 15.6003 -141.144 16.8178 -116.088 1.21754 25.056
1.12747 15.3816 -141.655 16.6336 -116.277 1.25199 25.3782
1.14582 15.1618 -142.167 16.4491 -116.464 1.28727 25.7022
1.16448 14.9409 -142.678 16.2643 -116.65 1.32339 26.0281
1.18344 14.7188 -143.189 16.0792 -116.833 1.36036 26.3557
1.20271 14.4957 -143.699 15.8939 -117.014 1.3982 26.685
1.22229 14.2714 -144.209 15.7083 -117.194 1.43692 27.0158
1.24219 14.046 -144.719 15.5225 -117.371 1.47652 27.3481
1.26242 13.8195 -145.228 15.3365 -117.546 1.51703 27.6818
1.28297 13.5919 -145.736 15.1504 -117.719 1.55845 28.0168
1.30386 13.3633 -146.243 14.964 -117.89 1.60079 28.353
1.32509 13.1335 -146.75 14.7776 -118.06 1.64406 28.6902
1.34666 12.9027 -147.255 14.591 -118.227 1.68827 29.0285
1.36859 12.6709 -147.76 14.4043 -118.392 1.73344 29.3676
1.39087 12.4379 -148.263 14.2175 -118.555 1.77957 29.7075
1.41352 12.204 -148.765 14.0307 -118.717 1.82667 30.048
1.43653 11.969 -149.266 13.8438 -118.877 1.87474 30.3891
1.45992 11.733 -149.765 13.6568 -119.034 1.92381 30.7306
1.48369 11.496 -150.263 13.4699 -119.191 1.97386 31.0724
1.50785 11.258 -150.759 13.2829 -119.345 2.02492 31.4143
1.5324 11.019 -151.254 13.096 -119.498 2.07699 31.7563
1.55734 10.779 -151.747 12.9091 -119.649 2.13007 32.0981
1.5827 10.5381 -152.239 12.7223 -119.799 2.18417 32.4398
1.60847 10.2962 -152.728 12.5355 -119.947 2.23929 32.7811
1.63466 10.0534 -153.216 12.3488 -120.095 2.29544 33.1219
1.66127 9.80964 -153.703 12.1623 -120.241 2.35262 33.462
1.68832 9.56498 -154.187 11.9758 -120.385 2.41084 33.8014
1.71581 9.3194 -154.669 11.7895 -120.529 2.4701 34.1398
1.74374 9.07294 -155.15 11.6033 -120.672 2.5304 34.4772
1.77214 8.8256 -155.628 11.4173 -120.815 2.59174 34.8134
1.80099 8.5774 -156.104 11.2315 -120.956 2.65412 35.1483
1.83031 8.32834 -156.579 11.0459 -121.097 2.71754 35.4816
1.86011 8.07845 -157.051 10.8605 -121.238 2.782 35.8133
1.8904 7.82773 -157.521 10.6752 -121.378 2.84751 36.1432
1.92118 7.57619 -157.989 10.4902 -121.518 2.91405 36.4711
1.95246 7.32385 -158.455 10.3055 -121.658 2.98162 36.7969
1.98424 7.07073 -158.919 10.121 -121.799 3.05023 37.1205
2.01655 6.81683 -159.381 9.93669 -121.939 3.11987 37.4417
2.04938 6.56216 -159.84 9.75269 -122.08 3.19053 37.7604
2.08275 6.30675 -160.298 9.56895 -122.222 3.2622 38.0763
2.11666 6.05059 -160.753 9.38549 -122.364 3.33489 38.3894
2.15112 5.79372 -161.206 9.2023 -122.507 3.40859 38.6995
2.18615 5.53612 -161.658 9.0194 -122.651 3.48328 39.0065
2.22174 5.27783 -162.106 8.83679 -122.796 3.55896 39.3102
2.25791 5.01885 -162.553 8.65447 -122.943 3.63562 39.6104
2.29468 4.75919 -162.998 8.47244 -123.091 3.71325 39.9071
2.33204 4.49886 -163.441 8.29071 -123.241 3.79184 40.2
2.37001 4.23788 -163.881 8.10927 -123.392 3.87139 40.4891
2.40859 3.97626 -164.32 7.92813 -123.546 3.95187 40.7741
2.44781 3.71401 -164.756 7.74728 -123.701 4.03328 41.055
2.48766 3.45113 -165.191 7.56673 -123.859 4.1156 41.3316
2.52817 3.18764 -165.623 7.38647 -124.02 4.19883 41.6038
2.56933 2.92355 -166.054 7.2065 -124.183 4.28294 41.8715
2.61116 2.65888 -166.483 7.02681 -124.349 4.36793 42.1344
2.65367 2.39362 -166.91 6.84739 -124.517 4.45378 42.3925
2.69688 2.12779 -167.335 6.66826 -124.689 4.54047 42.6457
2.74079 1.8614 -167.758 6.48938 -124.864 4.62798 42.8939
2.78541 1.59446 -168.18 6.31077 -125.043 4.71631 43.1368
2.83076 1.32698 -168.6 6.13241 -125.225 4.80543 43.3744
2.87685 1.05896 -169.018 5.95429 -125.411 4.89533 43.6067
2.92369 0.790415 -169.434 5.77641 -125.601 4.98599 43.8333
2.9713 0.521353 -169.849 5.59874 -125.795 5.07739 44.0544
3.01967 0.251782 -170.263 5.42129 -125.993 5.16951 44.2697
3.06884 -0.0182919 -170.675 5.24405 -126.196 5.26234 44.4791
3.1188 -0.288861 -171.086 5.06699 -126.403 5.35585 44.6826
3.16958 -0.559918 -171.495 4.8901 -126.615 5.45002 44.88
3.22119 -0.831456 -171.903 4.71338 -126.832 5.54484 45.0713
3.27363 -1.10347 -172.309 4.53681 -127.053 5.64028 45.2563
3.32693 -1.37595 -172.715 4.36037 -127.28 5.73632 45.435
3.3811 -1.6489 -173.119 4.18405 -127.512 5.83294 45.6073
3.43615 -1.9223 -173.522 4.00783 -127.749 5.93013 45.7731
3.4921 -2.19615 -173.925 3.83169 -127.992 6.02785 45.9323
3.54895 -2.47046 -174.326 3.65563 -128.241 6.12609 46.0849
3.60673 -2.7452 -174.726 3.47961 -128.495 6.22482 46.2308
3.66546 -3.02039 -175.126 3.30363 -128.756 6.32402 46.3699
3.72514 -3.29601 -175.524 3.12767 -129.022 6.42367 46.5021
3.78579 -3.57206 -175.922 2.9517 -129.295 6.52375 46.6274
3.84743 -3.84853 -176.319 2.7757 -129.574 6.62423 46.7458
3.91007 -4.12544 -176.716 2.59966 -129.859 6.72509 46.8571
3.97373 -4.40276 -177.112 2.42355 -130.151 6.82631 46.9613
4.03843 -4.6805 -177.508 2.24736 -130.449 6.92786 47.0585
4.10418 -4.95866 -177.903 2.07106 -130.755 7.02972 47.1484
4.171 -5.23724 -178.298 1.89463 -131.067 7.13186 47.2312
4.23891 -5.51623 -178.693 1.71804 -131.386 7.23427 47.3066
4.30793 -5.79563 -179.087 1.54128 -131.712 7.33691 47.3749
4.37807 -6.07544 -179.481 1.36432 -132.045 7.43977 47.4358
4.44935 -6.35567 -179.875 1.18714 -132.386 7.54281 47.4893
4.52179 -6.63631 -180.269 1.00972 -132.734 7.64602 47.5355
4.59541 -6.91735 -180.664 0.832017 -133.089 7.74937 47.5743
4.67023 -7.19881 -181.058 0.654024 -133.452 7.85284 47.6057
4.74627 -7.48069 -181.452 0.475709 -133.823 7.95639 47.6297
4.82355 -7.76297 -181.847 0.297048 -134.201 8.06002 47.6463
4.90208 -8.04567 -182.242 0.118016 -134.587 8.16368 47.6554
4.9819 -8.32878 -182.637 -0.0614153 -134.98 8.26737 47.6571
5.06301 -8.61232 -183.033 -0.241271 -135.382 8.37105 47.6514
5.14544 -8.89627 -183.43 -0.421578 -135.791 8.47469 47.6382
5.22922 -9.18065 -183.826 -0.602364 -136.209 8.57828 47.6176
5.31436 -9.46545 -184.224 -0.783655 -136.634 8.68179 47.5895
5.40088 -9.75068 -184.622 -0.96548 -137.068 8.7852 47.5541
5.48882 -10.0363 -185.021 -1.14787 -137.51 8.88847 47.5112
5.57819 -10.3224 -185.421 -1.33084 -137.96 8.9916 47.461
5.66901 -10.609 -185.821 -1.51444 -138.418 9.09454 47.4034
5.76131 -10.896 -186.223 -1.69868 -138.884 9.19728 47.3386
5.85511 -11.1834 -186.626 -1.88359 -139.359 9.2998 47.2664
5.95044 -11.4713 -187.029 -2.06922 -139.842 9.40207 47.1869
6.04732 -11.7596 -187.434 -2.25557 -140.334 9.50406 47.1002
6.14578 -12.0484 -187.84 -2.44269 -140.833 9.60575 47.0064
6.24584 -12.3377 -188.247 -2.6306 -141.342 9.70712 46.9053
6.34754 -12.6275 -188.655 -2.81933 -141.858 9.80815 46.7972
6.45088 -12.9177 -189.065 -3.00892 -142.383 9.9088 46.6821
6.55591 -13.2085 -189.476 -3.19939 -142.916 10.0091 46.5599
6.66265 -13.4997 -189.889 -3.39078 -143.458 10.1089 46.4308
6.77113 -13.7914 -190.303 -3.5831 -144.008 10.2083 46.2949
6.88138 -14.0837 -190.718 -3.7764 -144.566 10.3073 46.1521
6.99342 -14.3765 -191.136 -3.97071 -145.133 10.4057 46.0025
7.10728 -14.6697 -191.554 -4.16605 -145.708 10.5037 45.8463
7.223 -14.9636 -191.975 -4.36246 -146.291 10.6011 45.6835
7.3406 -15.258 -192.397 -4.55996 -146.883 10.698 45.5141
7.46011 -15.5529 -192.821 -4.75859 -147.483 10.7943 45.3383
7.58158 -15.8484 -193.247 -4.95837 -148.091 10.89 45.1561
7.70502 -16.1445 -193.674 -5.15935 -148.707 10.9851 44.9677
7.83047 -16.4411 -194.104 -5.36154 -149.331 11.0796 44.773
7.95796 -16.7384 -194.535 -5.56498 -149.963 11.1734 44.5723
8.08752 -17.0363 -194.969 -5.7697 -150.603 11.2666 44.3656
8.2192 -17.3347 -195.404 -5.97573 -151.251 11.359 44.1529
8.35302 -17.6338 -195.841 -6.1831 -151.907 11.4507 43.9345
8.48902 -17.9336 -196.28 -6.39183 -152.57 11.5417 43.7104
8.62724 -18.2339 -196.722 -6.60197 -153.241 11.632 43.4807
8.7677 -18.535 -197.165 -6.81353 -153.92 11.7215 43.2455
8.91045 -18.8367 -197.611 -7.02655 -154.606 11.8101 43.0049
9.05553 -19.1391 -198.058 -7.24105 -155.299 11.898 42.7591
9.20297 -19.4422 -198.508 -7.45707 -156 11.9851 42.5082
9.35281 -19.746 -198.96 -7.67463 -156.707 12.0713 42.2523
9.50508 -20.0505 -199.414 -7.89376 -157.422 12.1567 41.9916
9.65984 -20.3557 -199.87 -8.11449 -158.144 12.2412 41.726
9.81712 -20.6617 -200.328 -8.33684 -158.872 12.3249 41.4559
9.97695 -20.9684 -200.789 -8.56084 -159.607 12.4076 41.1813
10.1394 -21.2759 -201.251 -8.78652 -160.349 12.4894 40.9023
10.3045 -21.5842 -201.716 -9.0139 -161.097 12.5703 40.6191
10.4723 -21.8933 -202.182 -9.243 -161.851 12.6503 40.3319
10.6428 -22.2032 -202.651 -9.47386 -162.611 12.7293 40.0407
10.816 -22.5139 -203.122 -9.70649 -163.377 12.8074 39.7457
10.9921 -22.8254 -203.595 -9.94092 -164.148 12.8845 39.4471
11.1711 -23.1378 -204.07 -10.1772 -164.926 12.9606 39.1449
11.353 -23.451 -204.548 -10.4153 -165.708 13.0358 38.8395
11.5378 -23.7651 -205.027 -10.6552 -166.496 13.1099 38.5308
11.7257 -24.0801 -205.508 -10.8971 -167.289 13.1831 38.219
11.9166 -24.396 -205.991 -11.1408 -168.087 13.2552 37.9043
12.1106 -24.7128 -206.476 -11.3865 -168.889 13.3263 37.5869
12.3078 -25.0305 -206.963 -11.6341 -169.696 13.3964 37.2668
12.5082 -25.3491 -207.451 -11.8836 -170.507 13.4655 36.9443
12.7118 -25.6687 -207.942 -12.1352 -171.322 13.5335 36.6195
12.9188 -25.9893 -208.434 -12.3887 -172.141 13.6006 36.2924
13.1291 -26.3108 -208.928 -12.6443 -172.964 13.6665 35.9634
13.3429 -26.6333 -209.423 -12.9018 -173.79 13.7315 35.6325
13.5602 -26.9568 -209.92 -13.1614 -174.62 13.7954 35.2999
13.7809 -27.2812 -210.418 -13.423 -175.453 13.8582 34.9658
14.0053 -27.6067 -210.918 -13.6867 -176.288 13.92 34.6302
14.2333 -27.9333 -211.419 -13.9525 -177.126 13.9808 34.2933
14.4651 -28.2608 -211.922 -14.2203 -177.966 14.0405 33.9553
14.7006 -28.5894 -212.425 -14.4902 -178.809 14.0992 33.6164
14.9399 -28.919 -212.93 -14.7622 -179.654 14.1569 33.2765
15.1832 -29.2498 -213.436 -15.0363 -180.5 14.2135 32.936
15.4304 -29.5815 -213.943 -15.3125 -181.348 14.2691 32.595
15.6816 -29.9144 -214.451 -15.5907 -182.197 14.3236 32.2535
15.9369 -30.2483 -214.959 -15.8712 -183.047 14.3772 31.9117
16.1964 -30.5834 -215.468 -16.1537 -183.898 14.4297 31.5697
16.4601 -30.9195 -215.978 -16.4383 -184.75 14.4812 31.2278
16.7281 -31.2568 -216.488 -16.725 -185.602 14.5317 30.8859
17.0005 -31.5951 -216.999 -17.0139 -186.455 14.5813 30.5443
17.2773 -31.9346 -217.51 -17.3048 -187.307 14.6298 30.203
17.5586 -32.2752 -218.021 -17.5979 -188.159 14.6773 29.8622
17.8444 -32.6169 -218.533 -17.8931 -189.011 14.7239 29.522
18.135 -32.9598 -219.044 -18.1903 -189.861 14.7695 29.1825
18.4302 -33.3038 -219.555 -18.4897 -190.711 14.8141 28.8439
18.7303 -33.649 -220.066 -18.7911 -191.56 14.8578 28.5061
19.0353 -33.9952 -220.577 -19.0946 -192.408 14.9006 28.1695
19.3452 -34.3427 -221.087 -19.4002 -193.254 14.9424 27.8339
19.6602 -34.6912 -221.597 -19.7079 -194.098 14.9834 27.4996
19.9803 -35.0409 -222.106 -20.0176 -194.94 15.0234 27.1667
20.3056 -35.3918 -222.615 -20.3293 -195.78 15.0625 26.8352
20.6362 -35.7438 -223.123 -20.6431 -196.617 15.1007 26.5052
20.9722 -36.0969 -223.629 -20.9588 -197.453 15.1381 26.1768
21.3136 -36.4512 -224.135 -21.2766 -198.285 15.1746 25.8501
21.6606 -36.8066 -224.639 -21.5964 -199.114 15.2103 25.5252
22.0133 -37.1632 -225.143 -21.9181 -199.94 15.2451 25.2022
22.3717 -37.5209 -225.644 -22.2418 -200.763 15.2791 24.8811
22.736 -37.8797 -226.145 -22.5674 -201.583 15.3123 24.562
23.1061 -38.2396 -226.643 -22.8949 -202.398 15.3447 24.245
23.4823 -38.6007 -227.14 -23.2244 -203.21 15.3763 23.9302
23.8647 -38.9628 -227.636 -23.5557 -204.018 15.4071 23.6175
24.2532 -39.3261 -228.129 -23.8889 -204.822 15.4372 23.3071
24.6481 -39.6905 -228.62 -24.2239 -205.621 15.4666 22.999
25.0494 -40.0559 -229.109 -24.5608 -206.416 15.4952 22.6933
25.4573 -40.4225 -229.596 -24.8994 -207.206 15.5231 22.39
25.8717 -40.7901 -230.081 -25.2398 -207.992 15.5503 22.0892
26.293 -41.1588 -230.563 -25.582 -208.772 15.5767 21.7909
26.7211 -41.5285 -231.043 -25.926 -209.548 15.6026 21.4951
27.1561 -41.8993 -231.52 -26.2716 -210.318 15.6277 21.202
27.5983 -42.2712 -231.995 -26.619 -211.083 15.6522 20.9114
28.0476 -42.644 -232.466 -26.968 -211.843 15.6761 20.6235
28.5043 -43.0179 -232.935 -27.3186 -212.597 15.6993 20.3384
28.9684 -43.3928 -233.401 -27.6709 -213.346 15.7219 20.0559
29.44 -43.7687 -233.864 -28.0248 -214.088 15.744 19.7761
29.9193 -44.1456 -234.324 -28.3802 -214.825 15.7654 19.4992
30.4065 -44.5234 -234.781 -28.7372 -215.556 15.7863 19.225
30.9015 -44.9022 -235.235 -29.0957 -216.281 15.8066 18.9536
31.4047 -45.282 -235.685 -29.4557 -217 15.8263 18.685
31.916 -45.6627 -236.132 -29.8172 -217.713 15.8455 18.4193
32.4356 -46.0443 -236.576 -30.1801 -218.419 15.8642 18.1564
32.9637 -46.4268 -237.016 -30.5444 -219.12 15.8824 17.8963
33.5004 -46.8102 -237.453 -30.9102 -219.814 15.9001 17.6392
34.0458 -47.1945 -237.886 -31.2773 -220.501 15.9172 17.3848
34.6002 -47.5797 -238.315 -31.6457 -221.182 15.9339 17.1334
35.1635 -47.9657 -238.741 -32.0155 -221.856 15.9502 16.8848
35.736 -48.3525 -239.163 -32.3866 -222.524 15.966 16.6391
36.3179 -48.7402 -239.581 -32.7589 -223.185 15.9813 16.3963
36.9092 -49.1287 -239.996 -33.1325 -223.84 15.9962 16.1563
37.5101 -49.518 -240.407 -33.5073 -224.488 16.0107 15.9192
38.1208 -49.9081 -240.814 -33.8833 -225.129 16.0248 15.6849
38.7415 -50.2989 -241.217 -34.2605 -225.763 16.0384 15.4535
39.3723 -50.6906 -241.616 -34.6388 -226.391 16.0517 15.2249
40.0133 -51.0829 -242.011 -35.0183 -227.012 16.0646 14.9992
40.6648 -51.476 -242.402 -35.3988 -227.626 16.0772 14.7763
41.3269 -51.8698 -242.789 -35.7804 -228.233 16.0893 14.5562
41.9997 -52.2642 -243.173 -36.1631 -228.834 16.1011 14.3389
42.6835 -52.6594 -243.552 -36.5468 -229.427 16.1126 14.1243
43.3785 -53.0553 -243.927 -36.9315 -230.014 16.1237 13.9126
44.0848 -53.4518 -244.298 -37.3172 -230.595 16.1346 13.7035
44.8025 -53.8489 -244.665 -37.7039 -231.168 16.145 13.4972
45.532 -54.2467 -245.028 -38.0914 -231.735 16.1552 13.2937
46.2733 -54.6451 -245.387 -38.48 -232.294 16.1651 13.0928
47.0267 -55.0441 -245.742 -38.8694 -232.848 16.1747 12.8946
47.7924 -55.4437 -246.093 -39.2596 -233.394 16.184 12.6991
48.5705 -55.8438 -246.44 -39.6508 -233.934 16.1931 12.5062
49.3613 -56.2445 -246.783 -40.0427 -234.467 16.2018 12.3159
50.165 -56.6458 -247.122 -40.4355 -234.993 16.2103 12.1282
50.9818 -57.0476 -247.456 -40.829 -235.513 16.2186 11.9431
51.8118 -57.45 -247.787 -41.2234 -236.027 16.2266 11.7605
52.6554 -57.8528 -248.114 -41.6185 -236.533 16.2344 11.5805
53.5127 -58.2562 -248.437 -42.0143 -237.034 16.2419 11.403
54.384 -58.66 -248.755 -42.4108 -237.527 16.2492 11.2279
55.2694 -59.0643 -249.07 -42.8081 -238.015 16.2563 11.0553
56.1693 -59.4691 -249.381 -43.206 -238.496 16.2632 10.8852
57.0838 -59.8744 -249.688 -43.6045 -238.97 16.2698 10.7174
58.0132 -60.28 -249.991 -44.0038 -239.439 16.2763 10.5521
58.9578 -60.6862 -250.29 -44.4036 -239.901 16.2826 10.3891
59.9177 -61.0927 -250.585 -44.8041 -240.357 16.2886 10.2284
60.8932 -61.4996 -250.877 -45.2051 -240.807 16.2945 10.0701
61.8847 -61.907 -251.164 -45.6067 -241.25 16.3002 9.914
62.8923 -62.3147 -251.448 -46.0089 -241.688 16.3058 9.76019
63.9162 -62.7228 -251.728 -46.4117 -242.12 16.3112 9.60861
64.9569 -63.1313 -252.005 -46.8149 -242.545 16.3164 9.45924
66.0145 -63.5401 -252.277 -47.2187 -242.965 16.3214 9.31206
67.0893 -63.9493 -252.546 -47.623 -243.379 16.3263 9.16704
68.1816 -64.3589 -252.812 -48.0278 -243.787 16.331 9.02414
69.2917 -64.7687 -253.073 -48.4331 -244.19 16.3356 8.88336
70.4199 -65.1789 -253.331 -48.8388 -244.587 16.3401 8.74465
71.5664 -65.5894 -253.586 -49.245 -244.978 16.3444 8.608
72.7317 -66.0002 -253.837 -49.6516 -245.364 16.3486 8.47338
73.9158 -66.4113 -254.084 -50.0586 -245.744 16.3527 8.34076
75.1193 -66.8227 -254.329 -50.4661 -246.118 16.3566 8.21013
76.3424 -67.2344 -254.569 -50.874 -246.488 16.3604 8.08145
77.5853 -67.6463 -254.807 -51.2822 -246.852 16.3641 7.9547
78.8485 -68.0585 -255.04 -51.6908 -247.211 16.3677 7.82985
80.1323 -68.471 -255.271 -52.0998 -247.564 16.3711 7.70689
81.437 -68.8837 -255.498 -52.5092 -247.913 16.3745 7.58577
82.7629 -69.2967 -255.722 -52.9189 -248.256 16.3778 7.46649
84.1104 -69.7099 -255.943 -53.329 -248.594 16.3809 7.34902
85.4798 -70.1233 -256.161 -53.7393 -248.928 16.384 7.23333
86.8716 -70.5369 -256.375 -54.15 -249.256 16.3869 7.1194
88.286 -70.9508 -256.587 -54.561 -249.58 16.3898 7.0072
89.7234 -71.3649 -256.795 -54.9723 -249.899 16.3926 6.89671
91.1843 -71.7792 -257.001 -55.3839 -250.213 16.3953 6.78791
92.6689 -72.1937 -257.203 -55.7958 -250.522 16.3979 6.68078
94.1777 -72.6083 -257.402 -56.2079 -250.827 16.4004 6.57528
95.711 -73.0232 -257.599 -56.6203 -251.127 16.4029 6.47141
97.2693 -73.4382 -257.792 -57.033 -251.423 16.4052 6.36913
98.853 -73.8535 -257.983 -57.4459 -251.714 16.4075 6.26842
100.463 -74.2689 -258.171 -57.8591 -252.001 16.4098 6.16926
102.098 -74.6844 -258.356 -58.2725 -252.284 16.4119 6.07164
103.761 -75.1002 -258.538 -58.6862 -252.562 16.414 5.97552
105.45 -75.516 -258.717 -59.1 -252.836 16.416 5.88089
107.167 -75.9321 -258.894 -59.5141 -253.106 16.418 5.78772
108.912 -76.3483 -259.068 -59.9284 -253.372 16.4199 5.696
110.685 -76.7646 -259.24 -60.3428 -253.634 16.4217 5.60569
112.487 -77.181 -259.409 -60.7575 -253.892 16.4235 5.51679
114.318 -77.5976 -259.575 -61.1724 -254.146 16.4252 5.42928
116.18 -78.0144 -259.739 -61.5875 -254.396 16.4269 5.34312
118.071 -78.4312 -259.901 -62.0027 -254.642 16.4285 5.25831
119.994 -78.8482 -260.06 -62.4181 -254.885 16.4301 5.17481
121.947 -79.2653 -260.216 -62.8337 -255.124 16.4316 5.09262
123.933 -79.6825 -260.37 -63.2494 -255.359 16.4331 5.01172
125.951 -80.0998 -260.522 -63.6653 -255.59 16.4345 4.93207
128.001 -80.5173 -260.672 -64.0814 -255.818 16.4359 4.85368
130.085 -80.9348 -260.819 -64.4976 -256.043 16.4372 4.77651
132.203 -81.3525 -260.964 -64.9139 -256.263 16.4385 4.70055
134.356 -81.7702 -261.107 -65.3304 -256.481 16.4398 4.62578
136.543 -82.1881 -261.247 -65.7471 -256.695 16.441 4.55218
138.766 -82.606 -261.386 -66.1638 -256.906 16.4422 4.47973
141.026 -83.024 -261.522 -66.5807 -257.114 16.4433 4.40843
143.322 -83.4421 -261.656 -66.9977 -257.318 16.4444 4.33825
145.655 -83.8603 -261.788 -67.4148 -257.519 16.4455 4.26916
148.027 -84.2786 -261.918 -67.8321 -257.717 16.4465 4.20117
150.437 -84.697 -262.046 -68.2494 -257.912 16.4475 4.13425
152.886 -85.1154 -262.172 -68.6669 -258.104 16.4485 4.06838
155.376 -85.5339 -262.296 -69.0845 -258.293 16.4494 4.00355
157.905 -85.9525 -262.419 -69.5022 -258.479 16.4503 3.93974
160.476 -86.3712 -262.539 -69.9199 -258.662 16.4512 3.87694
163.089 -86.7899 -262.657 -70.3378 -258.842 16.4521 3.81512
165.744 -87.2087 -262.774 -70.7558 -259.02 16.4529 3.75429
168.443 -87.6275 -262.889 -71.1738 -259.194 16.4537 3.69442
171.185 -88.0464 -263.002 -71.592 -259.366 16.4545 3.63549
173.973 -88.4654 -263.113 -72.0102 -259.535 16.4552 3.57749
176.805 -88.8845 -263.222 -72.4285 -259.702 16.456 3.52042
179.684 -89.3036 -263.33 -72.8469 -259.866 16.4567 3.46424
182.609 -89.7227 -263.436 -73.2654 -260.027 16.4573 3.40896
185.583 -90.1419 -263.54 -73.6839 -260.186 16.458 3.35455
188.604 -90.5612 -263.643 -74.1025 -260.342 16.4586 3.301
191.675 -90.9805 -263.744 -74.5212 -260.496 16.4593 3.2483
194.796 -91.3998 -263.844 -74.9399 -260.647 16.4599 3.19644
197.967 -91.8192 -263.942 -75.3588 -260.796 16.4604 3.1454
201.19 -92.2386 -264.038 -75.7776 -260.943 16.461 3.09516
204.466 -92.6581 -264.133 -76.1966 -261.087 16.4616 3.04573
207.795 -93.0777 -264.227 -76.6156 -261.229 16.4621 2.99708
211.178 -93.4972 -264.319 -77.0346 -261.369 16.4626 2.94921
214.617 -93.9168 -264.409 -77.4538 -261.507 16.4631 2.90209
218.111 -94.3365 -264.498 -77.8729 -261.642 16.4636 2.85572
221.662 -94.7562 -264.586 -78.2922 -261.776 16.464 2.81009
225.271 -95.1759 -264.672 -78.7114 -261.907 16.4645 2.76519
228.939 -95.5957 -264.757 -79.1308 -262.036 16.4649 2.72099
232.666 -96.0155 -264.841 -79.5501 -262.163 16.4653 2.67751
236.454 -96.4353 -264.923 -79.9695 -262.288 16.4657 2.63471
240.304 -96.8551 -265.004 -80.389 -262.411 16.4661 2.59259
244.217 -97.275 -265.084 -80.8085 -262.532 16.4665 2.55115
248.193 -97.695 -265.162 -81.2281 -262.652 16.4669 2.51036
252.234 -98.1149 -265.239 -81.6477 -262.769 16.4672 2.47023
256.341 -98.5349 -265.315 -82.0673 -262.885 16.4676 2.43073
260.514 -98.9549 -265.39 -82.487 -262.998 16.4679 2.39186
264.756 -99.3749 -265.464 -82.9067 -263.11 16.4683 2.35361
269.067 -99.795 -265.536 -83.3264 -263.22 16.4686 2.31597
273.447 -100.215 -265.607 -83.7462 -263.328 16.4689 2.27893
277.9 -100.635 -265.677 -84.166 -263.435 16.4692 2.24249
282.424 -101.055 -265.746 -84.5858 -263.54 16.4695 2.20662
287.022 -101.475 -265.814 -85.0057 -263.643 16.4697 2.17132
291.696 -101.896 -265.881 -85.4256 -263.745 16.47 2.13659
296.445 -102.316 -265.947 -85.8455 -263.845 16.4703 2.10241
301.271 -102.736 -266.012 -86.2655 -263.943 16.4705 2.06877
306.177 -103.156 -266.076 -86.6855 -264.04 16.4708 2.03568
311.162 -103.577 -266.138 -87.1055 -264.135 16.471 2.00311
316.228 -103.997 -266.2 -87.5256 -264.229 16.4712 1.97106
