t y0 y1
0 0 0
0.0200501 0.000242522 0.00153116
0.0401003 0.00176076 0.0105295
0.0601504 0.0054198 0.0306998
0.0802005 0.0117699 0.0631432
0.100251 0.0211478 0.107432
0.120301 0.0337444 0.162278
0.140351 0.049649 0.225946
0.160401 0.0688799 0.296516
0.180451 0.0914039 0.372044
0.200501 0.11715 0.450659
0.220551 0.146019 0.53063
0.240602 0.177888 0.610392
0.260652 0.212618 0.688573
0.280702 0.250055 0.763995
0.300752 0.290032 0.835677
0.320802 0.332371 0.902825
0.340852 0.376888 0.964826
0.360902 0.423388 1.02124
0.380952 0.471671 1.07176
0.401003 0.521532 1.11625
0.421053 0.572762 1.15467
0.441103 0.625147 1.1871
0.461153 0.678472 1.21372
0.481203 0.732519 1.23476
0.501253 0.787071 1.25054
0.521303 0.841909 1.26142
0.541353 0.896817 1.2678
0.561404 0.95158 1.2701
0.581454 1.00599 1.26875
0.601504 1.05983 1.26421
0.621554 1.1129 1.25692
0.641604 1.165 1.2473
0.661654 1.21594 1.23577
0.681704 1.26552 1.22273
0.701754 1.31358 1.20856
0.721805 1.35994 1.19358
0.741855 1.40442 1.17812
0.761905 1.44689 1.16246
0.781955 1.48719 1.14686
0.802005 1.52519 1.13152
0.822055 1.56076 1.11664
0.842105 1.59379 1.10238
0.862155 1.62417 1.08886
0.882206 1.65182 1.07618
0.902256 1.67665 1.06442
0.922306 1.69858 1.05363
0.942356 1.71758 1.04384
0.962406 1.73359 1.03505
0.982456 1.74657 1.02726
1.00251 1.75652 1.02046
1.02256 1.76341 1.01459
1.04261 1.76725 1.00963
1.06266 1.76807 1.00552
1.08271 1.76588 1.00219
1.10276 1.76072 0.999589
1.12281 1.75265 0.997646
1.14286 1.74172 0.996294
1.16291 1.72801 0.995464
1.18296 1.7116 0.995089
1.20301 1.69257 0.995103
1.22306 1.67103 0.995443
1.24311 1.64709 0.99605
1.26316 1.62086 0.996867
1.28321 1.59247 0.997845
1.30326 1.56205 0.998935
1.32331 1.52974 1.00009
1.34336 1.49569 1.00129
1.36341 1.46005 1.00248
1.38346 1.42296 1.00365
1.40351 1.38459 1.00476
1.42356 1.34511 1.00581
1.44361 1.30468 1.00677
1.46366 1.26345 1.00763
1.48371 1.22162 1.00839
1.50376 1.17933 1.00903
1.52381 1.13677 1.00957
1.54386 1.09409 1.00999
1.56391 1.05148 1.0103
1.58396 1.00909 1.0105
1.60401 0.967084 1.01061
1.62406 0.925628 1.01062
1.64411 0.884875 1.01055
1.66416 0.844977 1.01039
1.68421 0.806082 1.01017
1.70426 0.768331 1.00989
1.72431 0.731861 1.00955
1.74436 0.6968 1.00918
1.76441 0.663271 1.00877
1.78446 0.63139 1.00833
1.80451 0.601265 1.00787
1.82456 0.572996 1.00741
1.84461 0.546674 1.00693
1.86466 0.522383 1.00646
1.88471 0.500198 1.006
1.90476 0.480183 1.00554
1.92481 0.462396 1.0051
1.94486 0.446884 1.00468
1.96491 0.433684 1.00427
1.98496 0.422825 1.00389
2.00501 0.414325 1.00354
2.02506 0.408196 1.0032
2.04511 0.404436 1.0029
2.06516 0.403036 1.00262
2.08521 0.40398 1.00236
2.10526 0.407239 1.00213
2.12531 0.412779 1.00192
2.14536 0.420554 1.00174
2.16541 0.430511 1.00158
2.18546 0.442592 1.00144
2.20551 0.456726 1.00131
2.22556 0.472839 1.00121
2.24561 0.490847 1.00112
2.26566 0.510663 1.00104
2.28571 0.53219 1.00098
2.30576 0.555327 1.00092
2.32581 0.579968 1.00088
2.34586 0.606002 1.00085
2.36591 0.633314 1.00082
2.38596 0.661784 1.0008
2.40602 0.691289 1.00078
2.42607 0.721705 1.00077
2.44612 0.752903 1.00076
2.46617 0.784754 1.00075
2.48622 0.817127 1.00074
2.50627 0.849891 1.00073
2.52632 0.882914 1.00073
2.54637 0.916064 1.00072
2.56642 0.949212 1.00071
2.58647 0.982227 1.0007
2.60652 1.01498 1.00069
2.62657 1.04735 1.00068
2.64662 1.07922 1.00067
2.66667 1.11045 1.00065
2.68672 1.14095 1.00064
2.70677 1.17059 1.00062
2.72682 1.19926 1.0006
2.74687 1.22688 1.00059
2.76692 1.25334 1.00057
2.78697 1.27854 1.00055
2.80702 1.3024 1.00052
2.82707 1.32485 1.0005
2.84712 1.34581 1.00048
2.86717 1.36521 1.00046
2.88722 1.38299 1.00044
2.90727 1.3991 1.00042
2.92732 1.41349 1.0004
2.94737 1.42613 1.00037
2.96742 1.43697 1.00035
2.98747 1.44601 1.00033
3.00752 1.45321 1.00032
3.02757 1.45858 1.0003
3.04762 1.4621 1.00028
3.06767 1.46378 1.00026
3.08772 1.46364 1.00025
3.10777 1.46169 1.00023
3.12782 1.45796 1.00022
3.14787 1.45248 1.0002
3.16792 1.44529 1.00019
3.18797 1.43643 1.00018
3.20802 1.42596 1.00017
3.22807 1.41393 1.00016
3.24812 1.40041 1.00015
3.26817 1.38546 1.00014
3.28822 1.36916 1.00013
3.30827 1.35158 1.00012
3.32832 1.3328 1.00012
3.34837 1.31291 1.00011
3.36842 1.29199 1.00011
3.38847 1.27015 1.0001
3.40852 1.24747 1.0001
3.42857 1.22406 1.00009
3.44862 1.2 1.00009
3.46867 1.1754 1.00008
3.48872 1.15036 1.00008
3.50877 1.12498 1.00008
3.52882 1.09937 1.00007
3.54887 1.07363 1.00007
3.56892 1.04786 1.00007
3.58897 1.02216 1.00006
3.60902 0.996625 1.00006
3.62907 0.97136 1.00006
3.64912 0.946459 1.00006
3.66917 0.922015 1.00006
3.68922 0.898118 1.00005
3.70927 0.874858 1.00005
3.72932 0.852317 1.00005
3.74937 0.830577 1.00005
3.76942 0.809715 1.00005
3.78947 0.789804 1.00004
3.80952 0.77091 1.00004
3.82957 0.753099 1.00004
3.84962 0.736429 1.00004
3.86967 0.720953 1.00004
3.88972 0.706719 1.00004
3.90977 0.693772 1.00003
3.92982 0.682149 1.00003
3.94987 0.671881 1.00003
3.96992 0.662996 1.00003
3.98997 0.655514 1.00003
4.01003 0.64945 1.00003
4.03008 0.644815 1.00003
4.05013 0.641611 1.00002
4.07018 0.639838 1.00002
4.09023 0.639487 1.00002
4.11028 0.640546 1.00002
4.13033 0.642996 1.00002
4.15038 0.646815 1.00002
4.17043 0.651974 1.00002
4.19048 0.658439 1.00002
4.21053 0.666172 1.00002
4.23058 0.67513 1.00002
4.25063 0.685266 1.00001
4.27068 0.696529 1.00001
4.29073 0.708864 1.00001
4.31078 0.722211 1.00001
4.33083 0.736509 1.00001
4.35088 0.751693 1.00001
4.37093 0.767693 1.00001
4.39098 0.784441 1.00001
4.41103 0.801862 1.00001
4.43108 0.819883 1.00001
4.45113 0.838427 1.00001
4.47118 0.857416 1.00001
4.49123 0.876772 1.00001
4.51128 0.896416 1.00001
4.53133 0.916268 1.00001
4.55138 0.936249 1.00001
4.57143 0.956279 1.00001
4.59148 0.97628 1.00001
4.61153 0.996175 1.00001
4.63158 1.01589 1.00001
4.65163 1.03534 1.00001
4.67168 1.05446 1.00001
4.69173 1.07318 1.00001
4.71178 1.09142 1
4.73183 1.10913 1
4.75188 1.12623 1
4.77193 1.14268 1
4.79198 1.1584 1
4.81203 1.17334 1
4.83208 1.18747 1
4.85213 1.20071 1
4.87218 1.21305 1
4.89223 1.22443 1
4.91228 1.23482 1
4.93233 1.24419 1
4.95238 1.25252 1
4.97243 1.25977 1
4.99248 1.26595 1
5.01253 1.27102 1
5.03258 1.27498 1
5.05263 1.27784 1
5.07268 1.27958 1
5.09273 1.28021 1
5.11278 1.27974 1
5.13283 1.27819 1
5.15288 1.27556 1
5.17293 1.27189 1
5.19298 1.26719 1
5.21303 1.2615 1
5.23308 1.25485 1
5.25313 1.24726 1
5.27318 1.23879 1
5.29323 1.22947 1
5.31328 1.21935 1
5.33333 1.20847 1
5.35338 1.19689 1
5.37343 1.18466 1
5.39348 1.17183 1
5.41353 1.15845 1
5.43358 1.14459 1
5.45363 1.13031 1
5.47368 1.11565 1
5.49373 1.1007 1
5.51378 1.0855 1
5.53383 1.07012 1
5.55388 1.05461 1
5.57393 1.03905 1
5.59398 1.02349 1
5.61404 1.008 1
5.63409 0.992628 1
5.65414 0.977438 1
5.67419 0.962488 1
5.69424 0.947834 1
5.71429 0.933529 1
5.73434 0.919626 1
5.75439 0.906175 1
5.77444 0.893224 1
5.79449 0.880818 1
5.81454 0.869002 1
5.83459 0.857814 1
5.85464 0.847292 1
5.87469 0.837472 1
5.89474 0.828383 1
5.91479 0.820054 1
5.93484 0.81251 1
5.95489 0.805773 1
5.97494 0.79986 1
5.99499 0.794788 1
6.01504 0.790566 1
6.03509 0.787204 1
6.05514 0.784705 1
6.07519 0.783071 1
6.09524 0.782299 1
6.11529 0.782385 1
6.13534 0.783319 1
6.15539 0.785088 1
6.17544 0.787679 1
6.19549 0.791071 1
6.21554 0.795246 1
6.23559 0.800177 1
6.25564 0.805838 1
6.27569 0.812201 1
6.29574 0.819233 1
6.31579 0.8269 1
6.33584 0.835165 1
6.35589 0.843992 1
6.37594 0.853339 1
6.39599 0.863165 1
6.41604 0.873427 1
6.43609 0.88408 1
6.45614 0.895079 1
6.47619 0.906378 1
6.49624 0.91793 1
6.51629 0.929686 1
6.53634 0.9416 1
6.55639 0.953623 1
6.57644 0.965706 1
6.59649 0.977804 1
6.61654 0.989867 1
6.63659 1.00185 1
6.65664 1.0137 1
6.67669 1.02539 1
6.69674 1.03686 1
6.71679 1.04807 1
6.73684 1.05898 1
6.75689 1.06955 1
6.77694 1.07975 1
6.79699 1.08953 1
6.81704 1.09887 1
6.83709 1.10772 1
6.85714 1.11607 1
6.87719 1.12388 1
6.89724 1.13114 1
6.91729 1.1378 1
6.93734 1.14387 1
6.95739 1.14931 1
6.97744 1.15411 1
6.99749 1.15827 1
7.01754 1.16177 1
7.03759 1.1646 1
7.05764 1.16676 1
7.07769 1.16825 1
7.09774 1.16907 1
7.11779 1.16922 1
7.13784 1.1687 1
7.15789 1.16754 1
7.17794 1.16573 1
7.19799 1.1633 1
7.21805 1.16025 1
7.2381 1.15661 1
7.25815 1.15239 1
7.2782 1.14762 1
7.29825 1.14232 1
7.3183 1.13652 1
7.33835 1.13025 1
7.3584 1.12352 1
7.37845 1.11639 1
7.3985 1.10887 1
7.41855 1.101 1
7.4386 1.09282 1
7.45865 1.08435 1
7.4787 1.07564 1
7.49875 1.06673 1
7.5188 1.05764 1
7.53885 1.04841 1
7.5589 1.03909 1
7.57895 1.02972 1
7.599 1.02031 1
7.61905 1.01093 1
7.6391 1.00159 1
7.65915 0.992339 1
7.6792 0.983212 1
7.69925 0.97424 1
7.7193 0.965459 1
7.73935 0.9569 1
7.7594 0.948595 1
7.77945 0.940573 1
7.7995 0.932862 1
7.81955 0.925491 1
7.8396 0.918483 1
7.85965 0.911864 1
7.8797 0.905654 1
7.89975 0.899874 1
7.9198 0.894543 1
7.93985 0.889676 1
7.9599 0.885288 1
7.97995 0.881391 1
8 0.877996 1
