t y1 yg
0 0 0
0.0626566 0.000409451 0.000539459
0.125313 0.00295352 0.00388537
0.18797 0.00901398 0.0118382
0.250627 0.0193731 0.0253964
0.313283 0.0343928 0.0449942
0.37594 0.0541425 0.0706718
0.438596 0.0784905 0.102196
0.501253 0.107168 0.139146
0.56391 0.139818 0.180981
0.626566 0.176027 0.227081
0.689223 0.215349 0.276781
0.75188 0.257325 0.329401
0.814536 0.301495 0.384259
0.877193 0.347405 0.440688
0.93985 0.394618 0.498047
1.00251 0.442715 0.555727
1.06516 0.491299 0.613156
1.12782 0.540001 0.669808
1.19048 0.588476 0.725201
1.25313 0.636409 0.778902
1.31579 0.683509 0.830526
1.37845 0.729519 0.879738
1.4411 0.774205 0.926252
1.50376 0.817364 0.96983
1.56642 0.858818 1.01028
1.62907 0.898416 1.04746
1.69173 0.93603 1.08126
1.75439 0.971558 1.11161
1.81704 1.00492 1.13851
1.8797 1.03606 1.16195
1.94236 1.06493 1.18199
2.00501 1.09153 1.19869
2.06767 1.11583 1.21215
2.13033 1.13787 1.2225
2.19298 1.15766 1.22988
2.25564 1.17525 1.23445
2.3183 1.19069 1.23639
2.38095 1.20405 1.23589
2.44361 1.2154 1.23314
2.50627 1.22482 1.22835
2.56892 1.23239 1.22172
2.63158 1.23822 1.21346
2.69424 1.2424 1.20378
2.75689 1.24503 1.19288
2.81955 1.24621 1.18097
2.88221 1.24606 1.16823
2.94486 1.24467 1.15487
3.00752 1.24216 1.14105
3.07018 1.23862 1.12695
3.13283 1.23417 1.11273
3.19549 1.22891 1.09852
3.25815 1.22293 1.08448
3.3208 1.21633 1.07072
3.38346 1.20921 1.05735
3.44612 1.20165 1.04448
3.50877 1.19373 1.03218
3.57143 1.18555 1.02054
3.63409 1.17716 1.00961
3.69674 1.16866 0.999445
3.7594 1.16009 0.990083
3.82206 1.15152 0.981551
3.88471 1.14302 0.973868
3.94737 1.13462 0.96704
4.01003 1.12638 0.961068
4.07268 1.11834 0.955941
4.13534 1.11053 0.951643
4.19799 1.10298 0.948152
4.26065 1.09574 0.945437
4.32331 1.08881 0.943464
4.38596 1.08221 0.942193
4.44862 1.07598 0.941583
4.51128 1.0701 0.941587
4.57393 1.0646 0.942156
4.63659 1.05948 0.943242
4.69925 1.05474 0.944793
4.7619 1.05038 0.946757
4.82456 1.04639 0.949084
4.88722 1.04278 0.951721
4.94987 1.03953 0.95462
5.01253 1.03664 0.957731
5.07519 1.03409 0.961008
5.13784 1.03186 0.964406
5.2005 1.02996 0.967882
5.26316 1.02836 0.971397
5.32581 1.02704 0.974913
5.38847 1.02599 0.978397
5.45113 1.0252 0.981817
5.51378 1.02464 0.985145
5.57644 1.0243 0.988356
5.6391 1.02416 0.991428
5.70175 1.0242 0.994342
5.76441 1.02441 0.997083
5.82707 1.02476 0.999636
5.88972 1.02525 1.00199
5.95238 1.02585 1.00415
6.01504 1.02655 1.00609
6.07769 1.02733 1.00782
6.14035 1.02819 1.00934
6.20301 1.0291 1.01065
6.26566 1.03005 1.01176
6.32832 1.03104 1.01266
6.39098 1.03204 1.01337
6.45363 1.03305 1.0139
6.51629 1.03406 1.01425
6.57895 1.03506 1.01443
6.6416 1.03605 1.01446
6.70426 1.037 1.01435
6.76692 1.03793 1.0141
6.82957 1.03881 1.01374
6.89223 1.03966 1.01328
6.95489 1.04045 1.01272
7.01754 1.0412 1.01208
7.0802 1.04189 1.01138
7.14286 1.04252 1.01062
7.20551 1.0431 1.00981
7.26817 1.04362 1.00898
7.33083 1.04407 1.00812
7.39348 1.04447 1.00725
7.45614 1.0448 1.00638
7.5188 1.04508 1.00552
7.58145 1.0453 1.00467
7.64411 1.04546 1.00384
7.70677 1.04556 1.00304
7.76942 1.04561 1.00227
7.83208 1.04561 1.00154
7.89474 1.04556 1.00086
7.95739 1.04547 1.00022
8.02005 1.04533 0.999623
8.08271 1.04515 0.99908
8.14536 1.04493 0.998588
8.20802 1.04467 0.998149
8.27068 1.04439 0.997762
8.33333 1.04407 0.997428
8.39599 1.04372 0.997144
8.45865 1.04336 0.996911
8.5213 1.04297 0.996725
8.58396 1.04256 0.996586
8.64662 1.04214 0.996491
8.70927 1.0417 0.996437
8.77193 1.04125 0.996423
8.83459 1.0408 0.996444
8.89724 1.04033 0.996497
8.9599 1.03987 0.996581
9.02256 1.0394 0.996691
9.08521 1.03893 0.996825
9.14787 1.03846 0.996979
9.21053 1.03799 0.99715
9.27318 1.03753 0.997335
9.33584 1.03708 0.997532
9.3985 1.03663 0.997737
9.46115 1.03619 0.997948
9.52381 1.03575 0.998162
9.58647 1.03533 0.998377
9.64912 1.03492 0.998591
9.71178 1.03451 0.998802
9.77444 1.03412 0.999009
9.83709 1.03374 0.999208
9.89975 1.03337 0.9994
9.96241 1.03302 0.999582
10.0251 1.03267 0.999754
10.0877 1.03234 0.999915
10.1504 1.03202 1.00006
10.213 1.03171 1.0002
10.2757 1.03141 1.00033
10.3383 1.03112 1.00044
10.401 1.03084 1.00053
10.4637 1.03058 1.00062
10.5263 1.03032 1.00069
10.589 1.03007 1.00075
10.6516 1.02984 1.0008
10.7143 1.02961 1.00084
10.7769 1.02939 1.00086
10.8396 1.02918 1.00088
10.9023 1.02897 1.00088
10.9649 1.02877 1.00088
11.0276 1.02858 1.00087
11.0902 1.0284 1.00085
11.1529 1.02822 1.00082
11.2155 1.02804 1.00079
11.2782 1.02787 1.00076
11.3409 1.02771 1.00071
11.4035 1.02754 1.00067
11.4662 1.02739 1.00062
11.5288 1.02723 1.00057
11.5915 1.02707 1.00052
11.6541 1.02692 1.00047
11.7168 1.02677 1.00041
11.7794 1.02662 1.00036
11.8421 1.02648 1.00031
11.9048 1.02633 1.00026
11.9674 1.02619 1.00021
12.0301 1.02604 1.00016
12.0927 1.0259 1.00011
12.1554 1.02575 1.00007
12.218 1.02561 1.00003
12.2807 1.02546 0.999991
12.3434 1.02532 0.999957
12.406 1.02517 0.999926
12.4687 1.02503 0.999897
12.5313 1.02488 0.999872
12.594 1.02473 0.999851
12.6566 1.02459 0.999832
12.7193 1.02444 0.999817
12.782 1.02429 0.999804
12.8446 1.02414 0.999794
12.9073 1.02399 0.999787
12.9699 1.02384 0.999783
13.0326 1.02369 0.999781
13.0952 1.02354 0.999782
13.1579 1.02339 0.999784
13.2206 1.02324 0.999789
13.2832 1.02309 0.999795
13.3459 1.02293 0.999802
13.4085 1.02278 0.999811
13.4712 1.02263 0.999821
13.5338 1.02248 0.999832
13.5965 1.02233 0.999844
13.6591 1.02217 0.999856
13.7218 1.02202 0.999869
13.7845 1.02187 0.999882
13.8471 1.02172 0.999895
13.9098 1.02157 0.999908
13.9724 1.02142 0.999921
14.0351 1.02127 0.999934
14.0977 1.02112 0.999947
14.1604 1.02097 0.999959
14.2231 1.02082 0.99997
14.2857 1.02068 0.999981
14.3484 1.02053 0.999991
14.411 1.02039 1
14.4737 1.02024 1.00001
14.5363 1.0201 1.00002
14.599 1.01996 1.00002
14.6617 1.01982 1.00003
14.7243 1.01968 1.00004
14.787 1.01954 1.00004
14.8496 1.0194 1.00004
14.9123 1.01926 1.00005
14.9749 1.01913 1.00005
15.0376 1.01899 1.00005
15.1003 1.01886 1.00005
15.1629 1.01873 1.00005
15.2256 1.01859 1.00005
15.2882 1.01846 1.00005
15.3509 1.01834 1.00005
15.4135 1.01821 1.00005
15.4762 1.01808 1.00005
15.5388 1.01796 1.00005
15.6015 1.01783 1.00004
15.6642 1.01771 1.00004
15.7268 1.01759 1.00004
15.7895 1.01746 1.00004
15.8521 1.01734 1.00003
15.9148 1.01723 1.00003
15.9774 1.01711 1.00003
16.0401 1.01699 1.00002
16.1028 1.01687 1.00002
16.1654 1.01676 1.00002
16.2281 1.01665 1.00001
16.2907 1.01653 1.00001
16.3534 1.01642 1.00001
16.416 1.01631 1.00001
16.4787 1.0162 1
16.5414 1.01609 1
16.604 1.01598 0.999998
16.6667 1.01587 0.999996
16.7293 1.01576 0.999994
16.792 1.01566 0.999993
16.8546 1.01555 0.999991
16.9173 1.01545 0.99999
16.9799 1.01534 0.999989
17.0426 1.01524 0.999988
17.1053 1.01514 0.999988
17.1679 1.01503 0.999987
17.2306 1.01493 0.999987
17.2932 1.01483 0.999987
17.3559 1.01473 0.999987
17.4185 1.01463 0.999987
17.4812 1.01454 0.999987
17.5439 1.01444 0.999987
17.6065 1.01434 0.999988
17.6692 1.01424 0.999988
17.7318 1.01415 0.999989
17.7945 1.01405 0.999989
17.8571 1.01396 0.99999
17.9198 1.01386 0.999991
17.9825 1.01377 0.999992
18.0451 1.01368 0.999992
18.1078 1.01358 0.999993
18.1704 1.01349 0.999994
18.2331 1.0134 0.999995
18.2957 1.01331 0.999996
18.3584 1.01322 0.999996
18.4211 1.01313 0.999997
18.4837 1.01304 0.999998
18.5464 1.01295 0.999999
18.609 1.01286 0.999999
18.6717 1.01278 1
18.7343 1.01269 1
18.797 1.0126 1
18.8596 1.01252 1
18.9223 1.01243 1
18.985 1.01235 1
19.0476 1.01227 1
19.1103 1.01218 1
19.1729 1.0121 1
19.2356 1.01202 1
19.2982 1.01193 1
19.3609 1.01185 1
19.4236 1.01177 1
19.4862 1.01169 1
19.5489 1.01161 1
19.6115 1.01153 1
19.6742 1.01146 1
19.7368 1.01138 1
19.7995 1.0113 1
19.8622 1.01122 1
19.9248 1.01115 1
19.9875 1.01107 1
20.0501 1.011 1
20.1128 1.01092 1
20.1754 1.01085 1
20.2381 1.01077 1
20.3008 1.0107 1
20.3634 1.01063 1
20.4261 1.01055 1
20.4887 1.01048 1
20.5514 1.01041 1
20.614 1.01034 1
20.6767 1.01027 1
20.7393 1.0102 1
20.802 1.01013 1
20.8647 1.01006 1
20.9273 1.00999 1
20.99 1.00992 1
21.0526 1.00986 1
21.1153 1.00979 1
21.1779 1.00972 0.999999
21.2406 1.00966 0.999999
21.3033 1.00959 0.999999
21.3659 1.00953 0.999999
21.4286 1.00946 0.999999
21.4912 1.0094 0.999999
21.5539 1.00933 0.999999
21.6165 1.00927 0.999999
21.6792 1.00921 0.999999
21.7419 1.00914 0.999999
21.8045 1.00908 0.999999
21.8672 1.00902 0.999999
21.9298 1.00896 0.999999
21.9925 1.0089 0.999999
22.0551 1.00884 0.999999
22.1178 1.00878 0.999999
22.1805 1.00872 0.999999
22.2431 1.00866 0.999999
22.3058 1.0086 1
22.3684 1.00854 1
22.4311 1.00848 1
22.4937 1.00843 1
22.5564 1.00837 1
22.619 1.00831 1
22.6817 1.00826 1
22.7444 1.0082 1
22.807 1.00814 1
22.8697 1.00809 1
22.9323 1.00803 1
22.995 1.00798 1
23.0576 1.00792 1
23.1203 1.00787 1
23.183 1.00782 1
23.2456 1.00776 1
23.3083 1.00771 1
23.3709 1.00766 1
23.4336 1.00761 1
23.4962 1.00756 1
23.5589 1.0075 1
23.6216 1.00745 1
23.6842 1.0074 1
23.7469 1.00735 1
23.8095 1.0073 1
23.8722 1.00725 1
23.9348 1.0072 1
23.9975 1.00715 1
24.0602 1.00711 1
24.1228 1.00706 1
24.1855 1.00701 1
24.2481 1.00696 1
24.3108 1.00691 1
24.3734 1.00687 1
24.4361 1.00682 1
24.4987 1.00677 1
24.5614 1.00673 1
24.6241 1.00668 1
24.6867 1.00664 1
24.7494 1.00659 1
24.812 1.00655 1
24.8747 1.0065 1
24.9373 1.00646 1
25 1.00641 1
