w m0 f0 m1 f1 mc fc
0.001 80 -90.0401 79.9654 -94.6099 -0.0346019 -4.56983
0.00102334 79.7996 -90.041 79.7634 -94.7169 -0.036229 -4.67582
0.00104723 79.5992 -90.042 79.5613 -94.8262 -0.0379323 -4.78424
0.00107167 79.3988 -90.043 79.3591 -94.9381 -0.0397153 -4.89515
0.00109668 79.1984 -90.044 79.1568 -95.0526 -0.0415816 -5.00858
0.00112228 78.998 -90.045 78.9545 -95.1696 -0.0435353 -5.12461
0.00114847 78.7976 -90.0461 78.752 -95.2893 -0.0455802 -5.24328
0.00117528 78.5972 -90.0471 78.5495 -95.4118 -0.0477207 -5.36465
0.00120271 78.3968 -90.0482 78.3468 -95.537 -0.0499611 -5.48879
0.00123078 78.1964 -90.0494 78.1441 -95.6651 -0.052306 -5.61575
0.00125951 77.996 -90.0505 77.9412 -95.7961 -0.0547602 -5.74558
0.0012889 77.7956 -90.0517 77.7383 -95.9301 -0.0573289 -5.87837
0.00131899 77.5952 -90.0529 77.5352 -96.0671 -0.0600172 -6.01415
0.00134977 77.3948 -90.0541 77.332 -96.2071 -0.0628306 -6.15301
0.00138128 77.1944 -90.0554 77.1286 -96.3504 -0.0657748 -6.295
0.00141352 76.994 -90.0567 76.9251 -96.4969 -0.0688559 -6.44019
0.00144651 76.7936 -90.058 76.7215 -96.6467 -0.0720802 -6.58864
0.00148027 76.5932 -90.0594 76.5177 -96.7998 -0.075454 -6.74043
0.00151482 76.3928 -90.0608 76.3138 -96.9564 -0.0789843 -6.89562
0.00155018 76.1924 -90.0622 76.1097 -97.1165 -0.0826782 -7.05428
0.00158636 75.992 -90.0636 75.9054 -97.2801 -0.0865431 -7.21649
0.00162338 75.7916 -90.0651 75.701 -97.4474 -0.0905867 -7.38231
0.00166127 75.5912 -90.0666 75.4964 -97.6184 -0.0948171 -7.55181
0.00170005 75.3908 -90.0682 75.2915 -97.7933 -0.0992428 -7.72507
0.00173973 75.1904 -90.0698 75.0865 -97.9719 -0.103873 -7.90217
0.00178033 74.99 -90.0714 74.8813 -98.1546 -0.108716 -8.08317
0.00182189 74.7896 -90.0731 74.6758 -98.3412 -0.113781 -8.26816
0.00186441 74.5892 -90.0748 74.4701 -98.532 -0.11908 -8.45721
0.00190792 74.3888 -90.0765 74.2642 -98.7269 -0.124621 -8.65039
0.00195246 74.1884 -90.0783 74.058 -98.9261 -0.130417 -8.84779
0.00199803 73.988 -90.0801 73.8515 -99.1296 -0.136478 -9.04948
0.00204466 73.7876 -90.082 73.6448 -99.3376 -0.142815 -9.25555
0.00209238 73.5872 -90.0839 73.4377 -99.55 -0.149442 -9.46606
0.00214122 73.3868 -90.0859 73.2304 -99.767 -0.156371 -9.6811
0.0021912 73.1864 -90.0879 73.0228 -99.9886 -0.163615 -9.90075
0.00224234 72.986 -90.0899 72.8148 -100.215 -0.171187 -10.1251
0.00229468 72.7856 -90.092 72.6065 -100.446 -0.179103 -10.3542
0.00234823 72.5852 -90.0942 72.3978 -100.682 -0.187377 -10.5882
0.00240304 72.3848 -90.0964 72.1887 -100.923 -0.196024 -10.827
0.00245913 72.1844 -90.0986 71.9793 -101.17 -0.20506 -11.0709
0.00251653 71.984 -90.1009 71.7695 -101.421 -0.214503 -11.3199
0.00257526 71.7836 -90.1033 71.5592 -101.677 -0.224369 -11.5741
0.00263537 71.5832 -90.1057 71.3485 -101.939 -0.234676 -11.8334
0.00269688 71.3828 -90.1082 71.1373 -102.206 -0.245444 -12.0981
0.00275983 71.1824 -90.1107 70.9257 -102.479 -0.25669 -12.3682
0.00282424 70.982 -90.1133 70.7135 -102.757 -0.268436 -12.6438
0.00289016 70.7816 -90.1159 70.5009 -103.041 -0.280701 -12.9249
0.00295762 70.5812 -90.1186 70.2876 -103.33 -0.293508 -13.2116
0.00302665 70.3807 -90.1214 70.0739 -103.625 -0.306878 -13.504
0.00309729 70.1803 -90.1242 69.8595 -103.926 -0.320835 -13.8021
0.00316958 69.9799 -90.1271 69.6445 -104.233 -0.335401 -14.106
0.00324356 69.7795 -90.1301 69.4289 -104.546 -0.350601 -14.4158
0.00331927 69.5791 -90.1331 69.2127 -104.865 -0.366461 -14.7316
0.00339674 69.3787 -90.1362 68.9957 -105.19 -0.383007 -15.0533
0.00347602 69.1783 -90.1394 68.7781 -105.52 -0.400265 -15.381
0.00355715 68.9779 -90.1427 68.5597 -105.858 -0.418262 -15.7149
0.00364017 68.7775 -90.146 68.3405 -106.201 -0.437028 -16.0549
0.00372514 68.5771 -90.1494 68.1205 -106.55 -0.456591 -16.401
0.00381208 68.3767 -90.1529 67.8998 -106.906 -0.476981 -16.7533
0.00390106 68.1763 -90.1565 67.6781 -107.268 -0.498229 -17.1119
0.00399211 67.9759 -90.1601 67.4556 -107.637 -0.520367 -17.4768
0.00408529 67.7755 -90.1638 67.2321 -108.012 -0.543426 -17.8479
0.00418064 67.5751 -90.1677 67.0077 -108.393 -0.56744 -18.2252
0.00427821 67.3747 -90.1716 66.7823 -108.781 -0.592443 -18.6089
0.00437807 67.1743 -90.1756 66.5559 -109.174 -0.618468 -18.9989
0.00448025 66.9739 -90.1797 66.3284 -109.575 -0.645552 -19.3951
0.00458482 66.7735 -90.1839 66.0998 -109.982 -0.67373 -19.7976
0.00469183 66.5731 -90.1882 65.8701 -110.395 -0.703038 -20.2064
0.00480134 66.3727 -90.1926 65.6392 -110.814 -0.733513 -20.6213
0.00491341 66.1723 -90.1971 65.4071 -111.239 -0.765194 -21.0424
0.00502809 65.9719 -90.2017 65.1738 -111.671 -0.798117 -21.4696
0.00514544 65.7715 -90.2064 64.9392 -112.109 -0.832322 -21.9029
0.00526554 65.5711 -90.2112 64.7033 -112.553 -0.867847 -22.3421
0.00538844 65.3707 -90.2161 64.466 -113.003 -0.904731 -22.7871
0.00551421 65.1703 -90.2212 64.2273 -113.459 -0.943014 -23.238
0.00564291 64.9699 -90.2263 63.9872 -113.921 -0.982736 -23.6946
0.00577462 64.7695 -90.2316 63.7456 -114.388 -1.02394 -24.1567
0.0059094 64.5691 -90.237 63.5024 -114.861 -1.06665 -24.6242
0.00604732 64.3687 -90.2425 63.2578 -115.34 -1.11093 -25.097
0.00618847 64.1683 -90.2482 63.0115 -115.823 -1.1568 -25.5749
0.00633291 63.9679 -90.254 62.7636 -116.312 -1.20431 -26.0578
0.00648072 63.7675 -90.2599 62.514 -116.805 -1.25349 -26.5455
0.00663198 63.5671 -90.266 62.2627 -117.304 -1.30438 -27.0378
0.00678677 63.3667 -90.2722 62.0096 -117.807 -1.35703 -27.5344
0.00694518 63.1663 -90.2785 61.7548 -118.314 -1.41146 -28.0352
0.00710728 62.9659 -90.2851 61.4982 -118.825 -1.46772 -28.5399
0.00727317 62.7655 -90.2917 61.2396 -119.34 -1.52583 -29.0483
0.00744292 62.5651 -90.2985 60.9792 -119.859 -1.58584 -29.56
0.00761664 62.3647 -90.3055 60.7169 -120.38 -1.64778 -30.0749
0.00779442 62.1643 -90.3126 60.4526 -120.905 -1.71167 -30.5927
0.00797634 61.9638 -90.3199 60.1863 -121.433 -1.77755 -31.113
0.00816251 61.7634 -90.3274 59.918 -121.963 -1.84545 -31.6355
0.00835302 61.563 -90.335 59.6476 -122.495 -1.91539 -32.16
0.00854798 61.3626 -90.3428 59.3752 -123.029 -1.98741 -32.686
0.0087475 61.1622 -90.3508 59.1007 -123.564 -2.06151 -33.2132
0.00895166 60.9618 -90.359 58.8241 -124.1 -2.13773 -33.7414
0.0091606 60.7614 -90.3674 58.5453 -124.637 -2.21609 -34.27
0.00937441 60.561 -90.376 58.2644 -125.175 -2.29659 -34.7987
0.00959321 60.3606 -90.3848 57.9813 -125.712 -2.37926 -35.3272
0.00981712 60.1602 -90.3937 57.6961 -126.249 -2.46412 -35.8551
0.0100463 59.9598 -90.4029 57.4086 -126.785 -2.55116 -36.3819
0.0102807 59.7594 -90.4123 57.119 -127.32 -2.64039 -36.9072
0.0105207 59.559 -90.422 56.8271 -127.853 -2.73183 -37.4307
0.0107662 59.3586 -90.4318 56.5331 -128.384 -2.82547 -37.9519
0.0110175 59.1582 -90.4419 56.2368 -128.912 -2.92132 -38.4705
0.0112747 58.9578 -90.4522 55.9384 -129.438 -3.01937 -38.9859
0.0115378 58.7573 -90.4627 55.6377 -129.961 -3.11962 -39.4978
0.0118071 58.5569 -90.4735 55.3349 -130.479 -3.22205 -40.0057
0.0120827 58.3565 -90.4846 55.0299 -130.994 -3.32667 -40.5093
0.0123647 58.1561 -90.4959 54.7227 -131.504 -3.43344 -41.008
0.0126533 57.9557 -90.5075 54.4133 -132.009 -3.54237 -41.5015
0.0129486 57.7553 -90.5193 54.1019 -132.509 -3.65342 -41.9894
0.0132509 57.5549 -90.5314 53.7883 -133.003 -3.76658 -42.4713
0.0135602 57.3545 -90.5439 53.4726 -133.491 -3.88183 -42.9467
0.0138766 57.1541 -90.5565 53.1549 -133.972 -3.99914 -43.4153
0.0142005 56.9537 -90.5695 52.8352 -134.446 -4.11847 -43.8766
0.014532 56.7532 -90.5828 52.5134 -134.913 -4.23981 -44.3302
0.0148712 56.5528 -90.5964 52.1897 -135.372 -4.36311 -44.7759
0.0152183 56.3524 -90.6104 51.8641 -135.823 -4.48834 -45.2131
0.0155734 56.152 -90.6246 51.5365 -136.266 -4.61546 -45.6416
0.0159369 55.9516 -90.6392 51.2072 -136.7 -4.74443 -46.061
0.0163089 55.7512 -90.6541 50.8759 -137.125 -4.87522 -46.471
0.0166896 55.5508 -90.6694 50.543 -137.54 -5.00778 -46.8711
0.0170791 55.3503 -90.685 50.2083 -137.946 -5.14206 -47.2612
0.0174777 55.1499 -90.701 49.8719 -138.342 -5.27801 -47.6408
0.0178857 54.9495 -90.7173 49.5339 -138.727 -5.4156 -48.0097
0.0183031 54.7491 -90.7341 49.1943 -139.102 -5.55477 -48.3676
0.0187303 54.5487 -90.7512 48.8532 -139.465 -5.69546 -48.7142
0.0191675 54.3482 -90.7687 48.5106 -139.818 -5.83764 -49.0492
0.0196149 54.1478 -90.7867 48.1666 -140.159 -5.98123 -49.3724
0.0200727 53.9474 -90.805 47.8212 -140.489 -6.1262 -49.6836
0.0205412 53.747 -90.8238 47.4745 -140.806 -6.27249 -49.9824
0.0210206 53.5465 -90.8431 47.1265 -141.112 -6.42003 -50.2688
0.0215112 53.3461 -90.8627 46.7773 -141.405 -6.56878 -50.5424
0.0220133 53.1457 -90.8829 46.427 -141.686 -6.71868 -50.8032
0.0225271 52.9453 -90.9035 46.0756 -141.954 -6.86966 -51.0508
0.0230529 52.7448 -90.9246 45.7231 -142.21 -7.02168 -51.2852
0.023591 52.5444 -90.9461 45.3697 -142.452 -7.17466 -51.5061
0.0241416 52.344 -90.9682 45.0154 -142.682 -7.32856 -51.7134
0.024705 52.1435 -90.9908 44.6602 -142.898 -7.48331 -51.9071
0.0252817 51.9431 -91.0139 44.3042 -143.101 -7.63885 -52.0868
0.0258717 51.7426 -91.0376 43.9475 -143.29 -7.79513 -52.2526
0.0264756 51.5422 -91.0618 43.5901 -143.466 -7.95208 -52.4043
0.0270935 51.3418 -91.0866 43.2321 -143.628 -8.10964 -52.5419
0.0277259 51.1413 -91.112 42.8736 -143.777 -8.26775 -52.6651
0.028373 50.9409 -91.1379 42.5145 -143.912 -8.42634 -52.774
0.0290353 50.7404 -91.1645 42.155 -144.033 -8.58537 -52.8685
0.029713 50.54 -91.1916 41.7952 -144.14 -8.74477 -52.9486
0.0304065 50.3395 -91.2194 41.435 -144.233 -8.90447 -53.0141
0.0311162 50.1391 -91.2479 41.0746 -144.313 -9.06441 -53.065
0.0318424 49.9386 -91.277 40.7141 -144.378 -9.22454 -53.1013
0.0325856 49.7381 -91.3068 40.3534 -144.43 -9.38479 -53.123
0.0333462 49.5377 -91.3373 39.9926 -144.467 -9.5451 -53.1301
0.0341245 49.3372 -91.3685 39.6318 -144.491 -9.70541 -53.1225
0.034921 49.1367 -91.4005 39.2711 -144.501 -9.86566 -53.1003
0.035736 48.9363 -91.4332 38.9105 -144.497 -10.0258 -53.0635
0.0365701 48.7358 -91.4666 38.5501 -144.479 -10.1857 -53.0121
0.0374237 48.5353 -91.5008 38.1899 -144.447 -10.3454 -52.9461
0.0382971 48.3348 -91.5358 37.83 -144.401 -10.5048 -52.8656
0.039191 48.1343 -91.5717 37.4705 -144.342 -10.6638 -52.7706
0.0401057 47.9338 -91.6084 37.1115 -144.27 -10.8224 -52.6612
0.0410418 47.7333 -91.6459 36.7529 -144.183 -10.9805 -52.5375
0.0419997 47.5328 -91.6843 36.3948 -144.084 -11.138 -52.3995
0.04298 47.3323 -91.7236 36.0374 -143.971 -11.295 -52.2473
0.0439832 47.1318 -91.7638 35.6806 -143.845 -11.4512 -52.081
0.0450098 46.9313 -91.805 35.3246 -143.706 -11.6067 -51.9008
0.0460603 46.7308 -91.8471 34.9694 -143.554 -11.7614 -51.7067
0.0471353 46.5303 -91.8902 34.615 -143.389 -11.9153 -51.4989
0.0482355 46.3297 -91.9343 34.2615 -143.212 -12.0683 -51.2776
0.0493613 46.1292 -91.9794 33.9089 -143.022 -12.2202 -51.0427
0.0505134 45.9287 -92.0256 33.5575 -142.82 -12.3712 -50.7947
0.0516924 45.7281 -92.0729 33.207 -142.606 -12.5211 -50.5335
0.0528989 45.5275 -92.1212 32.8578 -142.381 -12.6698 -50.2594
0.0541336 45.327 -92.1707 32.5097 -142.143 -12.8173 -49.9727
0.0553971 45.1264 -92.2214 32.1629 -141.895 -12.9635 -49.6734
0.0566901 44.9258 -92.2732 31.8174 -141.635 -13.1084 -49.3618
0.0580132 44.7252 -92.3262 31.4732 -141.364 -13.252 -49.0382
0.0593673 44.5246 -92.3805 31.1305 -141.083 -13.3941 -48.7028
0.0607529 44.324 -92.4361 30.7893 -140.792 -13.5348 -48.3558
0.0621709 44.1234 -92.4929 30.4495 -140.49 -13.6739 -47.9976
0.063622 43.9228 -92.551 30.1114 -140.179 -13.8114 -47.6283
0.0651069 43.7221 -92.6105 29.7748 -139.859 -13.9473 -47.2483
0.0666265 43.5215 -92.6714 29.4399 -139.529 -14.0815 -46.8579
0.0681816 43.3208 -92.7338 29.1068 -139.191 -14.214 -46.4574
0.069773 43.1201 -92.7975 28.7754 -138.845 -14.3448 -46.0472
0.0714015 42.9194 -92.8628 28.4458 -138.49 -14.4737 -45.6275
0.073068 42.7187 -92.9296 28.118 -138.128 -14.6007 -45.1987
0.0747735 42.518 -92.9979 27.7921 -137.759 -14.7259 -44.7611
0.0765187 42.3173 -93.0678 27.4682 -137.383 -14.8491 -44.3152
0.0783047 42.1165 -93.1393 27.1461 -137.001 -14.9704 -43.8613
0.0801323 41.9158 -93.2126 26.8261 -136.612 -15.0897 -43.3997
0.0820026 41.715 -93.2875 26.5081 -136.218 -15.2069 -42.9309
0.0839166 41.5142 -93.3641 26.1921 -135.819 -15.3221 -42.4553
0.0858752 41.3134 -93.4426 25.8782 -135.416 -15.4352 -41.9732
0.0878795 41.1125 -93.5229 25.5664 -135.008 -15.5462 -41.4851
0.0899307 40.9117 -93.605 25.2567 -134.596 -15.655 -40.9914
0.0920297 40.7108 -93.6891 24.9491 -134.182 -15.7617 -40.4925
0.0941777 40.5099 -93.7751 24.6436 -133.764 -15.8663 -39.9888
0.0963758 40.309 -93.8631 24.3403 -133.344 -15.9686 -39.4807
0.0986252 40.108 -93.9531 24.0392 -132.922 -16.0688 -38.9687
0.100927 39.907 -94.0453 23.7403 -132.498 -16.1668 -38.4532
0.103283 39.706 -94.1396 23.4435 -132.074 -16.2625 -37.9346
0.105693 39.505 -94.2361 23.1489 -131.649 -16.3561 -37.4133
0.10816 39.3039 -94.3348 22.8564 -131.224 -16.4475 -36.8897
0.110685 39.1028 -94.4358 22.5662 -130.8 -16.5366 -36.3643
0.113268 38.9017 -94.5392 22.2781 -130.377 -16.6236 -35.8375
0.115912 38.7005 -94.6449 21.9922 -129.955 -16.7084 -35.3096
0.118617 38.4993 -94.7532 21.7084 -129.534 -16.791 -34.7811
0.121386 38.2981 -94.8639 21.4267 -129.116 -16.8714 -34.2523
0.124219 38.0968 -94.9772 21.1471 -128.701 -16.9497 -33.7237
0.127118 37.8955 -95.0931 20.8697 -128.289 -17.0258 -33.1956
0.130085 37.6942 -95.2118 20.5943 -127.88 -17.0999 -32.6684
0.133122 37.4928 -95.3331 20.3209 -127.476 -17.1718 -32.1424
0.136229 37.2913 -95.4573 20.0496 -127.075 -17.2417 -31.618
0.139408 37.0898 -95.5844 19.7803 -126.68 -17.3095 -31.0956
0.142662 36.8883 -95.7144 19.5129 -126.29 -17.3753 -30.5754
0.145992 36.6866 -95.8474 19.2475 -125.905 -17.4392 -30.0577
0.149399 36.485 -95.9835 18.9839 -125.526 -17.501 -29.5429
0.152886 36.2833 -96.1228 18.7223 -125.154 -17.561 -29.0312
0.156455 36.0815 -96.2652 18.4624 -124.788 -17.619 -28.523
0.160106 35.8796 -96.411 18.2044 -124.429 -17.6752 -28.0184
0.163843 35.6777 -96.5601 17.9481 -124.078 -17.7296 -27.5177
0.167668 35.4757 -96.7127 17.6935 -123.734 -17.7822 -27.0213
0.171581 35.2737 -96.8688 17.4406 -123.398 -17.833 -26.5291
0.175586 35.0715 -97.0285 17.1894 -123.07 -17.8822 -26.0416
0.179684 34.8693 -97.1919 16.9397 -122.751 -17.9296 -25.5589
0.183878 34.667 -97.3591 16.6916 -122.44 -17.9754 -25.0811
0.188169 34.4646 -97.5301 16.4449 -122.139 -18.0196 -24.6085
0.192561 34.2621 -97.705 16.1998 -121.846 -18.0623 -24.1411
0.197056 34.0595 -97.884 15.9561 -121.563 -18.1035 -23.6792
0.201655 33.8568 -98.0671 15.7137 -121.29 -18.1431 -23.2229
0.206362 33.654 -98.2544 15.4727 -121.027 -18.1814 -22.7722
0.211178 33.4511 -98.446 15.2329 -120.773 -18.2182 -22.3273
0.216107 33.2481 -98.642 14.9944 -120.53 -18.2537 -21.8883
0.221151 33.0449 -98.8424 14.7571 -120.298 -18.2879 -21.4553
0.226313 32.8417 -99.0475 14.5209 -120.076 -18.3207 -21.0283
0.231595 32.6383 -99.2573 14.2859 -119.865 -18.3524 -20.6074
0.237001 32.4347 -99.4718 14.0519 -119.664 -18.3828 -20.1926
0.242532 32.231 -99.6913 13.8189 -119.475 -18.4121 -19.7841
0.248193 32.0271 -99.9158 13.5869 -119.298 -18.4402 -19.3818
0.253986 31.8231 -100.145 13.3559 -119.131 -18.4673 -18.9858
0.259914 31.619 -100.38 13.1257 -118.976 -18.4933 -18.596
0.26598 31.4146 -100.62 12.8964 -118.833 -18.5182 -18.2125
0.272188 31.2101 -100.866 12.6678 -118.701 -18.5422 -17.8354
0.278541 31.0053 -101.117 12.4401 -118.582 -18.5652 -17.4645
0.285043 30.8004 -101.374 12.213 -118.474 -18.5873 -17.0998
0.291696 30.5952 -101.637 11.9867 -118.378 -18.6086 -16.7415
0.298504 30.3899 -101.905 11.7609 -118.295 -18.6289 -16.3893
0.305471 30.1843 -102.18 11.5358 -118.223 -18.6485 -16.0434
0.312601 29.9784 -102.461 11.3112 -118.165 -18.6672 -15.7036
0.319897 29.7723 -102.748 11.0872 -118.118 -18.6852 -15.37
0.327363 29.566 -103.042 10.8636 -118.084 -18.7024 -15.0424
0.335004 29.3594 -103.342 10.6404 -118.063 -18.7189 -14.7209
0.342823 29.1525 -103.649 10.4177 -118.054 -18.7348 -14.4054
0.350825 28.9453 -103.963 10.1953 -118.059 -18.7499 -14.0958
0.359013 28.7377 -104.284 9.97324 -118.076 -18.7645 -13.792
0.367392 28.5299 -104.611 9.75145 -118.106 -18.7784 -13.4941
0.375967 28.3217 -104.947 9.52991 -118.149 -18.7918 -13.2019
0.384743 28.1131 -105.289 9.30857 -118.205 -18.8046 -12.9154
0.393723 27.9042 -105.639 9.0874 -118.274 -18.8168 -12.6345
0.402912 27.6949 -105.997 8.86636 -118.356 -18.8285 -12.3591
0.412316 27.4852 -106.363 8.64542 -118.452 -18.8398 -12.0892
0.42194 27.2751 -106.737 8.42453 -118.561 -18.8505 -11.8247
0.431788 27.0645 -107.119 8.20365 -118.684 -18.8608 -11.5655
0.441866 26.8534 -107.509 7.98276 -118.82 -18.8707 -11.3115
0.452179 26.6419 -107.907 7.76181 -118.97 -18.8801 -11.0627
0.462733 26.4299 -108.315 7.54076 -119.134 -18.8891 -10.819
0.473533 26.2173 -108.731 7.31957 -119.311 -18.8978 -10.5803
0.484586 26.0042 -109.156 7.09821 -119.502 -18.906 -10.3465
0.495896 25.7906 -109.59 6.87664 -119.707 -18.9139 -10.1175
0.507471 25.5763 -110.033 6.65482 -119.926 -18.9215 -9.89334
0.519315 25.3614 -110.485 6.43271 -120.159 -18.9287 -9.67385
0.531436 25.1459 -110.948 6.21026 -120.407 -18.9356 -9.45895
0.54384 24.9297 -111.42 5.98745 -120.668 -18.9423 -9.24859
0.556533 24.7128 -111.901 5.76423 -120.944 -18.9486 -9.04268
0.569523 24.4952 -112.393 5.54055 -121.234 -18.9546 -8.84113
0.582815 24.2768 -112.895 5.31638 -121.539 -18.9604 -8.64387
0.596418 24.0576 -113.407 5.09167 -121.858 -18.966 -8.45083
0.610339 23.8376 -113.93 4.86639 -122.192 -18.9712 -8.26192
0.624584 23.6168 -114.464 4.64048 -122.541 -18.9763 -8.07706
0.639162 23.395 -115.008 4.41391 -122.904 -18.9811 -7.89619
0.654081 23.1724 -115.563 4.18662 -123.282 -18.9858 -7.71922
0.669347 22.9488 -116.129 3.95858 -123.675 -18.9902 -7.54609
0.68497 22.7241 -116.706 3.72974 -124.083 -18.9944 -7.37671
0.700957 22.4985 -117.295 3.50005 -124.506 -18.9984 -7.21101
0.717317 22.2718 -117.895 3.26946 -124.944 -19.0023 -7.04893
0.73406 22.0439 -118.507 3.03792 -125.397 -19.006 -6.89038
0.751193 21.8149 -119.13 2.80539 -125.865 -19.0095 -6.73531
0.768726 21.5847 -119.765 2.57181 -126.349 -19.0129 -6.58363
0.786668 21.3532 -120.413 2.33714 -126.848 -19.0161 -6.43529
0.805029 21.1205 -121.072 2.10132 -127.362 -19.0192 -6.29021
0.823819 20.8864 -121.743 1.86429 -127.892 -19.0221 -6.14832
0.843047 20.6509 -122.427 1.62602 -128.437 -19.0249 -6.00957
0.862724 20.414 -123.123 1.38643 -128.997 -19.0276 -5.87388
0.88286 20.1757 -123.832 1.14548 -129.573 -19.0302 -5.7412
0.903466 19.9357 -124.553 0.903117 -130.164 -19.0326 -5.61146
0.924553 19.6942 -125.286 0.659273 -130.771 -19.035 -5.4846
0.946132 19.4511 -126.032 0.413898 -131.393 -19.0372 -5.36055
0.968215 19.2063 -126.791 0.166931 -132.031 -19.0393 -5.23927
0.990814 18.9597 -127.563 -0.0816848 -132.683 -19.0414 -5.12069
1.01394 18.7113 -128.347 -0.332009 -133.352 -19.0433 -5.00475
1.03761 18.4611 -129.144 -0.584101 -134.035 -19.0452 -4.8914
1.06182 18.209 -129.954 -0.838021 -134.734 -19.047 -4.78058
1.08661 17.9548 -130.776 -1.09383 -135.449 -19.0487 -4.67224
1.11197 17.6987 -131.612 -1.35159 -136.178 -19.0503 -4.56633
1.13792 17.4405 -132.459 -1.61136 -136.922 -19.0519 -4.46278
1.16448 17.1801 -133.32 -1.8732 -137.682 -19.0533 -4.36156
1.19166 16.9176 -134.193 -2.13717 -138.456 -19.0548 -4.26261
1.21947 16.6528 -135.079 -2.40334 -139.245 -19.0561 -4.16588
1.24794 16.3856 -135.977 -2.67176 -140.048 -19.0574 -4.07133
1.27706 16.1161 -136.887 -2.94251 -140.866 -19.0586 -3.9789
1.30687 15.8442 -137.81 -3.21563 -141.698 -19.0598 -3.88855
1.33737 15.5697 -138.745 -3.49119 -142.545 -19.0609 -3.80023
1.36859 15.2928 -139.692 -3.76925 -143.405 -19.062 -3.71391
1.40053 15.0132 -140.65 -4.04987 -144.28 -19.063 -3.62953
1.43322 14.7309 -141.62 -4.33311 -145.167 -19.064 -3.54705
1.46667 14.4459 -142.602 -4.61903 -146.069 -19.065 -3.46643
1.5009 14.1582 -143.595 -4.90769 -146.983 -19.0659 -3.38764
1.53593 13.8676 -144.599 -5.19913 -147.91 -19.0667 -3.31062
1.57178 13.5741 -145.614 -5.49343 -148.85 -19.0675 -3.23534
1.60847 13.2777 -146.64 -5.79062 -149.802 -19.0683 -3.16177
1.64601 12.9783 -147.676 -6.09078 -150.766 -19.069 -3.08985
1.68443 12.6758 -148.723 -6.39394 -151.742 -19.0698 -3.01957
1.72374 12.3703 -149.779 -6.70016 -152.73 -19.0704 -2.95087
1.76398 12.0616 -150.845 -7.00949 -153.728 -19.0711 -2.88373
1.80515 11.7497 -151.92 -7.32197 -154.738 -19.0717 -2.81811
1.84728 11.4346 -153.004 -7.63766 -155.758 -19.0723 -2.75398
1.8904 11.1163 -154.097 -7.9566 -156.788 -19.0729 -2.6913
1.93452 10.7946 -155.198 -8.27883 -157.828 -19.0734 -2.63004
1.97967 10.4695 -156.308 -8.60439 -158.878 -19.0739 -2.57017
2.02588 10.1411 -157.425 -8.93332 -159.937 -19.0744 -2.51166
2.07316 9.80922 -158.55 -9.26566 -161.004 -19.0749 -2.45448
2.12155 9.47388 -159.681 -9.60145 -162.08 -19.0753 -2.39859
2.17107 9.13505 -160.82 -9.94071 -163.164 -19.0758 -2.34397
2.22174 8.79268 -161.964 -10.2835 -164.255 -19.0762 -2.29059
2.2736 8.44675 -163.115 -10.6298 -165.354 -19.0766 -2.23842
2.32666 8.09724 -164.272 -10.9797 -166.459 -19.0769 -2.18744
2.38097 7.74411 -165.433 -11.3332 -167.571 -19.0773 -2.13762
2.43654 7.38735 -166.6 -11.6903 -168.689 -19.0776 -2.08892
2.49341 7.02693 -167.771 -12.051 -169.812 -19.078 -2.04134
2.55161 6.66283 -168.946 -12.4154 -170.941 -19.0783 -1.99483
2.61116 6.29504 -170.125 -12.7835 -172.074 -19.0786 -1.94939
2.67211 5.92354 -171.307 -13.1553 -173.212 -19.0788 -1.90497
2.73447 5.5483 -172.492 -13.5308 -174.354 -19.0791 -1.86157
2.7983 5.16934 -173.68 -13.91 -175.499 -19.0794 -1.81915
2.86361 4.78662 -174.87 -14.293 -176.647 -19.0796 -1.7777
2.93045 4.40014 -176.061 -14.6797 -177.798 -19.0799 -1.73719
2.99884 4.0099 -177.254 -15.0702 -178.951 -19.0801 -1.6976
3.06884 3.61589 -178.447 -15.4644 -180.106 -19.0803 -1.65891
3.14047 3.21811 -179.642 -15.8624 -181.263 -19.0805 -1.62111
3.21376 2.81655 -180.836 -16.2641 -182.42 -19.0807 -1.58416
3.28877 2.41122 -182.03 -16.6697 -183.578 -19.0809 -1.54805
3.36553 2.00212 -183.223 -17.0789 -184.736 -19.0811 -1.51277
3.44409 1.58925 -184.416 -17.492 -185.894 -19.0812 -1.47829
3.52447 1.17262 -185.607 -17.9088 -187.051 -19.0814 -1.44459
3.60673 0.752234 -186.796 -18.3293 -188.207 -19.0816 -1.41166
3.69092 0.328104 -187.982 -18.7536 -189.362 -19.0817 -1.37948
3.77706 -0.0997605 -189.166 -19.1816 -190.514 -19.0818 -1.34804
3.86522 -0.531345 -190.347 -19.6133 -191.664 -19.082 -1.31731
3.95544 -0.966635 -191.524 -20.0487 -192.812 -19.0821 -1.28728
4.04776 -1.40561 -192.698 -20.4878 -193.956 -19.0822 -1.25793
4.14223 -1.84826 -193.867 -20.9306 -195.096 -19.0824 -1.22925
4.23891 -2.29456 -195.032 -21.377 -196.233 -19.0825 -1.20123
4.33785 -2.74449 -196.191 -21.8271 -197.365 -19.0826 -1.17384
4.4391 -3.19801 -197.346 -22.2807 -198.493 -19.0827 -1.14708
4.54271 -3.65512 -198.494 -22.7379 -199.615 -19.0828 -1.12093
4.64873 -4.11577 -199.636 -23.1986 -200.732 -19.0829 -1.09537
4.75724 -4.57994 -200.772 -23.6629 -201.843 -19.083 -1.07039
4.86827 -5.0476 -201.901 -24.1306 -202.947 -19.083 -1.04599
4.9819 -5.51871 -203.023 -24.6018 -204.045 -19.0831 -1.02214
5.09818 -5.99323 -204.137 -25.0764 -205.136 -19.0832 -0.998833
5.21717 -6.47114 -205.243 -25.5544 -206.219 -19.0833 -0.976058
5.33894 -6.95239 -206.341 -26.0357 -207.295 -19.0833 -0.953802
5.46355 -7.43693 -207.431 -26.5203 -208.363 -19.0834 -0.932053
5.59107 -7.92473 -208.511 -27.0082 -209.422 -19.0835 -0.9108
5.72157 -8.41575 -209.583 -27.4993 -210.473 -19.0835 -0.890032
5.85511 -8.90993 -210.645 -27.9935 -211.515 -19.0836 -0.869736
5.99177 -9.40724 -211.697 -28.4909 -212.547 -19.0837 -0.849904
6.13162 -9.90761 -212.739 -28.9913 -213.57 -19.0837 -0.830523
6.27473 -10.411 -213.771 -29.4948 -214.583 -19.0838 -0.811584
6.42119 -10.9174 -214.793 -30.0012 -215.586 -19.0838 -0.793077
6.57106 -11.4267 -215.804 -30.5105 -216.579 -19.0839 -0.774992
6.72443 -11.9388 -216.803 -31.0227 -217.561 -19.0839 -0.757319
6.88138 -12.4538 -217.792 -31.5377 -218.532 -19.0839 -0.740049
7.04199 -12.9715 -218.769 -32.0555 -219.492 -19.084 -0.723173
7.20635 -13.4919 -219.735 -32.5759 -220.441 -19.084 -0.706681
7.37455 -14.015 -220.689 -33.099 -221.379 -19.0841 -0.690565
7.54667 -14.5406 -221.631 -33.6247 -222.305 -19.0841 -0.674817
7.72281 -15.0688 -222.561 -34.1529 -223.22 -19.0841 -0.659428
7.90307 -15.5994 -223.478 -34.6836 -224.123 -19.0842 -0.64439
8.08752 -16.1325 -224.384 -35.2167 -225.014 -19.0842 -0.629694
8.27629 -16.6679 -225.277 -35.7521 -225.892 -19.0842 -0.615334
8.46946 -17.2056 -226.158 -36.2898 -226.759 -19.0843 -0.601301
8.66714 -17.7455 -227.026 -36.8298 -227.613 -19.0843 -0.587588
8.86943 -18.2876 -227.881 -37.3719 -228.455 -19.0843 -0.574187
9.07645 -18.8319 -228.724 -37.9162 -229.285 -19.0843 -0.561093
9.28829 -19.3781 -229.554 -38.4625 -230.103 -19.0844 -0.548296
9.50508 -19.9264 -230.372 -39.0108 -230.907 -19.0844 -0.535792
9.72693 -20.4767 -231.176 -39.5611 -231.7 -19.0844 -0.523573
9.95396 -21.0288 -231.968 -40.1132 -232.48 -19.0844 -0.511632
10.1863 -21.5827 -232.747 -40.6672 -233.247 -19.0844 -0.499964
10.424 -22.1385 -233.514 -41.2229 -234.002 -19.0845 -0.488561
10.6673 -22.6959 -234.268 -41.7804 -234.745 -19.0845 -0.477419
10.9163 -23.2551 -235.009 -42.3395 -235.475 -19.0845 -0.466531
11.1711 -23.8158 -235.737 -42.9003 -236.193 -19.0845 -0.455891
11.4318 -24.3781 -236.453 -43.4626 -236.899 -19.0845 -0.445494
11.6987 -24.9419 -237.157 -44.0265 -237.592 -19.0845 -0.435333
11.9717 -25.5072 -237.848 -44.5918 -238.273 -19.0846 -0.425405
12.2511 -26.0739 -238.527 -45.1585 -238.942 -19.0846 -0.415703
12.5371 -26.642 -239.193 -45.7265 -239.599 -19.0846 -0.406222
12.8297 -27.2113 -239.848 -46.2959 -240.245 -19.0846 -0.396957
13.1291 -27.782 -240.49 -46.8666 -240.878 -19.0846 -0.387904
13.4356 -28.3539 -241.121 -47.4385 -241.5 -19.0846 -0.379057
13.7492 -28.9269 -241.739 -48.0116 -242.11 -19.0846 -0.370412
14.0701 -29.5011 -242.346 -48.5858 -242.708 -19.0846 -0.361964
14.3985 -30.0765 -242.942 -49.1611 -243.296 -19.0846 -0.353709
14.7345 -30.6528 -243.526 -49.7375 -243.872 -19.0847 -0.345642
15.0785 -31.2302 -244.099 -50.3149 -244.437 -19.0847 -0.337758
15.4304 -31.8086 -244.661 -50.8933 -244.991 -19.0847 -0.330055
15.7905 -32.3879 -245.211 -51.4726 -245.534 -19.0847 -0.322528
16.1591 -32.9681 -245.751 -52.0528 -246.066 -19.0847 -0.315172
16.5362 -33.5492 -246.28 -52.6339 -246.588 -19.0847 -0.307983
16.9222 -34.1312 -246.799 -53.2159 -247.1 -19.0847 -0.300959
17.3172 -34.7139 -247.307 -53.7986 -247.601 -19.0847 -0.294095
17.7214 -35.2974 -247.805 -54.3822 -248.092 -19.0847 -0.287388
18.135 -35.8817 -248.293 -54.9664 -248.573 -19.0847 -0.280833
18.5583 -36.4667 -248.77 -55.5514 -249.045 -19.0847 -0.274428
18.9914 -37.0524 -249.238 -56.1371 -249.507 -19.0847 -0.268169
19.4347 -37.6387 -249.697 -56.7235 -249.959 -19.0847 -0.262053
19.8883 -38.2257 -250.146 -57.3104 -250.402 -19.0847 -0.256076
20.3525 -38.8133 -250.585 -57.898 -250.835 -19.0847 -0.250236
20.8275 -39.4014 -251.016 -58.4862 -251.26 -19.0848 -0.244528
21.3136 -39.9902 -251.437 -59.0749 -251.676 -19.0848 -0.238951
21.8111 -40.5794 -251.849 -59.6642 -252.083 -19.0848 -0.233501
22.3202 -41.1692 -252.253 -60.254 -252.481 -19.0848 -0.228176
22.8411 -41.7595 -252.648 -60.8443 -252.871 -19.0848 -0.222972
23.3742 -42.3502 -253.035 -61.435 -253.253 -19.0848 -0.217886
23.9198 -42.9414 -253.414 -62.0262 -253.627 -19.0848 -0.212917
24.4781 -43.5331 -253.784 -62.6179 -253.992 -19.0848 -0.208061
25.0494 -44.1251 -254.147 -63.2099 -254.35 -19.0848 -0.203315
25.6341 -44.7176 -254.502 -63.8024 -254.7 -19.0848 -0.198678
26.2324 -45.3104 -254.849 -64.3952 -255.043 -19.0848 -0.194147
26.8446 -45.9036 -255.188 -64.9884 -255.378 -19.0848 -0.189719
27.4712 -46.4972 -255.521 -65.582 -255.706 -19.0848 -0.185392
28.1124 -47.091 -255.846 -66.1758 -256.027 -19.0848 -0.181163
28.7685 -47.6853 -256.164 -66.7701 -256.341 -19.0848 -0.177031
29.44 -48.2798 -256.475 -67.3646 -256.648 -19.0848 -0.172994
30.1271 -48.8746 -256.779 -67.9594 -256.948 -19.0848 -0.169048
30.8303 -49.4697 -257.076 -68.5545 -257.242 -19.0848 -0.165193
31.5499 -50.065 -257.367 -69.1498 -257.529 -19.0848 -0.161425
32.2863 -50.6606 -257.652 -69.7455 -257.81 -19.0848 -0.157743
33.0399 -51.2565 -257.931 -70.3413 -258.085 -19.0848 -0.154145
33.811 -51.8526 -258.203 -70.9374 -258.353 -19.0848 -0.15063
34.6002 -52.4489 -258.469 -71.5337 -258.616 -19.0848 -0.147194
35.4077 -53.0455 -258.729 -72.1303 -258.873 -19.0848 -0.143837
36.2342 -53.6422 -258.984 -72.727 -259.125 -19.0848 -0.140556
37.0799 -54.2392 -259.233 -73.324 -259.37 -19.0848 -0.137351
37.9453 -54.8363 -259.476 -73.9211 -259.611 -19.0848 -0.134218
38.831 -55.4336 -259.714 -74.5184 -259.846 -19.0848 -0.131157
39.7373 -56.0311 -259.947 -75.1159 -260.075 -19.0848 -0.128165
40.6648 -56.6288 -260.175 -75.7136 -260.3 -19.0848 -0.125242
41.6139 -57.2266 -260.397 -76.3114 -260.519 -19.0848 -0.122386
42.5852 -57.8245 -260.615 -76.9094 -260.734 -19.0848 -0.119594
43.5791 -58.4226 -260.827 -77.5075 -260.944 -19.0848 -0.116867
44.5963 -59.0209 -261.035 -78.1057 -261.149 -19.0848 -0.114201
45.6372 -59.6193 -261.238 -78.7041 -261.35 -19.0848 -0.111597
46.7023 -60.2178 -261.437 -79.3026 -261.546 -19.0848 -0.109051
47.7924 -60.8164 -261.631 -79.9012 -261.738 -19.0848 -0.106564
48.9079 -61.4151 -261.821 -80.5 -261.925 -19.0848 -0.104134
50.0494 -62.014 -262.007 -81.0988 -262.108 -19.0848 -0.101758
51.2176 -62.6129 -262.188 -81.6978 -262.288 -19.0848 -0.0994376
52.413 -63.212 -262.365 -82.2968 -262.463 -19.0848 -0.0971697
53.6363 -63.8111 -262.539 -82.896 -262.634 -19.0848 -0.0949534
54.8882 -64.4104 -262.708 -83.4952 -262.801 -19.0848 -0.0927877
56.1693 -65.0097 -262.874 -84.0946 -262.965 -19.0848 -0.0906715
57.4803 -65.6091 -263.036 -84.694 -263.124 -19.0848 -0.0886034
58.8219 -66.2086 -263.194 -85.2935 -263.281 -19.0848 -0.0865826
60.1948 -66.8082 -263.349 -85.893 -263.433 -19.0848 -0.0846078
61.5998 -67.4078 -263.5 -86.4927 -263.583 -19.0848 -0.0826781
63.0375 -68.0076 -263.648 -87.0924 -263.728 -19.0848 -0.0807924
64.5088 -68.6073 -263.792 -87.6922 -263.871 -19.0848 -0.0789497
66.0145 -69.2072 -263.933 -88.292 -264.01 -19.0848 -0.077149
67.5553 -69.8071 -264.071 -88.8919 -264.147 -19.0848 -0.0753894
69.132 -70.4071 -264.206 -89.4919 -264.28 -19.0848 -0.07367
70.7456 -71.0071 -264.338 -90.0919 -264.41 -19.0848 -0.0719897
72.3968 -71.6071 -264.467 -90.692 -264.537 -19.0848 -0.0703478
74.0866 -72.2073 -264.593 -91.2921 -264.661 -19.0848 -0.0687433
75.8158 -72.8074 -264.716 -91.8923 -264.783 -19.0848 -0.0671754
77.5853 -73.4077 -264.836 -92.4925 -264.902 -19.0848 -0.0656433
79.3962 -74.0079 -264.954 -93.0928 -265.018 -19.0848 -0.0641461
81.2493 -74.6082 -265.068 -93.6931 -265.131 -19.0848 -0.0626831
83.1457 -75.2086 -265.181 -94.2934 -265.242 -19.0848 -0.0612534
85.0863 -75.809 -265.29 -94.8938 -265.35 -19.0848 -0.0598563
87.0722 -76.4094 -265.398 -95.4942 -265.456 -19.0848 -0.0584911
89.1045 -77.0098 -265.502 -96.0947 -265.56 -19.0848 -0.0571571
91.1843 -77.6103 -265.605 -96.6952 -265.661 -19.0848 -0.0558535
93.3125 -78.2108 -265.705 -97.2957 -265.76 -19.0848 -0.0545796
95.4904 -78.8114 -265.803 -97.8962 -265.856 -19.0848 -0.0533347
97.7192 -79.412 -265.898 -98.4968 -265.951 -19.0848 -0.0521183
100 -80.0126 -265.992 -99.0974 -266.043 -19.0848 -0.0509296
