x mag fase
0.001 -0.00042993 -0.515643
0.00102334 -0.000450232 -0.527677
0.00104723 -0.000471493 -0.539992
0.00107167 -0.000493758 -0.552595
0.00109668 -0.000517075 -0.565491
0.00112228 -0.000541492 -0.578689
0.00114847 -0.000567063 -0.592194
0.00117528 -0.00059384 -0.606015
0.00120271 -0.000621883 -0.620158
0.00123078 -0.000651249 -0.634631
0.00125951 -0.000682002 -0.649442
0.0012889 -0.000714207 -0.664598
0.00131899 -0.000747932 -0.680108
0.00134977 -0.00078325 -0.695979
0.00138128 -0.000820236 -0.712221
0.00141352 -0.000858968 -0.728842
0.00144651 -0.000899528 -0.745851
0.00148027 -0.000942004 -0.763257
0.00151482 -0.000986485 -0.781068
0.00155018 -0.00103307 -0.799295
0.00158636 -0.00108185 -0.817948
0.00162338 -0.00113293 -0.837035
0.00166127 -0.00118643 -0.856568
0.00170005 -0.00124245 -0.876556
0.00173973 -0.00130111 -0.89701
0.00178033 -0.00136255 -0.917942
0.00182189 -0.00142688 -0.939362
0.00186441 -0.00149426 -0.961281
0.00190792 -0.00156481 -0.983712
0.00195246 -0.0016387 -1.00667
0.00199803 -0.00171607 -1.03015
0.00204466 -0.00179709 -1.05419
0.00209238 -0.00188194 -1.07879
0.00214122 -0.0019708 -1.10396
0.0021912 -0.00206384 -1.12972
0.00224234 -0.00216129 -1.15607
0.00229468 -0.00226333 -1.18305
0.00234823 -0.00237018 -1.21065
0.00240304 -0.00248208 -1.23889
0.00245913 -0.00259926 -1.2678
0.00251653 -0.00272197 -1.29737
0.00257526 -0.00285048 -1.32764
0.00263537 -0.00298504 -1.35861
0.00269688 -0.00312596 -1.3903
0.00275983 -0.00327353 -1.42274
0.00282424 -0.00342806 -1.45592
0.00289016 -0.00358988 -1.48989
0.00295762 -0.00375934 -1.52464
0.00302665 -0.00393679 -1.5602
0.00309729 -0.00412262 -1.59659
0.00316958 -0.00431721 -1.63383
0.00324356 -0.00452098 -1.67193
0.00331927 -0.00473437 -1.71092
0.00339674 -0.00495782 -1.75082
0.00347602 -0.00519181 -1.79165
0.00355715 -0.00543684 -1.83343
0.00364017 -0.00569342 -1.87618
0.00372514 -0.00596211 -1.91993
0.00381208 -0.00624346 -1.96469
0.00390106 -0.00653809 -2.0105
0.00399211 -0.0068466 -2.05737
0.00408529 -0.00716966 -2.10533
0.00418064 -0.00750795 -2.1544
0.00427821 -0.00786219 -2.20462
0.00437807 -0.00823312 -2.256
0.00448025 -0.00862154 -2.30858
0.00458482 -0.00902826 -2.36238
0.00469183 -0.00945415 -2.41743
0.00480134 -0.00990011 -2.47376
0.00491341 -0.0103671 -2.5314
0.00502809 -0.010856 -2.59037
0.00514544 -0.011368 -2.65071
0.00526554 -0.0119041 -2.71246
0.00538844 -0.0124655 -2.77563
0.00551421 -0.0130533 -2.84027
0.00564291 -0.0136687 -2.90641
0.00577462 -0.0143132 -2.97408
0.0059094 -0.0149879 -3.04332
0.00604732 -0.0156944 -3.11416
0.00618847 -0.0164341 -3.18665
0.00633291 -0.0172087 -3.26081
0.00648072 -0.0180197 -3.33668
0.00663198 -0.0188688 -3.41431
0.00678677 -0.0197578 -3.49373
0.00694518 -0.0206886 -3.57499
0.00710728 -0.0216631 -3.65813
0.00727317 -0.0226834 -3.74318
0.00744292 -0.0237517 -3.83019
0.00761664 -0.0248701 -3.91921
0.00779442 -0.026041 -4.01028
0.00797634 -0.0272669 -4.10345
0.00816251 -0.0285502 -4.19876
0.00835302 -0.0298938 -4.29626
0.00854798 -0.0313004 -4.39601
0.0087475 -0.0327728 -4.49804
0.00895166 -0.0343143 -4.60241
0.0091606 -0.035928 -4.70918
0.00937441 -0.0376172 -4.81839
0.00959321 -0.0393855 -4.9301
0.00981712 -0.0412365 -5.04437
0.0100463 -0.0431741 -5.16124
0.0102807 -0.0452022 -5.28078
0.0105207 -0.0473251 -5.40305
0.0107662 -0.049547 -5.5281
0.0110175 -0.0518727 -5.65599
0.0112747 -0.0543068 -5.78679
0.0115378 -0.0568544 -5.92055
0.0118071 -0.0595207 -6.05734
0.0120827 -0.0623111 -6.19723
0.0123647 -0.0652313 -6.34028
0.0126533 -0.0682873 -6.48655
0.0129486 -0.0714852 -6.63612
0.0132509 -0.0748316 -6.78904
0.0135602 -0.0783333 -6.9454
0.0138766 -0.0819971 -7.10526
0.0142005 -0.0858307 -7.26869
0.014532 -0.0898416 -7.43577
0.0148712 -0.0940378 -7.60656
0.0152183 -0.0984278 -7.78115
0.0155734 -0.10302 -7.9596
0.0159369 -0.107824 -8.142
0.0163089 -0.112849 -8.32842
0.0166896 -0.118105 -8.51893
0.0170791 -0.123603 -8.71362
0.0174777 -0.129352 -8.91257
0.0178857 -0.135365 -9.11584
0.0183031 -0.141652 -9.32353
0.0187303 -0.148226 -9.53572
0.0191675 -0.1551 -9.75248
0.0196149 -0.162287 -9.97389
0.0200727 -0.1698 -10.2
0.0205412 -0.177654 -10.431
0.0210206 -0.185863 -10.6669
0.0215112 -0.194442 -10.9077
0.0220133 -0.203409 -11.1536
0.0225271 -0.212778 -11.4047
0.0230529 -0.222569 -11.6609
0.023591 -0.232797 -11.9225
0.0241416 -0.243482 -12.1895
0.024705 -0.254643 -12.4619
0.0252817 -0.266299 -12.7398
0.0258717 -0.278472 -13.0233
0.0264756 -0.291183 -13.3126
0.0270935 -0.304453 -13.6075
0.0277259 -0.318306 -13.9083
0.028373 -0.332765 -14.215
0.0290353 -0.347854 -14.5277
0.029713 -0.363598 -14.8463
0.0304065 -0.380023 -15.171
0.0311162 -0.397157 -15.5019
0.0318424 -0.415026 -15.8389
0.0325856 -0.433658 -16.1822
0.0333462 -0.453083 -16.5317
0.0341245 -0.473331 -16.8875
0.034921 -0.494432 -17.2497
0.035736 -0.516418 -17.6182
0.0365701 -0.53932 -17.9931
0.0374237 -0.563172 -18.3745
0.0382971 -0.588008 -18.7622
0.039191 -0.613863 -19.1564
0.0401057 -0.64077 -19.557
0.0410418 -0.668766 -19.9639
0.0419997 -0.697888 -20.3773
0.04298 -0.728172 -20.797
0.0439832 -0.759656 -21.223
0.0450098 -0.792378 -21.6553
0.0460603 -0.826378 -22.0937
0.0471353 -0.861692 -22.5383
0.0482355 -0.898362 -22.989
0.0493613 -0.936427 -23.4457
0.0505134 -0.975926 -23.9082
0.0516924 -1.0169 -24.3764
0.0528989 -1.05939 -24.8503
0.0541336 -1.10343 -25.3297
0.0553971 -1.14906 -25.8144
0.0566901 -1.19633 -26.3043
0.0580132 -1.24527 -26.7992
0.0593673 -1.29592 -27.2989
0.0607529 -1.34833 -27.8033
0.0621709 -1.40251 -28.312
0.063622 -1.45853 -28.825
0.0651069 -1.5164 -29.3418
0.0666265 -1.57616 -29.8624
0.0681816 -1.63786 -30.3863
0.069773 -1.70151 -30.9134
0.0714015 -1.76716 -31.4433
0.073068 -1.83483 -31.9758
0.0747735 -1.90455 -32.5105
0.0765187 -1.97634 -33.0471
0.0783047 -2.05023 -33.5852
0.0801323 -2.12625 -34.1245
0.0820026 -2.20441 -34.6647
0.0839166 -2.28473 -35.2054
0.0858752 -2.36723 -35.7462
0.0878795 -2.45192 -36.2866
0.0899307 -2.53881 -36.8264
0.0920297 -2.62791 -37.3652
0.0941777 -2.71924 -37.9024
0.0963758 -2.81279 -38.4378
0.0986252 -2.90856 -38.9708
0.100927 -3.00655 -39.5012
0.103283 -3.10676 -40.0284
0.105693 -3.20919 -40.5521
0.10816 -3.31382 -41.0718
0.110685 -3.42064 -41.5872
0.113268 -3.52964 -42.0978
0.115912 -3.6408 -42.6031
0.118617 -3.7541 -43.1029
0.121386 -3.86951 -43.5966
0.124219 -3.98703 -44.084
0.127118 -4.10661 -44.5645
0.130085 -4.22823 -45.0379
0.133122 -4.35186 -45.5037
0.136229 -4.47746 -45.9615
0.139408 -4.605 -46.4111
0.142662 -4.73444 -46.852
0.145992 -4.86574 -47.284
0.149399 -4.99887 -47.7066
0.152886 -5.13377 -48.1196
0.156455 -5.27041 -48.5227
0.160106 -5.40873 -48.9155
0.163843 -5.5487 -49.2978
0.167668 -5.69026 -49.6693
0.171581 -5.83336 -50.0296
0.175586 -5.97796 -50.3787
0.179684 -6.12399 -50.7162
0.183878 -6.27142 -51.0419
0.188169 -6.42018 -51.3555
0.192561 -6.57023 -51.6569
0.197056 -6.72151 -51.9459
0.201655 -6.87395 -52.2223
0.206362 -7.02752 -52.4858
0.211178 -7.18215 -52.7365
0.216107 -7.33778 -52.9739
0.221151 -7.49436 -53.1982
0.226313 -7.65183 -53.409
0.231595 -7.81014 -53.6064
0.237001 -7.96923 -53.7901
0.242532 -8.12904 -53.96
0.248193 -8.28951 -54.1161
0.253986 -8.45059 -54.2583
0.259914 -8.61221 -54.3865
0.26598 -8.77433 -54.5007
0.272188 -8.93687 -54.6007
0.278541 -9.0998 -54.6865
0.285043 -9.26304 -54.7581
0.291696 -9.42654 -54.8154
0.298504 -9.59024 -54.8584
0.305471 -9.75409 -54.8871
0.312601 -9.91802 -54.9014
0.319897 -10.082 -54.9014
0.327363 -10.2459 -54.8871
0.335004 -10.4098 -54.8584
0.342823 -10.5735 -54.8154
0.350825 -10.737 -54.7581
0.359013 -10.9002 -54.6865
0.367392 -11.0631 -54.6007
0.375967 -11.2257 -54.5007
0.384743 -11.3878 -54.3865
0.393723 -11.5494 -54.2583
0.402912 -11.7105 -54.1161
0.412316 -11.871 -53.96
0.42194 -12.0308 -53.7901
0.431788 -12.1899 -53.6064
0.441866 -12.3482 -53.409
0.452179 -12.5056 -53.1982
0.462733 -12.6622 -52.9739
0.473533 -12.8179 -52.7365
0.484586 -12.9725 -52.4858
0.495896 -13.126 -52.2223
0.507471 -13.2785 -51.9459
0.519315 -13.4298 -51.6569
0.531436 -13.5798 -51.3555
0.54384 -13.7286 -51.0419
0.556533 -13.876 -50.7162
0.569523 -14.022 -50.3787
0.582815 -14.1666 -50.0296
0.596418 -14.3097 -49.6693
0.610339 -14.4513 -49.2978
0.624584 -14.5913 -48.9155
0.639162 -14.7296 -48.5227
0.654081 -14.8662 -48.1196
0.669347 -15.0011 -47.7066
0.68497 -15.1343 -47.284
0.700957 -15.2656 -46.852
0.717317 -15.395 -46.4111
0.73406 -15.5225 -45.9615
0.751193 -15.6481 -45.5037
0.768726 -15.7718 -45.0379
0.786668 -15.8934 -44.5645
0.805029 -16.013 -44.084
0.823819 -16.1305 -43.5966
0.843047 -16.2459 -43.1029
0.862724 -16.3592 -42.6031
0.88286 -16.4704 -42.0978
0.903466 -16.5794 -41.5872
0.924553 -16.6862 -41.0718
0.946132 -16.7908 -40.5521
0.968215 -16.8932 -40.0284
0.990814 -16.9934 -39.5012
1.01394 -17.0914 -38.9708
1.03761 -17.1872 -38.4378
1.06182 -17.2808 -37.9024
1.08661 -17.3721 -37.3652
1.11197 -17.4612 -36.8264
1.13792 -17.5481 -36.2866
1.16448 -17.6328 -35.7462
1.19166 -17.7153 -35.2054
1.21947 -17.7956 -34.6647
1.24794 -17.8738 -34.1245
1.27706 -17.9498 -33.5852
1.30687 -18.0237 -33.0471
1.33737 -18.0955 -32.5105
1.36859 -18.1652 -31.9758
1.40053 -18.2328 -31.4433
1.43322 -18.2985 -30.9134
1.46667 -18.3621 -30.3863
1.5009 -18.4238 -29.8624
1.53593 -18.4836 -29.3418
1.57178 -18.5415 -28.825
1.60847 -18.5975 -28.312
1.64601 -18.6517 -27.8033
1.68443 -18.7041 -27.2989
1.72374 -18.7547 -26.7992
1.76398 -18.8037 -26.3043
1.80515 -18.8509 -25.8144
1.84728 -18.8966 -25.3297
1.8904 -18.9406 -24.8503
1.93452 -18.9831 -24.3764
1.97967 -19.0241 -23.9082
2.02588 -19.0636 -23.4457
2.07316 -19.1016 -22.989
2.12155 -19.1383 -22.5383
2.17107 -19.1736 -22.0937
2.22174 -19.2076 -21.6553
2.2736 -19.2403 -21.223
2.32666 -19.2718 -20.797
2.38097 -19.3021 -20.3773
2.43654 -19.3312 -19.9639
2.49341 -19.3592 -19.557
2.55161 -19.3861 -19.1564
2.61116 -19.412 -18.7622
2.67211 -19.4368 -18.3745
2.73447 -19.4607 -17.9931
2.7983 -19.4836 -17.6182
2.86361 -19.5056 -17.2497
2.93045 -19.5267 -16.8875
2.99884 -19.5469 -16.5317
3.06884 -19.5663 -16.1822
3.14047 -19.585 -15.8389
3.21376 -19.6028 -15.5019
3.28877 -19.62 -15.171
3.36553 -19.6364 -14.8463
3.44409 -19.6521 -14.5277
3.52447 -19.6672 -14.215
3.60673 -19.6817 -13.9083
3.69092 -19.6955 -13.6075
3.77706 -19.7088 -13.3126
3.86522 -19.7215 -13.0233
3.95544 -19.7337 -12.7398
4.04776 -19.7454 -12.4619
4.14223 -19.7565 -12.1895
4.23891 -19.7672 -11.9225
4.33785 -19.7774 -11.6609
4.4391 -19.7872 -11.4047
4.54271 -19.7966 -11.1536
4.64873 -19.8056 -10.9077
4.75724 -19.8141 -10.6669
4.86827 -19.8223 -10.431
4.9819 -19.8302 -10.2
5.09818 -19.8377 -9.97389
5.21717 -19.8449 -9.75248
5.33894 -19.8518 -9.53572
5.46355 -19.8583 -9.32353
5.59107 -19.8646 -9.11584
5.72157 -19.8706 -8.91257
5.85511 -19.8764 -8.71362
5.99177 -19.8819 -8.51893
6.13162 -19.8872 -8.32842
6.27473 -19.8922 -8.142
6.42119 -19.897 -7.9596
6.57106 -19.9016 -7.78115
6.72443 -19.906 -7.60656
6.88138 -19.9102 -7.43577
7.04199 -19.9142 -7.26869
7.20635 -19.918 -7.10526
7.37455 -19.9217 -6.9454
7.54667 -19.9252 -6.78904
7.72281 -19.9285 -6.63612
7.90307 -19.9317 -6.48655
8.08752 -19.9348 -6.34028
8.27629 -19.9377 -6.19723
8.46946 -19.9405 -6.05734
8.66714 -19.9431 -5.92055
8.86943 -19.9457 -5.78679
9.07645 -19.9481 -5.65599
9.28829 -19.9505 -5.5281
9.50508 -19.9527 -5.40305
9.72693 -19.9548 -5.28078
9.95396 -19.9568 -5.16124
10.1863 -19.9588 -5.04437
10.424 -19.9606 -4.9301
10.6673 -19.9624 -4.81839
10.9163 -19.9641 -4.70918
11.1711 -19.9657 -4.60241
11.4318 -19.9672 -4.49804
11.6987 -19.9687 -4.39601
11.9717 -19.9701 -4.29626
12.2511 -19.9714 -4.19876
12.5371 -19.9727 -4.10345
12.8297 -19.974 -4.01028
13.1291 -19.9751 -3.91921
13.4356 -19.9762 -3.83019
13.7492 -19.9773 -3.74318
14.0701 -19.9783 -3.65813
14.3985 -19.9793 -3.57499
14.7345 -19.9802 -3.49373
15.0785 -19.9811 -3.41431
15.4304 -19.982 -3.33668
15.7905 -19.9828 -3.26081
16.1591 -19.9836 -3.18665
16.5362 -19.9843 -3.11416
16.9222 -19.985 -3.04332
17.3172 -19.9857 -2.97408
17.7214 -19.9863 -2.90641
18.135 -19.9869 -2.84027
18.5583 -19.9875 -2.77563
18.9914 -19.9881 -2.71246
19.4347 -19.9886 -2.65071
19.8883 -19.9891 -2.59037
20.3525 -19.9896 -2.5314
20.8275 -19.9901 -2.47376
21.3136 -19.9905 -2.41743
21.8111 -19.991 -2.36238
22.3202 -19.9914 -2.30858
22.8411 -19.9918 -2.256
23.3742 -19.9921 -2.20462
23.9198 -19.9925 -2.1544
24.4781 -19.9928 -2.10533
25.0494 -19.9932 -2.05737
25.6341 -19.9935 -2.0105
26.2324 -19.9938 -1.96469
26.8446 -19.994 -1.91993
27.4712 -19.9943 -1.87618
28.1124 -19.9946 -1.83343
28.7685 -19.9948 -1.79165
29.44 -19.995 -1.75082
30.1271 -19.9953 -1.71092
30.8303 -19.9955 -1.67193
31.5499 -19.9957 -1.63383
32.2863 -19.9959 -1.59659
33.0399 -19.9961 -1.5602
33.811 -19.9962 -1.52464
34.6002 -19.9964 -1.48989
35.4077 -19.9966 -1.45592
36.2342 -19.9967 -1.42274
37.0799 -19.9969 -1.3903
37.9453 -19.997 -1.35861
38.831 -19.9971 -1.32764
39.7373 -19.9973 -1.29737
40.6648 -19.9974 -1.2678
41.6139 -19.9975 -1.23889
42.5852 -19.9976 -1.21065
43.5791 -19.9977 -1.18305
44.5963 -19.9978 -1.15607
45.6372 -19.9979 -1.12972
46.7023 -19.998 -1.10396
47.7924 -19.9981 -1.07879
48.9079 -19.9982 -1.05419
50.0494 -19.9983 -1.03015
51.2176 -19.9984 -1.00667
52.413 -19.9984 -0.983712
53.6363 -19.9985 -0.961281
54.8882 -19.9986 -0.939362
56.1693 -19.9986 -0.917942
57.4803 -19.9987 -0.89701
58.8219 -19.9988 -0.876556
60.1948 -19.9988 -0.856568
61.5998 -19.9989 -0.837035
63.0375 -19.9989 -0.817948
64.5088 -19.999 -0.799295
66.0145 -19.999 -0.781068
67.5553 -19.9991 -0.763257
69.132 -19.9991 -0.745851
70.7456 -19.9991 -0.728842
72.3968 -19.9992 -0.712221
74.0866 -19.9992 -0.695979
75.8158 -19.9993 -0.680108
77.5853 -19.9993 -0.664598
79.3962 -19.9993 -0.649442
81.2493 -19.9993 -0.634631
83.1457 -19.9994 -0.620158
85.0863 -19.9994 -0.606015
87.0722 -19.9994 -0.592194
89.1045 -19.9995 -0.578689
91.1843 -19.9995 -0.565491
93.3125 -19.9995 -0.552595
95.4904 -19.9995 -0.539992
97.7192 -19.9995 -0.527677
100 -19.9996 -0.515643
