t e1 eg
0 0 0
0.0626566 0.0626501 0.062648
0.125313 0.125217 0.125186
0.18797 0.187519 0.187378
0.250627 0.24931 0.248899
0.313283 0.310307 0.309382
0.37594 0.370215 0.368446
0.438596 0.42874 0.425717
0.501253 0.485602 0.48084
0.56391 0.54054 0.533491
0.626566 0.59332 0.583385
0.689223 0.64373 0.630273
0.75188 0.691591 0.673953
0.814536 0.736751 0.714261
0.877193 0.779087 0.75108
0.93985 0.818503 0.784331
1.00251 0.854931 0.813975
1.06516 0.888328 0.84001
1.12782 0.918676 0.862468
1.19048 0.945977 0.881413
1.25313 0.970256 0.896939
1.31579 0.991557 0.909163
1.37845 1.00994 0.918227
1.4411 1.02548 0.92429
1.50376 1.03827 0.92753
1.56642 1.0484 0.928136
1.62907 1.056 0.92631
1.69173 1.06117 0.92226
1.75439 1.06406 0.9162
1.81704 1.06478 0.908345
1.8797 1.06349 0.898914
1.94236 1.06031 0.888122
2.00501 1.0554 0.876179
2.06767 1.04889 0.863291
2.13033 1.04093 0.849659
2.19298 1.03166 0.835471
2.25564 1.02122 0.82091
2.3183 1.00974 0.806146
2.38095 0.997366 0.791338
2.44361 0.984215 0.776633
2.50627 0.970414 0.762165
2.56892 0.956081 0.748056
2.63158 0.941328 0.734414
2.69424 0.926263 0.721336
2.75689 0.910985 0.708904
2.81955 0.895588 0.697187
2.88221 0.880159 0.686243
2.94486 0.864779 0.676118
3.00752 0.849522 0.666846
3.07018 0.834455 0.658448
3.13283 0.819639 0.650939
3.19549 0.805127 0.644322
3.25815 0.790968 0.63859
3.3208 0.777204 0.633729
3.38346 0.76387 0.629719
3.44612 0.750997 0.626532
3.50877 0.738609 0.624134
3.57143 0.726725 0.622486
3.63409 0.715361 0.621545
3.69674 0.704527 0.621265
3.7594 0.694228 0.621598
3.82206 0.684466 0.622491
3.88471 0.675239 0.623892
3.94737 0.666541 0.625747
4.01003 0.658366 0.628004
4.07268 0.6507 0.630609
4.13534 0.643532 0.633508
4.19799 0.636844 0.636651
4.26065 0.63062 0.639989
4.32331 0.62484 0.643473
4.38596 0.619484 0.647059
4.44862 0.61453 0.650704
4.51128 0.609956 0.654367
4.57393 0.605738 0.658012
4.63659 0.601853 0.661605
4.69925 0.598277 0.665115
4.7619 0.594985 0.668514
4.82456 0.591956 0.671779
4.88722 0.589164 0.674888
4.94987 0.586587 0.677824
5.01253 0.584203 0.68057
5.07519 0.581989 0.683117
5.13784 0.579925 0.685454
5.2005 0.57799 0.687576
5.26316 0.576164 0.689478
5.32581 0.57443 0.69116
5.38847 0.57277 0.692623
5.45113 0.571167 0.693869
5.51378 0.569607 0.694903
5.57644 0.568075 0.695732
5.6391 0.566558 0.696365
5.70175 0.565044 0.69681
5.76441 0.563522 0.697078
5.82707 0.561982 0.697179
5.88972 0.560416 0.697127
5.95238 0.558816 0.696934
6.01504 0.557175 0.696612
6.07769 0.555487 0.696175
6.14035 0.553748 0.695636
6.20301 0.551954 0.695009
6.26566 0.550101 0.694306
6.32832 0.548188 0.69354
6.39098 0.546212 0.692723
6.45363 0.544172 0.691868
6.51629 0.54207 0.690985
6.57895 0.539904 0.690086
6.6416 0.537676 0.68918
6.70426 0.535388 0.688277
6.76692 0.53304 0.687385
6.82957 0.530636 0.686512
6.89223 0.528177 0.685666
6.95489 0.525667 0.684851
7.01754 0.523108 0.684074
7.0802 0.520505 0.683338
7.14286 0.51786 0.682649
7.20551 0.515178 0.682009
7.26817 0.512461 0.68142
7.33083 0.509713 0.680884
7.39348 0.506939 0.680403
7.45614 0.504142 0.679976
7.5188 0.501326 0.679603
7.58145 0.498494 0.679284
7.64411 0.495651 0.679017
7.70677 0.492799 0.678802
7.76942 0.489943 0.678636
7.83208 0.487084 0.678516
7.89474 0.484228 0.678441
7.95739 0.481376 0.678408
8.02005 0.478531 0.678413
8.08271 0.475697 0.678454
8.14536 0.472874 0.678527
8.20802 0.470067 0.67863
8.27068 0.467277 0.678758
8.33333 0.464506 0.678909
8.39599 0.461755 0.679079
8.45865 0.459027 0.679266
8.5213 0.456322 0.679466
8.58396 0.453643 0.679675
8.64662 0.450989 0.679892
8.70927 0.448363 0.680114
8.77193 0.445764 0.680338
8.83459 0.443194 0.680562
8.89724 0.440652 0.680783
8.9599 0.438139 0.681
9.02256 0.435656 0.681211
9.08521 0.433202 0.681414
9.14787 0.430778 0.681608
9.21053 0.428383 0.681792
9.27318 0.426017 0.681965
9.33584 0.423679 0.682126
9.3985 0.42137 0.682274
9.46115 0.419089 0.68241
9.52381 0.416836 0.682532
9.58647 0.414609 0.68264
9.64912 0.412408 0.682735
9.71178 0.410233 0.682817
9.77444 0.408083 0.682885
9.83709 0.405957 0.682941
9.89975 0.403854 0.682985
9.96241 0.401775 0.683016
10.0251 0.399717 0.683037
10.0877 0.39768 0.683047
10.1504 0.395664 0.683048
10.213 0.393668 0.68304
10.2757 0.391691 0.683023
10.3383 0.389732 0.682999
10.401 0.387791 0.682969
10.4637 0.385867 0.682932
10.5263 0.383959 0.682891
10.589 0.382067 0.682846
10.6516 0.38019 0.682797
10.7143 0.378328 0.682746
10.7769 0.37648 0.682692
10.8396 0.374645 0.682638
10.9023 0.372823 0.682582
10.9649 0.371014 0.682527
11.0276 0.369217 0.682472
11.0902 0.367432 0.682418
11.1529 0.365659 0.682366
11.2155 0.363896 0.682315
11.2782 0.362144 0.682266
11.3409 0.360403 0.68222
11.4035 0.358672 0.682177
11.4662 0.356951 0.682137
11.5288 0.35524 0.682099
11.5915 0.353539 0.682065
11.6541 0.351847 0.682034
11.7168 0.350165 0.682007
11.7794 0.348492 0.681983
11.8421 0.346829 0.681962
11.9048 0.345175 0.681944
11.9674 0.343529 0.68193
12.0301 0.341893 0.681918
12.0927 0.340266 0.68191
12.1554 0.338648 0.681904
12.218 0.337039 0.681901
12.2807 0.335439 0.681901
12.3434 0.333849 0.681902
12.406 0.332267 0.681906
12.4687 0.330694 0.681911
12.5313 0.329131 0.681919
12.594 0.327577 0.681927
12.6566 0.326032 0.681937
12.7193 0.324496 0.681948
12.782 0.322969 0.68196
12.8446 0.321452 0.681973
12.9073 0.319944 0.681986
12.9699 0.318445 0.681999
13.0326 0.316956 0.682013
13.0952 0.315477 0.682027
13.1579 0.314006 0.68204
13.2206 0.312546 0.682054
13.2832 0.311094 0.682067
13.3459 0.309653 0.68208
13.4085 0.308221 0.682092
13.4712 0.306798 0.682103
13.5338 0.305385 0.682114
13.5965 0.303981 0.682124
13.6591 0.302587 0.682134
13.7218 0.301203 0.682142
13.7845 0.299828 0.68215
13.8471 0.298462 0.682157
13.9098 0.297106 0.682163
13.9724 0.295759 0.682168
14.0351 0.294422 0.682173
14.0977 0.293094 0.682177
14.1604 0.291775 0.68218
14.2231 0.290466 0.682182
14.2857 0.289166 0.682183
14.3484 0.287875 0.682184
14.411 0.286593 0.682185
14.4737 0.28532 0.682184
14.5363 0.284056 0.682183
14.599 0.282802 0.682182
14.6617 0.281556 0.68218
14.7243 0.280318 0.682178
14.787 0.27909 0.682176
14.8496 0.27787 0.682173
14.9123 0.276659 0.68217
14.9749 0.275456 0.682167
15.0376 0.274262 0.682164
15.1003 0.273077 0.682161
15.1629 0.271899 0.682157
15.2256 0.27073 0.682154
15.2882 0.269569 0.682151
15.3509 0.268416 0.682147
15.4135 0.267271 0.682144
15.4762 0.266134 0.682141
15.5388 0.265005 0.682138
15.6015 0.263884 0.682135
15.6642 0.262771 0.682132
15.7268 0.261665 0.68213
15.7895 0.260567 0.682127
15.8521 0.259477 0.682125
15.9148 0.258394 0.682123
15.9774 0.257318 0.682121
16.0401 0.25625 0.68212
16.1028 0.255189 0.682119
16.1654 0.254135 0.682117
16.2281 0.253089 0.682116
16.2907 0.252049 0.682116
16.3534 0.251017 0.682115
16.416 0.249992 0.682115
16.4787 0.248973 0.682114
16.5414 0.247962 0.682114
16.604 0.246957 0.682114
16.6667 0.245959 0.682115
16.7293 0.244968 0.682115
16.792 0.243984 0.682115
16.8546 0.243006 0.682116
16.9173 0.242035 0.682116
16.9799 0.241071 0.682117
17.0426 0.240112 0.682118
17.1053 0.239161 0.682118
17.1679 0.238216 0.682119
17.2306 0.237277 0.68212
17.2932 0.236344 0.682121
17.3559 0.235418 0.682122
17.4185 0.234498 0.682123
17.4812 0.233584 0.682123
17.5439 0.232676 0.682124
17.6065 0.231775 0.682125
17.6692 0.230879 0.682126
17.7318 0.22999 0.682126
17.7945 0.229107 0.682127
17.8571 0.228229 0.682128
17.9198 0.227358 0.682128
17.9825 0.226492 0.682129
18.0451 0.225632 0.682129
18.1078 0.224778 0.68213
18.1704 0.22393 0.68213
18.2331 0.223087 0.682131
18.2957 0.222251 0.682131
18.3584 0.22142 0.682131
18.4211 0.220594 0.682131
18.4837 0.219774 0.682131
18.5464 0.21896 0.682132
18.609 0.218151 0.682132
18.6717 0.217348 0.682132
18.7343 0.21655 0.682132
18.797 0.215757 0.682132
18.8596 0.21497 0.682132
18.9223 0.214189 0.682131
18.985 0.213412 0.682131
19.0476 0.212641 0.682131
19.1103 0.211875 0.682131
19.1729 0.211115 0.682131
19.2356 0.210359 0.682131
19.2982 0.209609 0.682131
19.3609 0.208864 0.68213
19.4236 0.208123 0.68213
19.4862 0.207388 0.68213
19.5489 0.206658 0.68213
19.6115 0.205933 0.682129
19.6742 0.205213 0.682129
19.7368 0.204497 0.682129
19.7995 0.203787 0.682129
19.8622 0.203081 0.682129
19.9248 0.202381 0.682129
19.9875 0.201685 0.682128
20.0501 0.200993 0.682128
20.1128 0.200307 0.682128
20.1754 0.199625 0.682128
20.2381 0.198948 0.682128
20.3008 0.198275 0.682128
20.3634 0.197607 0.682128
20.4261 0.196943 0.682128
20.4887 0.196284 0.682128
20.5514 0.19563 0.682127
20.614 0.19498 0.682127
20.6767 0.194334 0.682127
20.7393 0.193693 0.682127
20.802 0.193056 0.682127
20.8647 0.192423 0.682127
20.9273 0.191795 0.682127
20.99 0.191171 0.682127
21.0526 0.190552 0.682127
21.1153 0.189936 0.682127
21.1779 0.189325 0.682127
21.2406 0.188718 0.682128
21.3033 0.188115 0.682128
21.3659 0.187516 0.682128
21.4286 0.186921 0.682128
21.4912 0.18633 0.682128
21.5539 0.185743 0.682128
21.6165 0.18516 0.682128
21.6792 0.184582 0.682128
21.7419 0.184007 0.682128
21.8045 0.183436 0.682128
21.8672 0.182869 0.682128
21.9298 0.182305 0.682128
21.9925 0.181746 0.682128
22.0551 0.18119 0.682128
22.1178 0.180638 0.682128
22.1805 0.18009 0.682128
22.2431 0.179546 0.682128
22.3058 0.179005 0.682128
22.3684 0.178468 0.682128
22.4311 0.177935 0.682128
22.4937 0.177405 0.682128
22.5564 0.176879 0.682128
22.619 0.176356 0.682128
22.6817 0.175837 0.682128
22.7444 0.175322 0.682128
22.807 0.17481 0.682128
22.8697 0.174301 0.682128
22.9323 0.173796 0.682128
22.995 0.173295 0.682128
23.0576 0.172796 0.682128
23.1203 0.172302 0.682128
23.183 0.17181 0.682128
23.2456 0.171322 0.682128
23.3083 0.170837 0.682128
23.3709 0.170356 0.682128
23.4336 0.169877 0.682128
23.4962 0.169402 0.682128
23.5589 0.168931 0.682128
23.6216 0.168462 0.682128
23.6842 0.167997 0.682128
23.7469 0.167535 0.682128
23.8095 0.167075 0.682128
23.8722 0.16662 0.682128
23.9348 0.166167 0.682128
23.9975 0.165717 0.682128
24.0602 0.16527 0.682128
24.1228 0.164827 0.682128
24.1855 0.164386 0.682128
24.2481 0.163948 0.682128
24.3108 0.163514 0.682128
24.3734 0.163082 0.682128
24.4361 0.162653 0.682128
24.4987 0.162227 0.682128
24.5614 0.161804 0.682128
24.6241 0.161384 0.682128
24.6867 0.160967 0.682128
24.7494 0.160552 0.682128
24.812 0.160141 0.682128
24.8747 0.159732 0.682128
24.9373 0.159326 0.682128
25 0.158923 0.682128
