w m1 m0 mlead mlag
0.1 26.0642 32.0848 32.0864 27.8204
0.100462 26.0246 32.0452 32.0468 27.7592
0.100926 25.985 32.0056 32.0072 27.6979
0.101392 25.9453 31.9659 31.9675 27.6366
0.10186 25.9057 31.9263 31.9279 27.5753
0.102331 25.8661 31.8867 31.8884 27.5139
0.102804 25.8265 31.8471 31.8488 27.4526
0.103278 25.7869 31.8075 31.8092 27.3912
0.103755 25.7473 31.7679 31.7696 27.3297
0.104235 25.7077 31.7283 31.73 27.2683
0.104716 25.6681 31.6887 31.6904 27.2068
0.1052 25.6285 31.6491 31.6509 27.1452
0.105686 25.589 31.6096 31.6113 27.0837
0.106174 25.5494 31.57 31.5717 27.0221
0.106664 25.5098 31.5304 31.5322 26.9605
0.107157 25.4702 31.4908 31.4926 26.8989
0.107652 25.4307 31.4513 31.4531 26.8372
0.108149 25.3911 31.4117 31.4135 26.7756
0.108649 25.3515 31.3721 31.374 26.7139
0.10915 25.312 31.3326 31.3345 26.6522
0.109655 25.2724 31.293 31.2949 26.5904
0.110161 25.2329 31.2535 31.2554 26.5287
0.11067 25.1934 31.214 31.2159 26.4669
0.111181 25.1538 31.1744 31.1764 26.4051
0.111695 25.1143 31.1349 31.1368 26.3433
0.11221 25.0748 31.0954 31.0973 26.2814
0.112729 25.0352 31.0558 31.0578 26.2196
0.113249 24.9957 31.0163 31.0183 26.1577
0.113773 24.9562 30.9768 30.9788 26.0958
0.114298 24.9167 30.9373 30.9393 26.0339
0.114826 24.8772 30.8978 30.8999 25.972
0.115356 24.8377 30.8583 30.8604 25.9101
0.115889 24.7982 30.8188 30.8209 25.8481
0.116424 24.7587 30.7793 30.7814 25.7862
0.116962 24.7192 30.7398 30.742 25.7242
0.117502 24.6797 30.7003 30.7025 25.6622
0.118045 24.6403 30.6609 30.6631 25.6003
0.11859 24.6008 30.6214 30.6236 25.5383
0.119138 24.5613 30.5819 30.5842 25.4762
0.119688 24.5219 30.5425 30.5447 25.4142
0.120241 24.4824 30.503 30.5053 25.3522
0.120797 24.443 30.4636 30.4659 25.2902
0.121355 24.4035 30.4241 30.4264 25.2281
0.121915 24.3641 30.3847 30.387 25.1661
0.122478 24.3247 30.3453 30.3476 25.104
0.123044 24.2852 30.3058 30.3082 25.042
0.123612 24.2458 30.2664 30.2688 24.9799
0.124183 24.2064 30.227 30.2294 24.9179
0.124757 24.167 30.1876 30.19 24.8558
0.125333 24.1276 30.1482 30.1506 24.7937
0.125912 24.0882 30.1088 30.1113 24.7317
0.126493 24.0488 30.0694 30.0719 24.6696
0.127078 24.0094 30.03 30.0325 24.6075
0.127665 23.97 29.9906 29.9932 24.5455
0.128254 23.9306 29.9512 29.9538 24.4834
0.128847 23.8913 29.9119 29.9145 24.4213
0.129442 23.8519 29.8725 29.8751 24.3593
0.13004 23.8126 29.8332 29.8358 24.2972
0.13064 23.7732 29.7938 29.7965 24.2352
0.131244 23.7339 29.7545 29.7572 24.1731
0.13185 23.6945 29.7151 29.7178 24.1111
0.132459 23.6552 29.6758 29.6785 24.049
0.133071 23.6159 29.6365 29.6392 23.987
0.133685 23.5765 29.5971 29.5999 23.925
0.134303 23.5372 29.5578 29.5606 23.863
0.134923 23.4979 29.5185 29.5214 23.801
0.135546 23.4586 29.4792 29.4821 23.739
0.136172 23.4193 29.4399 29.4428 23.677
0.136801 23.38 29.4006 29.4036 23.6151
0.137433 23.3407 29.3613 29.3643 23.5531
0.138068 23.3015 29.3221 29.3251 23.4912
0.138706 23.2622 29.2828 29.2858 23.4293
0.139346 23.2229 29.2435 29.2466 23.3673
0.13999 23.1837 29.2043 29.2074 23.3054
0.140637 23.1444 29.165 29.1681 23.2436
0.141286 23.1052 29.1258 29.1289 23.1817
0.141939 23.066 29.0866 29.0897 23.1199
0.142594 23.0267 29.0473 29.0505 23.058
0.143253 22.9875 29.0081 29.0113 22.9962
0.143915 22.9483 28.9689 28.9722 22.9344
0.14458 22.9091 28.9297 28.933 22.8727
0.145247 22.8699 28.8905 28.8938 22.8109
0.145918 22.8307 28.8513 28.8547 22.7492
0.146592 22.7915 28.8121 28.8155 22.6875
0.147269 22.7524 28.773 28.7764 22.6258
0.147949 22.7132 28.7338 28.7372 22.5641
0.148633 22.674 28.6946 28.6981 22.5025
0.149319 22.6349 28.6555 28.659 22.4409
0.150009 22.5958 28.6164 28.6199 22.3793
0.150702 22.5566 28.5772 28.5808 22.3178
0.151398 22.5175 28.5381 28.5417 22.2562
0.152097 22.4784 28.499 28.5026 22.1947
0.1528 22.4393 28.4599 28.4635 22.1333
0.153506 22.4002 28.4208 28.4245 22.0718
0.154215 22.3611 28.3817 28.3854 22.0104
0.154927 22.322 28.3426 28.3463 21.949
0.155642 22.2829 28.3035 28.3073 21.8877
0.156361 22.2438 28.2644 28.2683 21.8264
0.157084 22.2048 28.2254 28.2293 21.7651
0.157809 22.1657 28.1863 28.1902 21.7038
0.158538 22.1267 28.1473 28.1512 21.6426
0.15927 22.0877 28.1083 28.1122 21.5814
0.160006 22.0486 28.0692 28.0732 21.5203
0.160745 22.0096 28.0302 28.0343 21.4592
0.161487 21.9706 27.9912 27.9953 21.3981
0.162233 21.9316 27.9522 27.9563 21.3371
0.162983 21.8926 27.9132 27.9174 21.2761
0.163735 21.8537 27.8743 27.8785 21.2151
0.164492 21.8147 27.8353 27.8395 21.1542
0.165252 21.7757 27.7963 27.8006 21.0933
0.166015 21.7368 27.7574 27.7617 21.0325
0.166782 21.6978 27.7184 27.7228 20.9717
0.167552 21.6589 27.6795 27.6839 20.9109
0.168326 21.62 27.6406 27.645 20.8502
0.169103 21.5811 27.6017 27.6062 20.7895
0.169884 21.5422 27.5628 27.5673 20.7289
0.170669 21.5033 27.5239 27.5285 20.6684
0.171457 21.4644 27.485 27.4896 20.6078
0.172249 21.4255 27.4461 27.4508 20.5473
0.173045 21.3867 27.4073 27.412 20.4869
0.173844 21.3478 27.3684 27.3732 20.4265
0.174647 21.309 27.3296 27.3344 20.3662
0.175454 21.2702 27.2908 27.2956 20.3059
0.176264 21.2314 27.252 27.2568 20.2456
0.177078 21.1926 27.2132 27.2181 20.1854
0.177896 21.1538 27.1744 27.1793 20.1253
0.178718 21.115 27.1356 27.1406 20.0652
0.179543 21.0762 27.0968 27.1019 20.0052
0.180373 21.0374 27.058 27.0631 19.9452
0.181206 20.9987 27.0193 27.0244 19.8852
0.182043 20.96 26.9806 26.9858 19.8253
0.182884 20.9212 26.9418 26.9471 19.7655
0.183728 20.8825 26.9031 26.9084 19.7058
0.184577 20.8438 26.8644 26.8698 19.646
0.185429 20.8051 26.8257 26.8311 19.5864
0.186286 20.7664 26.787 26.7925 19.5268
0.187146 20.7278 26.7484 26.7539 19.4672
0.188011 20.6891 26.7097 26.7153 19.4077
0.188879 20.6505 26.6711 26.6767 19.3483
0.189752 20.6119 26.6325 26.6381 19.289
0.190628 20.5732 26.5938 26.5995 19.2296
0.191509 20.5346 26.5552 26.561 19.1704
0.192393 20.496 26.5166 26.5224 19.1112
0.193282 20.4575 26.4781 26.4839 19.0521
0.194174 20.4189 26.4395 26.4454 18.993
0.195071 20.3803 26.4009 26.4069 18.934
0.195972 20.3418 26.3624 26.3684 18.8751
0.196878 20.3033 26.3239 26.3299 18.8162
0.197787 20.2648 26.2854 26.2915 18.7574
0.1987 20.2263 26.2469 26.253 18.6987
0.199618 20.1878 26.2084 26.2146 18.64
0.20054 20.1493 26.1699 26.1762 18.5814
0.201466 20.1108 26.1314 26.1378 18.5228
0.202397 20.0724 26.093 26.0994 18.4644
0.203332 20.034 26.0546 26.061 18.4059
0.204271 19.9955 26.0161 26.0227 18.3476
0.205215 19.9571 25.9777 25.9843 18.2893
0.206162 19.9188 25.9394 25.946 18.2311
0.207115 19.8804 25.901 25.9077 18.173
0.208071 19.842 25.8626 25.8694 18.1149
0.209032 19.8037 25.8243 25.8311 18.0569
0.209998 19.7653 25.7859 25.7929 17.999
0.210968 19.727 25.7476 25.7546 17.9412
0.211942 19.6887 25.7093 25.7164 17.8834
0.212921 19.6504 25.671 25.6782 17.8257
0.213905 19.6122 25.6328 25.6399 17.7681
0.214893 19.5739 25.5945 25.6018 17.7105
0.215885 19.5357 25.5563 25.5636 17.653
0.216882 19.4975 25.5181 25.5254 17.5956
0.217884 19.4593 25.4799 25.4873 17.5383
0.21889 19.4211 25.4417 25.4492 17.481
0.219901 19.3829 25.4035 25.4111 17.4239
0.220917 19.3447 25.3653 25.373 17.3668
0.221938 19.3066 25.3272 25.3349 17.3097
0.222963 19.2685 25.2891 25.2969 17.2528
0.223993 19.2304 25.251 25.2588 17.1959
0.225027 19.1923 25.2129 25.2208 17.1392
0.226066 19.1542 25.1748 25.1828 17.0824
0.227111 19.1162 25.1368 25.1448 17.0258
0.22816 19.0781 25.0987 25.1069 16.9693
0.229213 19.0401 25.0607 25.0689 16.9128
0.230272 19.0021 25.0227 25.031 16.8564
0.231336 18.9641 24.9847 24.9931 16.8001
0.232404 18.9261 24.9467 24.9552 16.7439
0.233478 18.8882 24.9088 24.9173 16.6877
0.234556 18.8503 24.8709 24.8795 16.6317
0.23564 18.8123 24.8329 24.8416 16.5757
0.236728 18.7744 24.795 24.8038 16.5198
0.237821 18.7366 24.7572 24.766 16.464
0.23892 18.6987 24.7193 24.7283 16.4083
0.240023 18.6609 24.6815 24.6905 16.3526
0.241132 18.6231 24.6437 24.6528 16.2971
0.242246 18.5853 24.6059 24.615 16.2416
0.243365 18.5475 24.5681 24.5773 16.1862
0.244489 18.5097 24.5303 24.5397 16.1309
0.245618 18.472 24.4926 24.502 16.0757
0.246752 18.4343 24.4549 24.4644 16.0206
0.247892 18.3966 24.4172 24.4268 15.9656
0.249037 18.3589 24.3795 24.3892 15.9106
0.250187 18.3212 24.3418 24.3516 15.8558
0.251343 18.2836 24.3042 24.3141 15.801
0.252504 18.246 24.2666 24.2765 15.7463
0.25367 18.2084 24.229 24.239 15.6917
0.254842 18.1708 24.1914 24.2015 15.6372
0.256019 18.1332 24.1538 24.1641 15.5828
0.257202 18.0957 24.1163 24.1266 15.5285
0.258389 18.0582 24.0788 24.0892 15.4743
0.259583 18.0207 24.0413 24.0518 15.4201
0.260782 17.9832 24.0038 24.0145 15.3661
0.261986 17.9458 23.9664 23.9771 15.3121
0.263197 17.9083 23.9289 23.9398 15.2582
0.264412 17.8709 23.8915 23.9025 15.2045
0.265634 17.8336 23.8542 23.8652 15.1508
0.26686 17.7962 23.8168 23.828 15.0972
0.268093 17.7589 23.7795 23.7907 15.0437
0.269331 17.7216 23.7422 23.7535 14.9903
0.270575 17.6843 23.7049 23.7163 14.937
0.271825 17.647 23.6676 23.6792 14.8838
0.273081 17.6098 23.6304 23.642 14.8307
0.274342 17.5726 23.5932 23.6049 14.7776
0.275609 17.5354 23.556 23.5679 14.7247
0.276882 17.4982 23.5188 23.5308 14.6719
0.278161 17.4611 23.4817 23.4938 14.6191
0.279446 17.4239 23.4445 23.4568 14.5665
0.280736 17.3868 23.4074 23.4198 14.5139
0.282033 17.3498 23.3704 23.3828 14.4615
0.283336 17.3127 23.3333 23.3459 14.4091
0.284645 17.2757 23.2963 23.309 14.3569
0.285959 17.2387 23.2593 23.2721 14.3047
0.28728 17.2018 23.2224 23.2353 14.2527
0.288607 17.1648 23.1854 23.1985 14.2007
0.28994 17.1279 23.1485 23.1617 14.1488
0.291279 17.091 23.1116 23.1249 14.0971
0.292625 17.0542 23.0748 23.0882 14.0454
0.293976 17.0173 23.0379 23.0515 13.9938
0.295334 16.9805 23.0011 23.0148 13.9423
0.296698 16.9438 22.9644 22.9781 13.891
0.298069 16.907 22.9276 22.9415 13.8397
0.299445 16.8703 22.8909 22.9049 13.7885
0.300828 16.8336 22.8542 22.8683 13.7374
0.302218 16.7969 22.8175 22.8318 13.6865
0.303614 16.7603 22.7809 22.7953 13.6356
0.305016 16.7237 22.7443 22.7588 13.5848
0.306425 16.6871 22.7077 22.7224 13.5341
0.30784 16.6505 22.6711 22.686 13.4835
0.309262 16.614 22.6346 22.6496 13.4331
0.310691 16.5775 22.5981 22.6132 13.3827
0.312126 16.5411 22.5617 22.5769 13.3324
0.313567 16.5046 22.5252 22.5406 13.2823
0.315016 16.4682 22.4888 22.5044 13.2322
0.316471 16.4319 22.4525 22.4681 13.1822
0.317932 16.3955 22.4161 22.4319 13.1323
0.319401 16.3592 22.3798 22.3958 13.0826
0.320876 16.3229 22.3435 22.3596 13.0329
0.322358 16.2867 22.3073 22.3235 12.9834
0.323847 16.2505 22.2711 22.2875 12.9339
0.325343 16.2143 22.2349 22.2514 12.8846
0.326846 16.1781 22.1987 22.2154 12.8353
0.328355 16.142 22.1626 22.1795 12.7862
0.329872 16.1059 22.1265 22.1435 12.7371
0.331396 16.0699 22.0905 22.1076 12.6882
0.332926 16.0338 22.0544 22.0718 12.6393
0.334464 15.9979 22.0185 22.036 12.5906
0.336009 15.9619 21.9825 22.0002 12.542
0.337561 15.926 21.9466 21.9644 12.4934
0.33912 15.8901 21.9107 21.9287 12.445
0.340686 15.8542 21.8748 21.893 12.3967
0.34226 15.8184 21.839 21.8573 12.3485
0.343841 15.7826 21.8032 21.8217 12.3004
0.345429 15.7469 21.7675 21.7862 12.2524
0.347025 15.7112 21.7318 21.7506 12.2045
0.348627 15.6755 21.6961 21.7151 12.1567
0.350238 15.6399 21.6605 21.6796 12.109
0.351855 15.6043 21.6249 21.6442 12.0614
0.353481 15.5687 21.5893 21.6088 12.0139
0.355113 15.5332 21.5538 21.5735 11.9666
0.356754 15.4977 21.5183 21.5382 11.9193
0.358401 15.4622 21.4828 21.5029 11.8721
0.360057 15.4268 21.4474 21.4676 11.8251
0.36172 15.3914 21.412 21.4324 11.7781
0.363391 15.356 21.3766 21.3973 11.7313
0.365069 15.3207 21.3413 21.3622 11.6845
0.366755 15.2855 21.3061 21.3271 11.6379
0.368449 15.2502 21.2708 21.2921 11.5914
0.370151 15.215 21.2356 21.2571 11.545
0.371861 15.1799 21.2005 21.2221 11.4987
0.373578 15.1448 21.1654 21.1872 11.4525
0.375304 15.1097 21.1303 21.1523 11.4064
0.377037 15.0747 21.0953 21.1175 11.3604
0.378779 15.0397 21.0603 21.0827 11.3145
0.380528 15.0047 21.0253 21.048 11.2687
0.382286 14.9698 20.9904 21.0133 11.223
0.384052 14.9349 20.9555 20.9786 11.1775
0.385825 14.9001 20.9207 20.944 11.132
0.387608 14.8653 20.8859 20.9094 11.0867
0.389398 14.8306 20.8512 20.8749 11.0414
0.391196 14.7959 20.8165 20.8404 10.9963
0.393003 14.7612 20.7818 20.806 10.9513
0.394819 14.7266 20.7472 20.7716 10.9064
0.396642 14.692 20.7126 20.7372 10.8615
0.398474 14.6575 20.6781 20.7029 10.8168
0.400315 14.623 20.6436 20.6686 10.7722
0.402164 14.5886 20.6092 20.6344 10.7278
0.404021 14.5542 20.5748 20.6003 10.6834
0.405887 14.5198 20.5404 20.5661 10.6391
0.407762 14.4855 20.5061 20.5321 10.595
0.409646 14.4512 20.4718 20.498 10.5509
0.411538 14.417 20.4376 20.4641 10.507
0.413439 14.3828 20.4034 20.4301 10.4631
0.415348 14.3487 20.3693 20.3963 10.4194
0.417267 14.3146 20.3352 20.3624 10.3758
0.419194 14.2806 20.3012 20.3286 10.3323
0.42113 14.2466 20.2672 20.2949 10.2889
0.423075 14.2127 20.2333 20.2612 10.2456
0.425029 14.1788 20.1994 20.2276 10.2024
0.426993 14.1449 20.1655 20.194 10.1593
0.428965 14.1111 20.1317 20.1605 10.1164
0.430946 14.0774 20.098 20.127 10.0735
0.432937 14.0437 20.0643 20.0936 10.0308
0.434936 14.01 20.0306 20.0602 9.98812
0.436945 13.9764 19.997 20.0268 9.94559
0.438963 13.9429 19.9635 19.9936 9.90317
0.440991 13.9094 19.93 19.9603 9.86086
0.443028 13.8759 19.8965 19.9272 9.81866
0.445074 13.8425 19.8631 19.894 9.77658
0.44713 13.8092 19.8298 19.861 9.7346
0.449195 13.7759 19.7965 19.828 9.69273
0.45127 13.7426 19.7632 19.795 9.65096
0.453354 13.7094 19.73 19.7621 9.60931
0.455448 13.6763 19.6969 19.7293 9.56777
0.457552 13.6432 19.6638 19.6965 9.52634
0.459665 13.6102 19.6308 19.6637 9.48502
0.461788 13.5772 19.5978 19.6311 9.44381
0.463921 13.5442 19.5648 19.5984 9.40271
0.466064 13.5114 19.532 19.5659 9.36172
0.468217 13.4785 19.4991 19.5333 9.32084
0.470379 13.4458 19.4664 19.5009 9.28007
0.472552 13.413 19.4336 19.4685 9.23941
0.474735 13.3804 19.401 19.4362 9.19886
0.476927 13.3478 19.3684 19.4039 9.15842
0.47913 13.3152 19.3358 19.3716 9.11809
0.481343 13.2827 19.3033 19.3395 9.07787
0.483567 13.2503 19.2709 19.3074 9.03777
0.4858 13.2179 19.2385 19.2753 8.99777
0.488044 13.1856 19.2062 19.2433 8.95788
0.490298 13.1533 19.1739 19.2114 8.91811
0.492563 13.1211 19.1417 19.1796 8.87844
0.494838 13.089 19.1096 19.1477 8.83889
0.497124 13.0569 19.0775 19.116 8.79945
0.49942 13.0248 19.0454 19.0843 8.76011
0.501726 12.9929 19.0135 19.0527 8.72089
0.504044 12.9609 18.9815 19.0211 8.68178
0.506372 12.9291 18.9497 18.9896 8.64278
0.508711 12.8973 18.9179 18.9582 8.6039
0.51106 12.8655 18.8861 18.9268 8.56512
0.513421 12.8339 18.8545 18.8955 8.52645
0.515792 12.8022 18.8228 18.8643 8.4879
0.518175 12.7707 18.7913 18.8331 8.44946
0.520568 12.7392 18.7598 18.802 8.41112
0.522973 12.7077 18.7283 18.771 8.3729
0.525388 12.6764 18.697 18.74 8.33479
0.527815 12.6451 18.6657 18.7091 8.2968
0.530253 12.6138 18.6344 18.6782 8.25891
0.532702 12.5826 18.6032 18.6474 8.22114
0.535162 12.5515 18.5721 18.6167 8.18347
0.537634 12.5204 18.541 18.5861 8.14592
0.540118 12.4894 18.51 18.5555 8.10848
0.542612 12.4585 18.4791 18.525 8.07115
0.545119 12.4276 18.4482 18.4945 8.03394
0.547636 12.3968 18.4174 18.4641 7.99683
0.550166 12.3661 18.3867 18.4338 7.95984
0.552707 12.3354 18.356 18.4036 7.92296
0.55526 12.3048 18.3254 18.3734 7.88619
0.557825 12.2743 18.2949 18.3433 7.84953
0.560401 12.2438 18.2644 18.3133 7.81299
0.56299 12.2134 18.234 18.2833 7.77655
0.56559 12.183 18.2036 18.2534 7.74023
0.568202 12.1527 18.1733 18.2236 7.70402
0.570827 12.1225 18.1431 18.1939 7.66793
0.573463 12.0924 18.113 18.1642 7.63194
0.576112 12.0623 18.0829 18.1346 7.59607
0.578773 12.0323 18.0529 18.105 7.56031
0.581446 12.0024 18.023 18.0756 7.52466
0.584132 11.9725 17.9931 18.0462 7.48912
0.58683 11.9427 17.9633 18.0169 7.4537
0.589541 11.913 17.9336 17.9877 7.41839
0.592264 11.8833 17.9039 17.9585 7.38319
0.594999 11.8537 17.8743 17.9294 7.3481
0.597747 11.8242 17.8448 17.9004 7.31313
0.600508 11.7947 17.8153 17.8714 7.27826
0.603282 11.7654 17.786 17.8426 7.24351
0.606068 11.7361 17.7567 17.8138 7.20888
0.608868 11.7068 17.7274 17.7851 7.17435
0.61168 11.6776 17.6982 17.7564 7.13994
0.614505 11.6486 17.6692 17.7279 7.10564
0.617344 11.6195 17.6401 17.6994 7.07145
0.620195 11.5906 17.6112 17.671 7.03737
0.62306 11.5617 17.5823 17.6427 7.00341
0.625938 11.5329 17.5535 17.6144 6.96956
0.628829 11.5042 17.5248 17.5862 6.93582
0.631733 11.4755 17.4961 17.5581 6.9022
0.634651 11.4469 17.4675 17.5301 6.86868
0.637582 11.4184 17.439 17.5022 6.83528
0.640527 11.39 17.4106 17.4743 6.802
0.643486 11.3616 17.3822 17.4465 6.76882
0.646458 11.3333 17.3539 17.4188 6.73576
0.649444 11.3051 17.3257 17.3912 6.70281
0.652444 11.277 17.2976 17.3637 6.66997
0.655457 11.2489 17.2695 17.3362 6.63725
0.658485 11.2209 17.2415 17.3089 6.60463
0.661526 11.193 17.2136 17.2816 6.57213
0.664582 11.1652 17.1858 17.2544 6.53975
0.667651 11.1374 17.158 17.2272 6.50747
0.670735 11.1097 17.1303 17.2002 6.47531
0.673833 11.0821 17.1027 17.1732 6.44326
0.676945 11.0546 17.0752 17.1463 6.41132
0.680072 11.0271 17.0477 17.1195 6.37949
0.683213 10.9998 17.0204 17.0928 6.34778
0.686369 10.9725 16.9931 17.0662 6.31618
0.689539 10.9453 16.9659 17.0396 6.28469
0.692724 10.9181 16.9387 17.0132 6.25332
0.695924 10.8911 16.9117 16.9868 6.22205
0.699138 10.8641 16.8847 16.9605 6.1909
0.702367 10.8372 16.8578 16.9343 6.15986
0.705612 10.8103 16.8309 16.9082 6.12894
0.708871 10.7836 16.8042 16.8821 6.09812
0.712145 10.7569 16.7775 16.8562 6.06742
0.715434 10.7303 16.7509 16.8303 6.03683
0.718739 10.7038 16.7244 16.8045 6.00635
0.722058 10.6774 16.698 16.7788 5.97598
0.725394 10.651 16.6716 16.7532 5.94572
0.728744 10.6248 16.6454 16.7277 5.91558
0.73211 10.5986 16.6192 16.7022 5.88555
0.735492 10.5725 16.5931 16.6769 5.85563
0.738889 10.5465 16.5671 16.6516 5.82582
0.742302 10.5205 16.5411 16.6265 5.79612
0.74573 10.4946 16.5152 16.6014 5.76654
0.749175 10.4689 16.4895 16.5764 5.73706
0.752635 10.4431 16.4637 16.5515 5.7077
0.756111 10.4175 16.4381 16.5266 5.67845
0.759604 10.392 16.4126 16.5019 5.64931
0.763112 10.3665 16.3871 16.4773 5.62028
0.766637 10.3411 16.3617 16.4527 5.59136
0.770178 10.3158 16.3364 16.4283 5.56255
0.773735 10.2906 16.3112 16.4039 5.53386
0.777309 10.2655 16.2861 16.3796 5.50527
0.780899 10.2404 16.261 16.3554 5.47679
0.784506 10.2155 16.2361 16.3313 5.44843
0.78813 10.1906 16.2112 16.3073 5.42017
0.79177 10.1658 16.1864 16.2833 5.39203
0.795427 10.1411 16.1617 16.2595 5.36399
0.799101 10.1164 16.137 16.2358 5.33606
0.802792 10.0919 16.1125 16.2121 5.30825
0.8065 10.0674 16.088 16.1885 5.28054
0.810225 10.043 16.0636 16.1651 5.25295
0.813968 10.0187 16.0393 16.1417 5.22546
0.817727 9.99446 16.0151 16.1184 5.19808
0.821504 9.97031 15.9909 16.0952 5.17081
0.825299 9.94625 15.9668 16.0721 5.14365
0.82911 9.92227 15.9429 16.049 5.1166
0.83294 9.89837 15.919 16.0261 5.08965
0.836787 9.87456 15.8952 16.0033 5.06282
0.840652 9.85083 15.8714 15.9805 5.03609
0.844535 9.82718 15.8478 15.9579 5.00947
0.848436 9.80362 15.8242 15.9353 4.98296
0.852355 9.78013 15.8007 15.9129 4.95656
0.856292 9.75674 15.7773 15.8905 4.93026
0.860247 9.73342 15.754 15.8682 4.90407
0.86422 9.71018 15.7308 15.846 4.87799
0.868212 9.68703 15.7076 15.8239 4.85201
0.872222 9.66396 15.6846 15.8019 4.82614
0.876251 9.64098 15.6616 15.78 4.80038
0.880298 9.61808 15.6387 15.7581 4.77472
0.884364 9.59525 15.6159 15.7364 4.74917
0.888449 9.57252 15.5931 15.7148 4.72372
0.892552 9.54986 15.5705 15.6932 4.69838
0.896675 9.52729 15.5479 15.6718 4.67314
0.900817 9.50479 15.5254 15.6504 4.64801
0.904977 9.48238 15.503 15.6291 4.62298
0.909157 9.46006 15.4807 15.6079 4.59806
0.913357 9.43781 15.4584 15.5869 4.57324
0.917575 9.41565 15.4362 15.5659 4.54853
0.921814 9.39356 15.4142 15.545 4.52391
0.926071 9.37156 15.3922 15.5241 4.4994
0.930349 9.34964 15.3702 15.5034 4.475
0.934646 9.3278 15.3484 15.4828 4.45069
0.938963 9.30604 15.3266 15.4623 4.42649
0.9433 9.28437 15.305 15.4418 4.40239
0.947657 9.26277 15.2834 15.4215 4.37839
0.952034 9.24125 15.2619 15.4012 4.35449
0.956431 9.21982 15.2404 15.381 4.33069
0.960849 9.19846 15.2191 15.3609 4.30699
0.965287 9.17719 15.1978 15.3409 4.2834
0.969745 9.15599 15.1766 15.3211 4.2599
0.974225 9.13487 15.1555 15.3012 4.2365
0.978724 9.11384 15.1344 15.2815 4.2132
0.983245 9.09288 15.1135 15.2619 4.18999
0.987787 9.072 15.0926 15.2424 4.16689
0.992349 9.05119 15.0718 15.2229 4.14388
0.996933 9.03047 15.0511 15.2036 4.12097
1.00154 9.00982 15.0304 15.1843 4.09816
1.00616 8.98926 15.0099 15.1651 4.07544
1.01081 8.96876 14.9894 15.146 4.05282
1.01548 8.94835 14.969 15.1271 4.03029
1.02017 8.92801 14.9486 15.1081 4.00786
1.02488 8.90775 14.9284 15.0893 3.98552
1.02962 8.88757 14.9082 15.0706 3.96328
1.03437 8.86746 14.8881 15.052 3.94113
1.03915 8.84742 14.868 15.0334 3.91907
1.04395 8.82746 14.8481 15.0149 3.89711
1.04877 8.80758 14.8282 14.9966 3.87523
1.05361 8.78776 14.8084 14.9783 3.85345
1.05848 8.76803 14.7886 14.9601 3.83176
1.06337 8.74836 14.769 14.942 3.81016
1.06828 8.72877 14.7494 14.9239 3.78865
1.07322 8.70925 14.7299 14.906 3.76723
1.07817 8.68981 14.7104 14.8881 3.74589
1.08315 8.67043 14.691 14.8704 3.72465
1.08816 8.65113 14.6717 14.8527 3.70349
1.09318 8.63189 14.6525 14.8351 3.68241
1.09823 8.61273 14.6333 14.8176 3.66143
1.1033 8.59363 14.6142 14.8001 3.64053
1.1084 8.57461 14.5952 14.7828 3.61971
1.11352 8.55565 14.5763 14.7655 3.59898
1.11866 8.53676 14.5574 14.7483 3.57833
1.12383 8.51794 14.5385 14.7312 3.55777
1.12902 8.49919 14.5198 14.7142 3.53728
1.13424 8.4805 14.5011 14.6973 3.51688
1.13947 8.46188 14.4825 14.6804 3.49656
1.14474 8.44332 14.4639 14.6636 3.47632
1.15002 8.42483 14.4454 14.6469 3.45616
1.15534 8.4064 14.427 14.6303 3.43607
1.16067 8.38804 14.4086 14.6138 3.41607
1.16603 8.36973 14.3903 14.5973 3.39614
1.17142 8.35149 14.3721 14.581 3.37629
1.17683 8.33331 14.3539 14.5647 3.35651
1.18227 8.3152 14.3358 14.5484 3.33681
1.18773 8.29714 14.3177 14.5323 3.31718
1.19321 8.27914 14.2997 14.5162 3.29762
1.19872 8.2612 14.2818 14.5002 3.27814
1.20426 8.24332 14.2639 14.4843 3.25873
1.20982 8.22549 14.2461 14.4684 3.23939
1.21541 8.20772 14.2283 14.4527 3.22012
1.22102 8.19001 14.2106 14.437 3.20091
1.22666 8.17235 14.1929 14.4213 3.18178
1.23233 8.15474 14.1753 14.4058 3.16271
1.23802 8.13719 14.1578 14.3903 3.14371
1.24374 8.11969 14.1403 14.3749 3.12477
1.24949 8.10224 14.1228 14.3595 3.1059
1.25526 8.08485 14.1054 14.3442 3.08709
1.26105 8.0675 14.0881 14.329 3.06834
1.26688 8.0502 14.0708 14.3139 3.04965
1.27273 8.03295 14.0535 14.2988 3.03103
1.27861 8.01575 14.0363 14.2838 3.01246
1.28451 7.99859 14.0192 14.2689 2.99395
1.29045 7.98147 14.0021 14.254 2.9755
1.29641 7.9644 13.985 14.2392 2.9571
1.3024 7.94738 13.968 14.2244 2.93876
1.30841 7.9304 13.951 14.2097 2.92047
1.31446 7.91345 13.9341 14.1951 2.90223
1.32053 7.89655 13.9171 14.1805 2.88405
1.32663 7.87969 13.9003 14.166 2.86592
1.33275 7.86286 13.8835 14.1515 2.84783
1.33891 7.84607 13.8667 14.1371 2.82979
1.34509 7.82932 13.8499 14.1228 2.8118
1.35131 7.8126 13.8332 14.1085 2.79386
1.35755 7.79591 13.8165 14.0943 2.77596
1.36382 7.77926 13.7999 14.0801 2.7581
1.37012 7.76264 13.7832 14.066 2.74029
1.37645 7.74605 13.7666 14.0519 2.72251
1.3828 7.72949 13.7501 14.0378 2.70478
1.38919 7.71295 13.7335 14.0239 2.68708
1.39561 7.69644 13.717 14.0099 2.66942
1.40205 7.67996 13.7006 13.9961 2.65179
1.40853 7.6635 13.6841 13.9822 2.6342
1.41503 7.64706 13.6677 13.9684 2.61664
1.42157 7.63064 13.6512 13.9547 2.59911
1.42814 7.61424 13.6348 13.941 2.58161
1.43473 7.59787 13.6185 13.9273 2.56414
1.44136 7.5815 13.6021 13.9137 2.5467
1.44802 7.56516 13.5858 13.9001 2.52928
1.45471 7.54883 13.5694 13.8865 2.51189
1.46142 7.53251 13.5531 13.873 2.49451
1.46818 7.5162 13.5368 13.8596 2.47716
1.47496 7.4999 13.5205 13.8461 2.45983
1.48177 7.48361 13.5042 13.8327 2.44251
1.48861 7.46733 13.4879 13.8193 2.42521
1.49549 7.45105 13.4717 13.806 2.40793
1.5024 7.43478 13.4554 13.7926 2.39066
1.50934 7.41851 13.4391 13.7793 2.3734
1.51631 7.40224 13.4228 13.7661 2.35614
1.52331 7.38596 13.4066 13.7528 2.3389
1.53035 7.36969 13.3903 13.7396 2.32166
1.53742 7.35341 13.374 13.7264 2.30443
1.54452 7.33713 13.3577 13.7132 2.2872
1.55165 7.32083 13.3414 13.7001 2.26997
1.55882 7.30453 13.3251 13.6869 2.25274
1.56602 7.28822 13.3088 13.6738 2.2355
1.57325 7.27189 13.2925 13.6607 2.21826
1.58052 7.25555 13.2762 13.6476 2.20102
1.58782 7.23919 13.2598 13.6345 2.18376
1.59515 7.22282 13.2434 13.6214 2.1665
1.60252 7.20642 13.227 13.6083 2.14922
1.60992 7.19 13.2106 13.5952 2.13193
1.61736 7.17356 13.1942 13.5821 2.11462
1.62483 7.15709 13.1777 13.5691 2.0973
1.63233 7.14059 13.1612 13.556 2.07995
1.63987 7.12407 13.1447 13.5429 2.06258
1.64745 7.10751 13.1281 13.5299 2.04519
1.65506 7.09092 13.1115 13.5168 2.02777
1.6627 7.07429 13.0949 13.5037 2.01032
1.67038 7.05763 13.0782 13.4906 1.99285
1.6781 7.04092 13.0615 13.4775 1.97533
1.68585 7.02417 13.0448 13.4644 1.95779
1.69363 7.00738 13.028 13.4512 1.94021
1.70146 6.99054 13.0111 13.4381 1.92258
1.70931 6.97365 12.9943 13.4249 1.90492
1.71721 6.95672 12.9773 13.4117 1.88721
1.72514 6.93973 12.9603 13.3985 1.86946
1.73311 6.92268 12.9433 13.3853 1.85166
1.74111 6.90558 12.9262 13.372 1.8338
1.74916 6.88841 12.909 13.3587 1.8159
1.75724 6.87119 12.8918 13.3454 1.79794
1.76535 6.8539 12.8745 13.3321 1.77992
1.77351 6.83654 12.8571 13.3187 1.76184
1.7817 6.81911 12.8397 13.3053 1.7437
1.78993 6.80162 12.8222 13.2918 1.72549
1.79819 6.78405 12.8046 13.2783 1.70722
1.8065 6.7664 12.787 13.2647 1.68887
1.81484 6.74867 12.7693 13.2511 1.67046
1.82323 6.73087 12.7515 13.2375 1.65196
1.83165 6.71297 12.7336 13.2238 1.63339
1.84011 6.695 12.7156 13.2101 1.61474
1.84861 6.67693 12.6975 13.1963 1.59601
1.85715 6.65877 12.6794 13.1824 1.57719
1.86572 6.64052 12.6611 13.1685 1.55829
1.87434 6.62217 12.6428 13.1545 1.53929
1.883 6.60373 12.6243 13.1405 1.5202
1.8917 6.58518 12.6058 13.1264 1.50102
1.90043 6.56652 12.5871 13.1122 1.48173
1.90921 6.54776 12.5684 13.0979 1.46235
1.91803 6.52889 12.5495 13.0836 1.44286
1.92689 6.50991 12.5305 13.0692 1.42326
1.93579 6.49081 12.5114 13.0547 1.40355
1.94473 6.47159 12.4922 13.0402 1.38373
1.95371 6.45226 12.4729 13.0255 1.3638
1.96274 6.4328 12.4534 13.0108 1.34374
1.9718 6.41321 12.4338 12.996 1.32357
1.98091 6.39349 12.4141 12.981 1.30327
1.99006 6.37364 12.3942 12.966 1.28285
1.99925 6.35366 12.3743 12.9509 1.2623
2.00848 6.33354 12.3541 12.9357 1.24161
2.01776 6.31328 12.3339 12.9204 1.22079
2.02708 6.29288 12.3135 12.905 1.19983
2.03644 6.27233 12.2929 12.8895 1.17873
2.04585 6.25163 12.2722 12.8739 1.15748
2.0553 6.23078 12.2514 12.8581 1.13609
2.06479 6.20977 12.2304 12.8423 1.11455
2.07433 6.18861 12.2092 12.8263 1.09285
2.08391 6.16728 12.1879 12.8102 1.071
2.09354 6.14579 12.1664 12.794 1.04899
2.10321 6.12414 12.1447 12.7776 1.02682
2.11292 6.10231 12.1229 12.7612 1.00448
2.12268 6.08032 12.1009 12.7446 0.981977
2.13248 6.05814 12.0787 12.7278 0.959301
2.14233 6.03579 12.0564 12.711 0.936452
2.15223 6.01326 12.0339 12.6939 0.913426
2.16217 5.99054 12.0111 12.6768 0.890219
2.17216 5.96764 11.9882 12.6595 0.86683
2.18219 5.94454 11.9651 12.642 0.843256
2.19227 5.92126 11.9419 12.6244 0.819492
2.2024 5.89777 11.9184 12.6067 0.795536
2.21257 5.87409 11.8947 12.5888 0.771386
2.22279 5.85021 11.8708 12.5707 0.747037
2.23305 5.82612 11.8467 12.5525 0.722488
2.24337 5.80182 11.8224 12.5341 0.697735
2.25373 5.77731 11.7979 12.5155 0.672776
2.26414 5.75259 11.7732 12.4968 0.647607
2.2746 5.72765 11.7482 12.4779 0.622225
2.2851 5.70249 11.7231 12.4588 0.596627
2.29566 5.67711 11.6977 12.4396 0.570812
2.30626 5.6515 11.6721 12.4202 0.544774
2.31691 5.62567 11.6463 12.4006 0.518513
2.32762 5.5996 11.6202 12.3808 0.492024
2.33837 5.5733 11.5939 12.3608 0.465306
2.34917 5.54677 11.5674 12.3406 0.438354
2.36002 5.51999 11.5406 12.3202 0.411167
2.37092 5.49298 11.5136 12.2997 0.383742
2.38187 5.46571 11.4863 12.2789 0.356075
2.39287 5.4382 11.4588 12.258 0.328164
2.40392 5.41044 11.431 12.2368 0.300007
2.41503 5.38243 11.403 12.2154 0.2716
2.42618 5.35416 11.3748 12.1939 0.242942
2.43739 5.32563 11.3462 12.1721 0.214028
2.44865 5.29685 11.3174 12.1501 0.184858
2.45996 5.2678 11.2884 12.1279 0.155427
2.47132 5.23848 11.2591 12.1054 0.125735
2.48273 5.20889 11.2295 12.0828 0.0957767
2.4942 5.17904 11.1996 12.0599 0.0655516
2.50572 5.14891 11.1695 12.0368 0.0350566
2.51729 5.1185 11.1391 12.0135 0.00428944
2.52892 5.08782 11.1084 11.99 -0.0267523
2.5406 5.05686 11.0775 11.9662 -0.058071
2.55234 5.02561 11.0462 11.9422 -0.0896689
2.56413 4.99408 11.0147 11.918 -0.121548
2.57597 4.96227 10.9829 11.8935 -0.153711
2.58787 4.93016 10.9508 11.8688 -0.18616
2.59982 4.89776 10.9184 11.8439 -0.218896
2.61183 4.86507 10.8857 11.8187 -0.251923
2.62389 4.83209 10.8527 11.7932 -0.285241
2.63601 4.79881 10.8194 11.7676 -0.318854
2.64819 4.76523 10.7858 11.7417 -0.352762
2.66042 4.73135 10.7519 11.7155 -0.386968
2.67271 4.69716 10.7178 11.6891 -0.421473
2.68505 4.66268 10.6833 11.6624 -0.456279
2.69745 4.62788 10.6485 11.6355 -0.491389
2.70991 4.59278 10.6134 11.6083 -0.526802
2.72243 4.55737 10.578 11.5809 -0.562522
2.735 4.52165 10.5423 11.5532 -0.59855
2.74764 4.48562 10.5062 11.5253 -0.634887
2.76033 4.44928 10.4699 11.4971 -0.671534
2.77308 4.41262 10.4332 11.4686 -0.708493
2.78589 4.37564 10.3962 11.4399 -0.745765
2.79875 4.33835 10.3589 11.4109 -0.783351
2.81168 4.30074 10.3213 11.3817 -0.821253
2.82467 4.26281 10.2834 11.3522 -0.859471
2.83771 4.22456 10.2452 11.3224 -0.898007
2.85082 4.18599 10.2066 11.2924 -0.936862
2.86399 4.14709 10.1677 11.2621 -0.976036
2.87722 4.10788 10.1285 11.2316 -1.01553
2.89051 4.06834 10.0889 11.2007 -1.05535
2.90386 4.02847 10.0491 11.1697 -1.09548
2.91727 3.98829 10.0089 11.1383 -1.13594
2.93074 3.94777 9.96837 11.1067 -1.17672
2.94428 3.90693 9.92753 11.0748 -1.21783
2.95788 3.86576 9.88636 11.0426 -1.25926
2.97154 3.82427 9.84487 11.0102 -1.30101
2.98527 3.78245 9.80305 10.9775 -1.34309
2.99906 3.74031 9.76091 10.9445 -1.38549
3.01291 3.69783 9.71843 10.9113 -1.42822
3.02683 3.65503 9.67563 10.8778 -1.47128
3.04081 3.6119 9.6325 10.844 -1.51465
3.05485 3.56845 9.58905 10.81 -1.55836
3.06896 3.52466 9.54526 10.7757 -1.60238
3.08314 3.48055 9.50115 10.7411 -1.64674
3.09738 3.43612 9.45672 10.7063 -1.69141
3.11168 3.39136 9.41196 10.6712 -1.73641
3.12606 3.34627 9.36687 10.6358 -1.78174
3.14049 3.30085 9.32145 10.6002 -1.82738
3.155 3.25512 9.27572 10.5643 -1.87335
3.16957 3.20905 9.22965 10.5282 -1.91964
3.18421 3.16267 9.18327 10.4917 -1.96626
3.19892 3.11596 9.13656 10.4551 -2.01319
3.2137 3.06893 9.08953 10.4181 -2.06044
3.22854 3.02158 9.04218 10.3809 -2.10802
3.24345 2.97391 8.99451 10.3435 -2.15591
3.25843 2.92592 8.94652 10.3058 -2.20411
3.27348 2.87761 8.89821 10.2678 -2.25264
3.2886 2.82899 8.84959 10.2296 -2.30147
3.30379 2.78005 8.80065 10.1911 -2.35062
3.31905 2.73079 8.75139 10.1524 -2.40009
3.33438 2.68123 8.70183 10.1134 -2.44986
3.34978 2.63135 8.65195 10.0742 -2.49995
3.36526 2.58116 8.60176 10.0347 -2.55034
3.3808 2.53066 8.55126 9.99504 -2.60104
3.39641 2.47985 8.50045 9.95508 -2.65205
3.4121 2.42874 8.44934 9.91489 -2.70336
3.42786 2.37733 8.39793 9.87445 -2.75497
3.4437 2.32561 8.34621 9.83378 -2.80688
3.4596 2.27359 8.29419 9.79287 -2.85909
3.47558 2.22128 8.24188 9.75172 -2.9116
3.49163 2.16866 8.18926 9.71035 -2.9644
3.50776 2.11576 8.13636 9.66874 -3.01749
3.52396 2.06256 8.08316 9.62691 -3.07088
3.54024 2.00906 8.02966 9.58485 -3.12456
3.55659 1.95528 7.97588 9.54257 -3.17852
3.57302 1.90122 7.92182 9.50006 -3.23277
3.58952 1.84686 7.86746 9.45734 -3.2873
3.6061 1.79223 7.81283 9.4144 -3.34211
3.62276 1.73732 7.75792 9.37124 -3.3972
3.63949 1.68212 7.70272 9.32788 -3.45257
3.6563 1.62665 7.64725 9.2843 -3.50821
3.67319 1.57091 7.59151 9.24051 -3.56412
3.69016 1.5149 7.5355 9.19652 -3.6203
3.7072 1.45862 7.47922 9.15233 -3.67675
3.72432 1.40207 7.42267 9.10794 -3.73347
3.74153 1.34526 7.36586 9.06335 -3.79044
3.75881 1.28819 7.30879 9.01856 -3.84768
3.77617 1.23086 7.25146 8.97358 -3.90517
3.79361 1.17327 7.19387 8.92841 -3.96292
3.81113 1.11543 7.13603 8.88306 -4.02092
3.82874 1.05734 7.07794 8.83752 -4.07917
3.84642 0.998999 7.0196 8.7918 -4.13766
3.86419 0.940413 6.96101 8.7459 -4.19641
3.88203 0.881585 6.90218 8.69982 -4.25539
3.89996 0.822516 6.84312 8.65357 -4.31461
3.91798 0.76321 6.78381 8.60715 -4.37406
3.93608 0.703669 6.72427 8.56056 -4.43375
3.95426 0.643896 6.6645 8.51381 -4.49368
3.97252 0.583894 6.60449 8.46689 -4.55382
3.99087 0.523665 6.54426 8.41982 -4.6142
4.0093 0.463212 6.48381 8.37258 -4.67479
4.02782 0.402539 6.42314 8.32519 -4.73561
4.04642 0.341648 6.36225 8.27765 -4.79664
4.06511 0.280541 6.30114 8.22997 -4.85789
4.08389 0.219222 6.23982 8.18213 -4.91935
4.10275 0.157694 6.17829 8.13416 -4.98101
4.1217 0.0959586 6.11656 8.08604 -5.04288
4.14074 0.0340198 6.05462 8.03779 -5.10496
4.15987 -0.0281199 5.99248 7.9894 -5.16723
4.17908 -0.0904575 5.93014 7.94088 -5.2297
4.19838 -0.15299 5.86761 7.89224 -5.29236
4.21777 -0.215715 5.80488 7.84346 -5.35522
4.23726 -0.27863 5.74197 7.79457 -5.41826
4.25683 -0.34173 5.67887 7.74555 -5.48149
4.27649 -0.405015 5.61559 7.69642 -5.5449
4.29624 -0.468479 5.55212 7.64717 -5.60849
4.31609 -0.532122 5.48848 7.59781 -5.67226
4.33602 -0.595939 5.42466 7.54835 -5.7362
4.35605 -0.659929 5.36067 7.49877 -5.80031
4.37617 -0.724087 5.29651 7.4491 -5.86459
4.39638 -0.788412 5.23219 7.39932 -5.92903
4.41669 -0.8529 5.1677 7.34945 -5.99364
4.43709 -0.917548 5.10305 7.29948 -6.05841
4.45758 -0.982354 5.03825 7.24942 -6.12333
4.47817 -1.04731 4.97329 7.19927 -6.1884
4.49886 -1.11243 4.90817 7.14904 -6.25363
4.51964 -1.17769 4.84291 7.09872 -6.31901
4.54051 -1.2431 4.7775 7.04832 -6.38453
4.56148 -1.30865 4.71195 6.99784 -6.45019
4.58255 -1.37434 4.64626 6.94729 -6.51599
4.60372 -1.44017 4.58043 6.89666 -6.58193
4.62498 -1.50613 4.51447 6.84597 -6.648
4.64634 -1.57223 4.44837 6.7952 -6.7142
4.66781 -1.63845 4.38215 6.74437 -6.78053
4.68937 -1.7048 4.3158 6.69348 -6.84699
4.71103 -1.77128 4.24932 6.64253 -6.91357
4.73278 -1.83787 4.18273 6.59153 -6.98027
4.75464 -1.90459 4.11601 6.54046 -7.04708
4.77661 -1.97142 4.04918 6.48935 -7.11402
4.79867 -2.03836 3.98224 6.43819 -7.18106
4.82083 -2.10541 3.91519 6.38698 -7.24821
4.8431 -2.17257 3.84803 6.33573 -7.31547
4.86547 -2.23984 3.78076 6.28443 -7.38283
4.88794 -2.3072 3.7134 6.23309 -7.4503
4.91052 -2.37467 3.64593 6.18172 -7.51786
4.9332 -2.44223 3.57837 6.13032 -7.58552
4.95599 -2.50989 3.51071 6.07888 -7.65327
4.97888 -2.57764 3.44296 6.02741 -7.72111
5.00187 -2.64548 3.37512 5.97591 -7.78904
5.02498 -2.7134 3.3072 5.92439 -7.85705
5.04819 -2.78141 3.23919 5.87285 -7.92515
5.0715 -2.8495 3.1711 5.82129 -7.99333
5.09493 -2.91766 3.10294 5.7697 -8.06159
5.11846 -2.98591 3.03469 5.71811 -8.12992
5.1421 -3.05422 2.96638 5.6665 -8.19833
5.16585 -3.12261 2.89799 5.61487 -8.2668
5.18971 -3.19107 2.82953 5.56324 -8.33534
5.21368 -3.25959 2.76101 5.51161 -8.40395
5.23777 -3.32818 2.69242 5.45996 -8.47262
5.26196 -3.39683 2.62377 5.40832 -8.54136
5.28626 -3.46553 2.55506 5.35667 -8.61015
5.31068 -3.5343 2.4863 5.30503 -8.67899
5.33521 -3.60312 2.41748 5.25339 -8.74789
5.35985 -3.67199 2.34861 5.20175 -8.81684
5.38461 -3.7409 2.2797 5.15013 -8.88584
5.40948 -3.80987 2.21073 5.09851 -8.95488
5.43446 -3.87888 2.14172 5.0469 -9.02397
5.45957 -3.94793 2.07267 4.99531 -9.0931
5.48478 -4.01703 2.00357 4.94374 -9.16227
5.51012 -4.08616 1.93444 4.89218 -9.23148
5.53557 -4.15532 1.86528 4.84065 -9.30072
5.56114 -4.22452 1.79608 4.78913 -9.37
5.58682 -4.29375 1.72685 4.73764 -9.4393
5.61263 -4.36301 1.65759 4.68618 -9.50863
5.63855 -4.4323 1.5883 4.63474 -9.57799
5.66459 -4.5016 1.519 4.58333 -9.64737
5.69076 -4.57094 1.44966 4.53195 -9.71677
5.71704 -4.64029 1.38031 4.48061 -9.78619
5.74345 -4.70965 1.31095 4.4293 -9.85563
5.76998 -4.77904 1.24156 4.37802 -9.92509
5.79663 -4.84844 1.17216 4.32679 -9.99455
5.8234 -4.91784 1.10276 4.2756 -10.064
5.8503 -4.98726 1.03334 4.22444 -10.1335
5.87732 -5.05668 0.963917 4.17333 -10.203
5.90447 -5.12611 0.894489 4.12227 -10.2725
5.93174 -5.19554 0.825058 4.07126 -10.342
5.95914 -5.26497 0.755627 4.02029 -10.4115
5.98666 -5.3344 0.686198 3.96937 -10.481
6.01431 -5.40383 0.616772 3.91851 -10.5505
6.04209 -5.47325 0.547353 3.8677 -10.62
6.07 -5.54266 0.477941 3.81694 -10.6894
6.09804 -5.61206 0.40854 3.76624 -10.7589
6.1262 -5.68145 0.339151 3.7156 -10.8283
6.1545 -5.75082 0.269776 3.66503 -10.8978
6.18293 -5.82018 0.200417 3.61451 -10.9672
6.21149 -5.88952 0.131077 3.56406 -11.0366
6.24018 -5.95884 0.0617564 3.51367 -11.106
6.269 -6.02814 -0.0075413 3.46335 -11.1753
6.29795 -6.09741 -0.0768146 3.41309 -11.2447
6.32704 -6.16666 -0.146061 3.36291 -11.314
6.35627 -6.23588 -0.21528 3.3128 -11.3833
6.38563 -6.30507 -0.284468 3.26276 -11.4525
6.41512 -6.37422 -0.353623 3.21279 -11.5217
6.44475 -6.44334 -0.422744 3.1629 -11.5909
6.47452 -6.51243 -0.491828 3.11309 -11.66
6.50442 -6.58147 -0.560873 3.06336 -11.7291
6.53447 -6.65048 -0.629879 3.01371 -11.7982
6.56465 -6.71944 -0.698841 2.96414 -11.8672
6.59497 -6.78836 -0.767759 2.91465 -11.9362
6.62543 -6.85723 -0.83663 2.86525 -12.0051
6.65603 -6.92605 -0.905453 2.81593 -12.074
6.68678 -6.99482 -0.974225 2.76671 -12.1428
6.71766 -7.06354 -1.04294 2.71757 -12.2116
6.74869 -7.13221 -1.11161 2.66852 -12.2803
6.77986 -7.20082 -1.18022 2.61957 -12.3489
6.81118 -7.26937 -1.24877 2.57071 -12.4175
6.84264 -7.33785 -1.31725 2.52194 -12.4861
6.87424 -7.40628 -1.38568 2.47328 -12.5546
6.90599 -7.47464 -1.45404 2.42471 -12.623
6.93789 -7.54294 -1.52234 2.37624 -12.6913
6.96994 -7.61116 -1.59056 2.32787 -12.7596
7.00213 -7.67932 -1.65872 2.2796 -12.8278
7.03447 -7.7474 -1.7268 2.23144 -12.8959
7.06696 -7.81541 -1.79481 2.18338 -12.964
7.0996 -7.88334 -1.86274 2.13544 -13.0319
7.1324 -7.95119 -1.93059 2.0876 -13.0998
7.16534 -8.01896 -1.99836 2.03987 -13.1676
7.19844 -8.08664 -2.06604 1.99225 -13.2354
7.23168 -8.15424 -2.13364 1.94474 -13.303
7.26509 -8.22176 -2.20116 1.89735 -13.3706
7.29864 -8.28918 -2.26858 1.85008 -13.438
7.33236 -8.35651 -2.33591 1.80292 -13.5054
7.36622 -8.42375 -2.40315 1.75589 -13.5727
7.40025 -8.49089 -2.47029 1.70897 -13.6399
7.43443 -8.55794 -2.53734 1.66218 -13.707
7.46877 -8.62488 -2.60428 1.61551 -13.774
7.50326 -8.69172 -2.67112 1.56897 -13.8408
7.53792 -8.75846 -2.73786 1.52255 -13.9076
7.57274 -8.82509 -2.80449 1.47626 -13.9743
7.60771 -8.89161 -2.87101 1.43011 -14.0409
7.64285 -8.95802 -2.93742 1.38408 -14.1073
7.67815 -9.02432 -3.00372 1.33819 -14.1736
7.71362 -9.0905 -3.0699 1.29244 -14.2399
7.74925 -9.15656 -3.13596 1.24682 -14.306
7.78504 -9.2225 -3.2019 1.20134 -14.3719
7.821 -9.28832 -3.26772 1.156 -14.4378
7.85712 -9.35401 -3.33341 1.11081 -14.5035
7.89341 -9.41958 -3.39898 1.06576 -14.5691
7.92987 -9.48501 -3.46441 1.02085 -14.6346
7.9665 -9.55032 -3.52972 0.976091 -14.6999
8.0033 -9.61548 -3.59488 0.931481 -14.7651
8.04026 -9.68052 -3.65992 0.887024 -14.8302
8.0774 -9.74541 -3.72481 0.842719 -14.8951
8.11471 -9.81016 -3.78956 0.798569 -14.9599
8.15219 -9.87476 -3.85416 0.754577 -15.0246
8.18984 -9.93922 -3.91862 0.710743 -15.0891
8.22767 -10.0035 -3.98292 0.66707 -15.1534
8.26567 -10.0677 -4.04708 0.62356 -15.2176
8.30385 -10.1317 -4.11107 0.580215 -15.2816
8.3422 -10.1955 -4.17492 0.537036 -15.3455
8.38074 -10.2592 -4.23859 0.494027 -15.4092
8.41945 -10.3227 -4.30211 0.451189 -15.4727
8.45833 -10.3861 -4.36546 0.408524 -15.5361
8.4974 -10.4492 -4.42864 0.366035 -15.5993
8.53665 -10.5123 -4.49165 0.323723 -15.6624
8.57608 -10.5751 -4.55448 0.281591 -15.7252
8.61569 -10.6377 -4.61714 0.239641 -15.7879
8.65549 -10.7002 -4.67962 0.197876 -15.8504
8.69547 -10.7625 -4.74191 0.156298 -15.9128
8.73563 -10.8246 -4.80401 0.114909 -15.9749
8.77598 -10.8865 -4.86593 0.0737119 -16.0368
8.81651 -10.9482 -4.92765 0.0327089 -16.0986
8.85724 -11.0098 -4.98917 -0.00809734 -16.1602
8.89815 -11.0711 -5.0505 -0.0487042 -16.2215
8.93925 -11.1322 -5.11162 -0.0891092 -16.2827
8.98053 -11.1931 -5.17254 -0.129309 -16.3436
9.02201 -11.2538 -5.23325 -0.169302 -16.4043
9.06369 -11.3143 -5.29375 -0.209085 -16.4649
9.10555 -11.3746 -5.35402 -0.248655 -16.5252
9.14761 -11.4347 -5.41408 -0.288009 -16.5853
9.18986 -11.4945 -5.47392 -0.327144 -16.6451
9.23231 -11.5541 -5.53353 -0.366057 -16.7048
9.27495 -11.6135 -5.59291 -0.404746 -16.7642
9.31779 -11.6726 -5.65205 -0.443207 -16.8233
9.36083 -11.7316 -5.71095 -0.481436 -16.8823
9.40406 -11.7902 -5.76962 -0.519431 -16.941
9.4475 -11.8486 -5.82803 -0.557188 -16.9994
9.49114 -11.9068 -5.8862 -0.594705 -17.0576
9.53497 -11.9647 -5.94411 -0.631977 -17.1155
9.57902 -12.0224 -6.00177 -0.669001 -17.1732
9.62326 -12.0798 -6.05916 -0.705773 -17.2306
9.66771 -12.1369 -6.11628 -0.74229 -17.2878
9.71236 -12.1937 -6.17314 -0.778548 -17.3447
9.75722 -12.2503 -6.22972 -0.814543 -17.4013
9.80229 -12.3066 -6.28601 -0.850272 -17.4576
9.84757 -12.3626 -6.34203 -0.88573 -17.5136
9.89305 -12.4183 -6.39775 -0.920913 -17.5694
9.93875 -12.4738 -6.45318 -0.955817 -17.6248
9.98465 -12.5289 -6.50831 -0.990438 -17.68
10.0308 -12.5837 -6.56313 -1.02477 -17.7348
10.0771 -12.6382 -6.61765 -1.05881 -17.7894
10.1236 -12.6925 -6.67185 -1.09256 -17.8436
10.1704 -12.7463 -6.72573 -1.126 -17.8975
10.2174 -12.7999 -6.77929 -1.15914 -17.9511
10.2646 -12.8531 -6.83252 -1.19197 -18.0043
10.312 -12.906 -6.88541 -1.22448 -18.0572
10.3596 -12.9586 -6.93796 -1.25667 -18.1098
10.4075 -13.0108 -6.99016 -1.28853 -18.162
10.4555 -13.0626 -7.042 -1.32006 -18.2139
10.5038 -13.1141 -7.09349 -1.35126 -18.2654
10.5523 -13.1652 -7.14461 -1.38211 -18.3165
10.6011 -13.216 -7.19536 -1.41262 -18.3673
10.65 -13.2663 -7.24573 -1.44277 -18.4177
10.6992 -13.3163 -7.29572 -1.47256 -18.4677
10.7487 -13.3659 -7.34531 -1.50198 -18.5173
10.7983 -13.4151 -7.39451 -1.53104 -18.5665
10.8482 -13.4639 -7.44329 -1.55971 -18.6153
10.8983 -13.5123 -7.49167 -1.588 -18.6637
10.9486 -13.5602 -7.53963 -1.61589 -18.7117
10.9992 -13.6078 -7.58715 -1.64339 -18.7593
11.05 -13.6548 -7.63424 -1.67048 -18.8064
11.101 -13.7015 -7.68089 -1.69715 -18.853
11.1523 -13.7477 -7.72709 -1.72341 -18.8992
11.2038 -13.7934 -7.77283 -1.74923 -18.945
11.2556 -13.8387 -7.81809 -1.77462 -18.9903
11.3076 -13.8835 -7.86289 -1.79957 -19.0351
11.3598 -13.9278 -7.90719 -1.82406 -19.0794
11.4123 -13.9716 -7.951 -1.84809 -19.1232
11.465 -14.0149 -7.99431 -1.87165 -19.1666
11.5179 -14.0577 -8.0371 -1.89473 -19.2094
11.5711 -14.1 -8.07937 -1.91732 -19.2517
11.6246 -14.1417 -8.12111 -1.93941 -19.2934
11.6783 -14.1829 -8.1623 -1.96099 -19.3346
11.7322 -14.2235 -8.20294 -1.98206 -19.3753
11.7864 -14.2636 -8.24301 -2.0026 -19.4154
11.8408 -14.3031 -8.28251 -2.0226 -19.4549
11.8955 -14.342 -8.32142 -2.04205 -19.4938
11.9505 -14.3803 -8.35973 -2.06094 -19.5321
12.0057 -14.418 -8.39743 -2.07926 -19.5699
12.0611 -14.4551 -8.4345 -2.097 -19.607
12.1168 -14.4915 -8.47094 -2.11413 -19.6434
12.1728 -14.5273 -8.50673 -2.13067 -19.6792
12.229 -14.5625 -8.54186 -2.14657 -19.7144
12.2855 -14.5969 -8.57631 -2.16185 -19.7488
12.3422 -14.6307 -8.61008 -2.17647 -19.7826
12.3993 -14.6637 -8.64313 -2.19044 -19.8157
12.4565 -14.6961 -8.67547 -2.20373 -19.848
12.5141 -14.7277 -8.70707 -2.21632 -19.8796
12.5719 -14.7585 -8.73793 -2.22821 -19.9105
12.6299 -14.7886 -8.76801 -2.23938 -19.9406
12.6883 -14.8179 -8.79731 -2.2498 -19.9699
12.7469 -14.8464 -8.82581 -2.25947 -19.9984
12.8057 -14.8741 -8.85349 -2.26837 -20.0261
12.8649 -14.9009 -8.88033 -2.27648 -20.053
12.9243 -14.9269 -8.90632 -2.28378 -20.079
12.984 -14.952 -8.93143 -2.29024 -20.1041
13.044 -14.9762 -8.95564 -2.29586 -20.1283
13.1042 -14.9995 -8.97894 -2.30061 -20.1517
13.1648 -15.0219 -9.0013 -2.30447 -20.174
13.2256 -15.0433 -9.0227 -2.30742 -20.1954
13.2867 -15.0637 -9.04311 -2.30944 -20.2159
13.348 -15.0831 -9.06252 -2.3105 -20.2353
13.4097 -15.1015 -9.0809 -2.31057 -20.2537
13.4716 -15.1188 -9.09821 -2.30964 -20.271
13.5338 -15.135 -9.11445 -2.30767 -20.2873
13.5963 -15.1502 -9.12957 -2.30465 -20.3024
13.6591 -15.1642 -9.14356 -2.30054 -20.3164
13.7222 -15.177 -9.15637 -2.29531 -20.3292
13.7856 -15.1886 -9.16799 -2.28894 -20.3408
13.8493 -15.199 -9.17838 -2.28139 -20.3512
13.9133 -15.2081 -9.18751 -2.27264 -20.3604
13.9775 -15.2159 -9.19534 -2.26264 -20.3682
14.0421 -15.2224 -9.20184 -2.25136 -20.3747
14.1069 -15.2276 -9.20697 -2.23877 -20.3799
14.1721 -15.2313 -9.2107 -2.22483 -20.3836
14.2376 -15.2336 -9.21298 -2.2095 -20.3859
14.3033 -15.2344 -9.21378 -2.19274 -20.3867
14.3694 -15.2337 -9.21305 -2.17451 -20.386
14.4358 -15.2313 -9.21075 -2.15476 -20.3837
14.5024 -15.2274 -9.20683 -2.13345 -20.3798
14.5694 -15.2218 -9.20124 -2.11053 -20.3742
14.6367 -15.2145 -9.19394 -2.08595 -20.3669
14.7043 -15.2055 -9.18486 -2.05966 -20.3579
14.7722 -15.1946 -9.17397 -2.03161 -20.347
14.8405 -15.1818 -9.16119 -2.00172 -20.3342
14.909 -15.1671 -9.14647 -1.96996 -20.3195
14.9779 -15.1503 -9.12975 -1.93625 -20.3028
15.0471 -15.1316 -9.11096 -1.90054 -20.284
15.1166 -15.1106 -9.09003 -1.86274 -20.2631
15.1864 -15.0875 -9.06689 -1.82279 -20.24
15.2565 -15.0621 -9.04147 -1.78062 -20.2146
15.327 -15.0343 -9.01368 -1.73614 -20.1868
15.3978 -15.004 -8.98344 -1.68928 -20.1566
15.4689 -14.9713 -8.95067 -1.63994 -20.1238
15.5404 -14.9359 -8.91528 -1.58804 -20.0884
15.6121 -14.8978 -8.87716 -1.53347 -20.0503
15.6842 -14.8568 -8.83621 -1.47614 -20.0094
15.7567 -14.8129 -8.79233 -1.41594 -19.9655
15.8295 -14.766 -8.7454 -1.35275 -19.9186
15.9026 -14.7159 -8.6953 -1.28645 -19.8685
15.976 -14.6625 -8.64191 -1.21692 -19.8151
16.0498 -14.6057 -8.58508 -1.14402 -19.7583
16.124 -14.5453 -8.52469 -1.06761 -19.6979
16.1984 -14.4812 -8.46056 -0.987532 -19.6338
16.2733 -14.4132 -8.39255 -0.903633 -19.5658
16.3484 -14.3411 -8.32048 -0.815738 -19.4937
16.4239 -14.2648 -8.24417 -0.723663 -19.4174
16.4998 -14.184 -8.16341 -0.627215 -19.3367
16.576 -14.0986 -8.07802 -0.526185 -19.2513
16.6526 -14.0084 -7.98775 -0.42035 -19.161
16.7295 -13.913 -7.89238 -0.309472 -19.0657
16.8067 -13.8122 -7.79165 -0.193295 -18.9649
16.8844 -13.7059 -7.68527 -0.0715446 -18.8586
16.9624 -13.5936 -7.57297 0.0560748 -18.7463
17.0407 -13.475 -7.45441 0.189881 -18.6277
17.1194 -13.3499 -7.32925 0.330218 -18.5026
17.1985 -13.2177 -7.19713 0.477457 -18.3705
17.2779 -13.0782 -7.05765 0.631999 -18.231
17.3577 -12.931 -6.91035 0.794281 -18.0837
17.4379 -12.7754 -6.75478 0.964777 -17.9281
17.5184 -12.611 -6.59041 1.144 -17.7638
17.5994 -12.4373 -6.41669 1.33252 -17.59
17.6807 -12.2536 -6.23299 1.53094 -17.4064
17.7623 -12.0592 -6.03864 1.73995 -17.212
17.8444 -11.8535 -5.83291 1.96028 -17.0063
17.9268 -11.6356 -5.61498 2.19274 -16.7884
18.0096 -11.4046 -5.38395 2.43823 -16.5574
18.0928 -11.1594 -5.13884 2.69773 -16.3123
18.1763 -10.8992 -4.87856 2.97234 -16.052
18.2603 -10.6225 -4.6019 3.26327 -15.7753
18.3446 -10.3281 -4.30753 3.57185 -15.481
18.4294 -10.0146 -3.99396 3.89954 -15.1674
18.5145 -9.68017 -3.65957 4.248 -14.833
18.6 -9.32316 -3.30256 4.619 -14.476
18.6859 -8.94158 -2.92098 5.01452 -14.0944
18.7722 -8.5333 -2.5127 5.43666 -13.6862
18.8589 -8.09607 -2.07547 5.88769 -13.2489
18.946 -7.62758 -1.60698 6.36992 -12.7804
19.0335 -7.12557 -1.10497 6.88559 -12.2785
19.1215 -6.58815 -0.56755 7.43661 -11.741
19.2098 -6.01418 0.00642005 8.02411 -11.1671
19.2985 -5.40412 0.616478 8.64764 -10.557
19.3876 -4.76139 1.25921 9.30377 -9.91429
19.4772 -4.09459 1.92601 9.98391 -9.2475
19.5672 -3.42098 2.59962 10.6708 -8.5739
19.6575 -2.77118 3.24942 11.3338 -7.9241
19.7483 -2.19387 3.82673 11.9242 -7.3468
19.8395 -1.7565 4.2641 12.3746 -6.90944
19.9312 -1.53495 4.48565 12.6092 -6.68789
20.0232 -1.58822 4.43238 12.5689 -6.74116
20.1157 -1.92994 4.09066 12.24 -7.0829
20.2086 -2.52083 3.49976 11.6619 -7.67379
20.302 -3.28951 2.73109 10.906 -8.44247
20.3958 -4.16208 1.85852 10.0461 -9.31505
20.49 -5.08014 0.940459 9.1406 -10.2331
20.5846 -6.00459 0.0160116 8.22869 -11.1576
20.6797 -6.91218 -0.891583 7.33356 -12.0652
20.7752 -7.79054 -1.76994 6.4676 -12.9435
20.8711 -8.63403 -2.61343 5.63645 -13.787
20.9676 -9.44093 -3.42033 4.84181 -14.5939
21.0644 -10.2117 -4.19112 4.08322 -15.3647
21.1617 -10.948 -4.9274 3.35908 -16.101
21.2594 -11.6519 -5.63129 2.66726 -16.8049
21.3576 -12.3257 -6.30509 2.00546 -17.4787
21.4563 -12.9717 -6.9511 1.37139 -18.1247
21.5554 -13.5921 -7.5715 0.76286 -18.7451
21.6549 -14.1889 -8.16834 0.177821 -19.342
21.755 -14.7641 -8.74351 -0.385604 -19.9172
21.8554 -15.3193 -9.2987 -0.929126 -20.4724
21.9564 -15.8561 -9.83548 -1.4543 -21.0091
22.0578 -16.3758 -10.3552 -1.96252 -21.5289
22.1597 -16.8799 -10.8593 -2.45506 -22.0329
22.262 -17.3693 -11.3487 -2.93307 -22.5224
22.3649 -17.8452 -11.8246 -3.39759 -22.9982
22.4682 -18.3084 -12.2878 -3.84955 -23.4615
22.5719 -18.7599 -12.7393 -4.28981 -23.913
22.6762 -19.2004 -13.1798 -4.71915 -24.3535
22.7809 -19.6306 -13.61 -5.13827 -24.7837
22.8862 -20.0511 -14.0305 -5.54781 -25.2042
22.9919 -20.4627 -14.4421 -5.94837 -25.6158
23.0981 -20.8657 -14.8451 -6.34047 -26.0188
23.2048 -21.2607 -15.2401 -6.72463 -26.4138
23.3119 -21.6481 -15.6275 -7.10129 -26.8012
23.4196 -22.0284 -16.0078 -7.47087 -27.1815
23.5278 -22.4019 -16.3813 -7.83375 -27.555
23.6365 -22.769 -16.7484 -8.1903 -27.9221
23.7456 -23.1301 -17.1095 -8.54085 -28.2832
23.8553 -23.4854 -17.4648 -8.8857 -28.6385
23.9655 -23.8352 -17.8146 -9.22513 -28.9883
24.0762 -24.1798 -18.1592 -9.55942 -29.333
24.1874 -24.5195 -18.4989 -9.88882 -29.6726
24.2991 -24.8544 -18.8338 -10.2135 -30.0075
24.4113 -25.1848 -19.1642 -10.5338 -30.338
24.5241 -25.5109 -19.4903 -10.8498 -30.6641
24.6374 -25.8329 -19.8123 -11.1618 -30.986
24.7512 -26.1509 -20.1303 -11.4699 -31.3041
24.8655 -26.4651 -20.4445 -11.7742 -31.6183
24.9803 -26.7758 -20.7552 -12.075 -31.9289
25.0957 -27.0829 -21.0623 -12.3724 -32.2361
25.2116 -27.3867 -21.3661 -12.6665 -32.5399
25.3281 -27.6874 -21.6668 -12.9575 -32.8405
25.4451 -27.9849 -21.9643 -13.2454 -33.1381
25.5626 -28.2795 -22.2589 -13.5305 -33.4327
25.6807 -28.5712 -22.5506 -13.8128 -33.7244
25.7993 -28.8602 -22.8396 -14.0924 -34.0134
25.9185 -29.1465 -23.1259 -14.3694 -34.2997
26.0382 -29.4303 -23.4097 -14.6439 -34.5835
26.1584 -29.7117 -23.6911 -14.916 -34.8649
26.2793 -29.9906 -23.97 -15.1858 -35.1439
26.4006 -30.2673 -24.2467 -15.4534 -35.4205
26.5226 -30.5418 -24.5212 -15.7188 -35.695
26.6451 -30.8141 -24.7935 -15.9821 -35.9673
26.7682 -31.0844 -25.0638 -16.2434 -36.2376
26.8918 -31.3526 -25.332 -16.5028 -36.5059
27.016 -31.6189 -25.5983 -16.7603 -36.7722
27.1408 -31.8834 -25.8628 -17.016 -37.0366
27.2661 -32.146 -26.1254 -17.27 -37.2993
27.3921 -32.4069 -26.3863 -17.5222 -37.5601
27.5186 -32.6661 -26.6455 -17.7728 -37.8193
27.6457 -32.9236 -26.903 -18.0218 -38.0768
27.7734 -33.1795 -27.1589 -18.2692 -38.3328
27.9017 -33.4339 -27.4133 -18.5152 -38.5871
28.0306 -33.6867 -27.6661 -18.7596 -38.84
28.16 -33.9381 -27.9175 -19.0027 -39.0914
28.2901 -34.1881 -28.1675 -19.2444 -39.3413
28.4208 -34.4366 -28.416 -19.4848 -39.5899
28.552 -34.6839 -28.6633 -19.7239 -39.8371
28.6839 -34.9298 -28.9092 -19.9618 -40.0831
28.8164 -35.1745 -29.1539 -20.1984 -40.3277
28.9495 -35.4179 -29.3973 -20.4339 -40.5711
29.0832 -35.6601 -29.6395 -20.6682 -40.8134
29.2175 -35.9011 -29.8805 -20.9014 -41.0544
29.3525 -36.1411 -30.1205 -21.1335 -41.2943
29.4881 -36.3799 -30.3593 -21.3645 -41.5331
29.6243 -36.6176 -30.597 -21.5946 -41.7709
29.7611 -36.8543 -30.8337 -21.8236 -42.0076
29.8986 -37.0899 -31.0693 -22.0516 -42.2432
30.0367 -37.3246 -31.304 -22.2788 -42.4779
30.1754 -37.5583 -31.5377 -22.505 -42.7116
30.3148 -37.791 -31.7704 -22.7303 -42.9443
30.4548 -38.0228 -32.0022 -22.9547 -43.1761
30.5955 -38.2537 -32.2331 -23.1783 -43.407
30.7368 -38.4838 -32.4632 -23.401 -43.6371
30.8788 -38.7129 -32.6923 -23.623 -43.8662
31.0214 -38.9413 -32.9207 -23.8441 -44.0946
31.1647 -39.1688 -33.1482 -24.0645 -44.3221
31.3086 -39.3955 -33.3749 -24.2842 -44.5489
31.4532 -39.6215 -33.6009 -24.5031 -44.7748
31.5985 -39.8467 -33.8261 -24.7213 -45
31.7444 -40.0711 -34.0505 -24.9389 -45.2245
31.8911 -40.2949 -34.2743 -25.1557 -45.4482
32.0384 -40.5179 -34.4973 -25.3719 -45.6712
32.1864 -40.7402 -34.7196 -25.5875 -45.8936
32.335 -40.9619 -34.9413 -25.8024 -46.1152
32.4844 -41.1829 -35.1623 -26.0168 -46.3363
32.6344 -41.4033 -35.3827 -26.2305 -46.5566
32.7851 -41.623 -35.6024 -26.4436 -46.7764
32.9366 -41.8422 -35.8216 -26.6562 -46.9955
33.0887 -42.0607 -36.0401 -26.8683 -47.214
33.2415 -42.2786 -36.258 -27.0798 -47.432
33.3951 -42.496 -36.4754 -27.2907 -47.6493
33.5493 -42.7128 -36.6922 -27.5012 -47.8661
33.7043 -42.929 -36.9084 -27.7112 -48.0824
33.86 -43.1448 -37.1242 -27.9206 -48.2981
34.0164 -43.36 -37.3394 -28.1296 -48.5133
34.1735 -43.5747 -37.5541 -28.3381 -48.728
34.3313 -43.7888 -37.7682 -28.5462 -48.9422
34.4899 -44.0025 -37.9819 -28.7538 -49.1559
34.6492 -44.2158 -38.1952 -28.961 -49.3691
34.8092 -44.4285 -38.4079 -29.1678 -49.5819
34.97 -44.6408 -38.6202 -29.3741 -49.7942
35.1315 -44.8526 -38.832 -29.5801 -50.006
35.2938 -45.064 -39.0434 -29.7856 -50.2174
35.4568 -45.275 -39.2544 -29.9908 -50.4284
35.6206 -45.4856 -39.465 -30.1956 -50.639
35.7851 -45.6957 -39.6751 -30.4 -50.8491
35.9504 -45.9055 -39.8849 -30.6041 -51.0588
36.1165 -46.1148 -40.0942 -30.8078 -51.2682
36.2833 -46.3238 -40.3032 -31.0112 -51.4772
36.4509 -46.5324 -40.5118 -31.2142 -51.6857
36.6192 -46.7406 -40.72 -31.4169 -51.894
36.7884 -46.9484 -40.9278 -31.6193 -52.1018
36.9583 -47.1559 -41.1353 -31.8214 -52.3093
37.129 -47.3631 -41.3425 -32.0232 -52.5165
37.3005 -47.5699 -41.5493 -32.2247 -52.7233
37.4728 -47.7764 -41.7558 -32.4259 -52.9298
37.6459 -47.9826 -41.962 -32.6268 -53.136
37.8197 -48.1884 -42.1678 -32.8274 -53.3418
37.9944 -48.394 -42.3734 -33.0277 -53.5474
38.1699 -48.5992 -42.5786 -33.2278 -53.7526
38.3462 -48.8041 -42.7835 -33.4277 -53.9575
38.5233 -49.0088 -42.9882 -33.6273 -54.1622
38.7013 -49.2131 -43.1925 -33.8266 -54.3665
38.88 -49.4172 -43.3966 -34.0257 -54.5706
39.0596 -49.621 -43.6004 -34.2246 -54.7744
39.24 -49.8246 -43.804 -34.4232 -54.978
39.4213 -50.0278 -44.0072 -34.6216 -55.1813
39.6033 -50.2309 -44.2103 -34.8198 -55.3843
39.7863 -50.4336 -44.413 -35.0178 -55.5871
39.97 -50.6362 -44.6156 -35.2156 -55.7896
40.1546 -50.8385 -44.8179 -35.4131 -55.9919
40.3401 -51.0405 -45.0199 -35.6105 -56.1939
40.5264 -51.2423 -45.2217 -35.8077 -56.3958
40.7136 -51.4439 -45.4233 -36.0047 -56.5974
40.9017 -51.6453 -45.6247 -36.2015 -56.7987
41.0906 -51.8465 -45.8259 -36.3981 -56.9999
41.2804 -52.0474 -46.0268 -36.5946 -57.2009
41.4711 -52.2482 -46.2276 -36.7909 -57.4016
41.6626 -52.4487 -46.4281 -36.987 -57.6022
41.855 -52.6491 -46.6285 -37.1829 -57.8025
42.0484 -52.8492 -46.8286 -37.3787 -58.0027
42.2426 -53.0492 -47.0286 -37.5744 -58.2026
42.4377 -53.249 -47.2284 -37.7699 -58.4024
42.6337 -53.4486 -47.428 -37.9652 -58.602
42.8306 -53.648 -47.6274 -38.1604 -58.8015
43.0285 -53.8473 -47.8267 -38.3555 -59.0007
43.2272 -54.0464 -48.0258 -38.5504 -59.1998
43.4269 -54.2453 -48.2247 -38.7452 -59.3987
43.6275 -54.4441 -48.4235 -38.9399 -59.5975
43.829 -54.6427 -48.6221 -39.1345 -59.7961
44.0314 -54.8411 -48.8205 -39.3289 -59.9946
44.2348 -55.0394 -49.0188 -39.5232 -60.1929
44.4391 -55.2376 -49.217 -39.7174 -60.391
44.6444 -55.4356 -49.415 -39.9115 -60.589
44.8506 -55.6335 -49.6129 -40.1054 -60.7869
45.0577 -55.8312 -49.8106 -40.2993 -60.9846
45.2658 -56.0288 -50.0082 -40.4931 -61.1822
45.4749 -56.2263 -50.2057 -40.6868 -61.3797
45.685 -56.4236 -50.403 -40.8803 -61.5771
45.896 -56.6208 -50.6002 -41.0738 -61.7743
46.108 -56.8179 -50.7973 -41.2672 -61.9714
46.3209 -57.0149 -50.9943 -41.4605 -62.1683
46.5349 -57.2118 -51.1912 -41.6537 -62.3652
46.7498 -57.4085 -51.3879 -41.8468 -62.562
46.9657 -57.6051 -51.5845 -42.0399 -62.7586
47.1827 -57.8017 -51.7811 -42.2328 -62.9551
47.4006 -57.9981 -51.9775 -42.4257 -63.1516
47.6195 -58.1944 -52.1738 -42.6186 -63.3479
47.8395 -58.3907 -52.3701 -42.8113 -63.5441
48.0605 -58.5868 -52.5662 -43.004 -63.7403
48.2824 -58.7828 -52.7622 -43.1966 -63.9363
48.5054 -58.9788 -52.9582 -43.3892 -64.1322
48.7295 -59.1746 -53.154 -43.5817 -64.3281
48.9546 -59.3704 -53.3498 -43.7741 -64.5239
49.1807 -59.5661 -53.5455 -43.9665 -64.7195
49.4078 -59.7617 -53.7411 -44.1588 -64.9151
49.636 -59.9572 -53.9366 -44.351 -65.1107
49.8653 -60.1526 -54.132 -44.5433 -65.3061
50.0956 -60.348 -54.3274 -44.7354 -65.5015
50.327 -60.5433 -54.5227 -44.9275 -65.6968
50.5595 -60.7385 -54.7179 -45.1196 -65.892
50.793 -60.9336 -54.913 -45.3116 -66.0871
51.0276 -61.1287 -55.1081 -45.5036 -66.2822
51.2633 -61.3237 -55.3031 -45.6956 -66.4772
51.5001 -61.5187 -55.4981 -45.8875 -66.6722
51.7379 -61.7136 -55.693 -46.0793 -66.8671
51.9769 -61.9084 -55.8878 -46.2712 -67.0619
52.217 -62.1032 -56.0826 -46.463 -67.2567
52.4582 -62.2979 -56.2773 -46.6548 -67.4514
52.7005 -62.4926 -56.472 -46.8465 -67.646
52.9439 -62.6872 -56.6666 -47.0382 -67.8407
53.1884 -62.8817 -56.8611 -47.2299 -68.0352
53.4341 -63.0762 -57.0556 -47.4216 -68.2297
53.6809 -63.2707 -57.2501 -47.6132 -68.4242
53.9289 -63.4651 -57.4445 -47.8048 -68.6186
54.1779 -63.6595 -57.6389 -47.9964 -68.813
54.4282 -63.8538 -57.8332 -48.188 -69.0073
54.6796 -64.0481 -58.0275 -48.3795 -69.2016
54.9321 -64.2423 -58.2217 -48.5711 -69.3958
55.1859 -64.4365 -58.4159 -48.7626 -69.59
55.4408 -64.6307 -58.6101 -48.9541 -69.7842
55.6968 -64.8248 -58.8042 -49.1456 -69.9783
55.9541 -65.0189 -58.9983 -49.3371 -70.1724
56.2125 -65.213 -59.1924 -49.5285 -70.3665
56.4722 -65.407 -59.3864 -49.72 -70.5605
56.733 -65.601 -59.5804 -49.9115 -70.7545
56.9951 -65.795 -59.7744 -50.1029 -70.9485
57.2583 -65.989 -59.9684 -50.2944 -71.1425
57.5228 -66.1829 -60.1623 -50.4858 -71.3364
57.7885 -66.3768 -60.3562 -50.6772 -71.5303
58.0554 -66.5707 -60.5501 -50.8687 -71.7242
58.3235 -66.7645 -60.7439 -51.0601 -71.918
58.5929 -66.9584 -60.9378 -51.2515 -72.1119
58.8636 -67.1522 -61.1316 -51.4429 -72.3057
59.1354 -67.346 -61.3254 -51.6344 -72.4995
59.4086 -67.5397 -61.5191 -51.8258 -72.6932
59.683 -67.7335 -61.7129 -52.0172 -72.887
59.9587 -67.9272 -61.9066 -52.2087 -73.0807
60.2356 -68.121 -62.1004 -52.4001 -73.2745
60.5138 -68.3147 -62.2941 -52.5916 -73.4682
60.7933 -68.5084 -62.4878 -52.783 -73.6619
61.0741 -68.7021 -62.6815 -52.9745 -73.8556
61.3562 -68.8957 -62.8751 -53.166 -74.0493
61.6396 -69.0894 -63.0688 -53.3575 -74.2429
61.9243 -69.2831 -63.2625 -53.5489 -74.4366
62.2103 -69.4767 -63.4561 -53.7405 -74.6302
62.4977 -69.6704 -63.6498 -53.932 -74.8239
62.7864 -69.864 -63.8434 -54.1235 -75.0175
63.0764 -70.0577 -64.0371 -54.315 -75.2112
63.3677 -70.2513 -64.2307 -54.5066 -75.4048
63.6604 -70.4449 -64.4243 -54.6982 -75.5984
63.9544 -70.6385 -64.6179 -54.8897 -75.7921
64.2498 -70.8322 -64.8116 -55.0813 -75.9857
64.5466 -71.0258 -65.0052 -55.273 -76.1793
64.8447 -71.2194 -65.1988 -55.4646 -76.3729
65.1442 -71.413 -65.3924 -55.6562 -76.5665
65.4451 -71.6067 -65.5861 -55.8479 -76.7602
65.7474 -71.8003 -65.7797 -56.0396 -76.9538
66.0511 -71.9939 -65.9733 -56.2313 -77.1474
66.3562 -72.1876 -66.167 -56.423 -77.3411
66.6627 -72.3812 -66.3606 -56.6148 -77.5347
66.9706 -72.5748 -66.5542 -56.8066 -77.7283
67.2799 -72.7685 -66.7479 -56.9984 -77.922
67.5906 -72.9621 -66.9415 -57.1902 -78.1157
67.9028 -73.1558 -67.1352 -57.382 -78.3093
68.2165 -73.3495 -67.3289 -57.5739 -78.503
68.5316 -73.5431 -67.5225 -57.7657 -78.6967
68.8481 -73.7368 -67.7162 -57.9577 -78.8903
69.1661 -73.9305 -67.9099 -58.1496 -79.084
69.4856 -74.1242 -68.1036 -58.3415 -79.2777
69.8065 -74.3179 -68.2973 -58.5335 -79.4715
70.1289 -74.5117 -68.4911 -58.7255 -79.6652
70.4529 -74.7054 -68.6848 -58.9176 -79.8589
70.7783 -74.8991 -68.8785 -59.1096 -80.0527
71.1052 -75.0929 -69.0723 -59.3017 -80.2464
71.4336 -75.2867 -69.2661 -59.4938 -80.4402
71.7636 -75.4805 -69.4599 -59.686 -80.634
72.095 -75.6743 -69.6537 -59.8782 -80.8278
72.428 -75.8681 -69.8475 -60.0704 -81.0216
72.7626 -76.0619 -70.0413 -60.2626 -81.2154
73.0986 -76.2558 -70.2352 -60.4548 -81.4093
73.4363 -76.4496 -70.429 -60.6471 -81.6031
73.7755 -76.6435 -70.6229 -60.8394 -81.797
74.1162 -76.8374 -70.8168 -61.0318 -81.9909
74.4586 -77.0313 -71.0107 -61.2242 -82.1848
74.8025 -77.2252 -71.2046 -61.4166 -82.3788
75.148 -77.4192 -71.3986 -61.609 -82.5727
75.4951 -77.6131 -71.5925 -61.8015 -82.7667
75.8438 -77.8071 -71.7865 -61.994 -82.9606
76.1941 -78.0011 -71.9805 -62.1865 -83.1546
76.546 -78.1951 -72.1745 -62.3791 -83.3487
76.8996 -78.3892 -72.3686 -62.5717 -83.5427
77.2548 -78.5832 -72.5626 -62.7643 -83.7368
77.6116 -78.7773 -72.7567 -62.957 -83.9308
77.9701 -78.9714 -72.9508 -63.1497 -84.1249
78.3302 -79.1655 -73.1449 -63.3424 -84.3191
78.692 -79.3597 -73.3391 -63.5352 -84.5132
79.0555 -79.5538 -73.5332 -63.728 -84.7074
79.4206 -79.748 -73.7274 -63.9208 -84.9015
79.7875 -79.9422 -73.9216 -64.1137 -85.0957
80.156 -80.1364 -74.1158 -64.3066 -85.29
80.5262 -80.3307 -74.3101 -64.4995 -85.4842
80.8982 -80.525 -74.5044 -64.6924 -85.6785
81.2718 -80.7192 -74.6986 -64.8854 -85.8728
81.6472 -80.9136 -74.893 -65.0785 -86.0671
82.0243 -81.1079 -75.0873 -65.2715 -86.2614
82.4032 -81.3023 -75.2817 -65.4646 -86.4558
82.7838 -81.4966 -75.476 -65.6578 -86.6502
83.1662 -81.6911 -75.6705 -65.8509 -86.8446
83.5503 -81.8855 -75.8649 -66.0441 -87.039
83.9362 -82.0799 -76.0593 -66.2374 -87.2335
84.3239 -82.2744 -76.2538 -66.4307 -87.428
84.7134 -82.4689 -76.4483 -66.624 -87.6225
85.1047 -82.6635 -76.6429 -66.8173 -87.817
85.4977 -82.858 -76.8374 -67.0107 -88.0116
85.8926 -83.0526 -77.032 -67.2041 -88.2061
86.2894 -83.2472 -77.2266 -67.3976 -88.4007
86.6879 -83.4418 -77.4212 -67.591 -88.5954
87.0883 -83.6365 -77.6159 -67.7846 -88.79
87.4906 -83.8312 -77.8106 -67.9781 -88.9847
87.8947 -84.0259 -78.0053 -68.1717 -89.1794
88.3007 -84.2206 -78.2 -68.3653 -89.3741
88.7085 -84.4154 -78.3948 -68.559 -89.5689
89.1182 -84.6101 -78.5895 -68.7527 -89.7637
89.5299 -84.805 -78.7844 -68.9464 -89.9585
89.9434 -84.9998 -78.9792 -69.1402 -90.1533
90.3588 -85.1947 -79.1741 -69.334 -90.3482
90.7762 -85.3895 -79.3689 -69.5279 -90.5431
91.1955 -85.5845 -79.5639 -69.7217 -90.738
91.6167 -85.7794 -79.7588 -69.9157 -90.9329
92.0399 -85.9744 -79.9538 -70.1096 -91.1279
92.465 -86.1694 -80.1488 -70.3036 -91.3229
92.8921 -86.3644 -80.3438 -70.4976 -91.5179
93.3211 -86.5594 -80.5388 -70.6917 -91.713
93.7522 -86.7545 -80.7339 -70.8858 -91.908
94.1852 -86.9496 -80.929 -71.0799 -92.1031
94.6202 -87.1447 -81.1241 -71.274 -92.2983
95.0573 -87.3399 -81.3193 -71.4682 -92.4934
95.4963 -87.5351 -81.5145 -71.6625 -92.6886
95.9374 -87.7303 -81.7097 -71.8567 -92.8838
96.3805 -87.9255 -81.9049 -72.051 -93.0791
96.8257 -88.1208 -82.1002 -72.2454 -93.2743
97.2729 -88.3161 -82.2955 -72.4398 -93.4696
97.7222 -88.5114 -82.4908 -72.6342 -93.6649
98.1736 -88.7067 -82.6861 -72.8286 -93.8603
98.627 -88.9021 -82.8815 -73.0231 -94.0556
99.0826 -89.0975 -83.0769 -73.2176 -94.251
99.5402 -89.2929 -83.2723 -73.4121 -94.4465
100 -89.4884 -83.4678 -73.6067 -94.6419
