w mag fase
0.1 33.9684 -93.1489
0.10116 33.868 -93.1853
0.102333 33.7676 -93.2222
0.10352 33.6672 -93.2596
0.104721 33.5667 -93.2973
0.105936 33.4663 -93.3355
0.107164 33.3658 -93.3741
0.108407 33.2654 -93.4132
0.109665 33.1649 -93.4527
0.110937 33.0644 -93.4927
0.112223 32.9639 -93.5331
0.113525 32.8635 -93.574
0.114842 32.763 -93.6154
0.116174 32.6625 -93.6572
0.117521 32.5619 -93.6995
0.118884 32.4614 -93.7424
0.120263 32.3609 -93.7857
0.121658 32.2604 -93.8295
0.123069 32.1598 -93.8738
0.124497 32.0593 -93.9186
0.125941 31.9587 -93.964
0.127402 31.8581 -94.0098
0.128879 31.7576 -94.0562
0.130374 31.657 -94.1032
0.131886 31.5564 -94.1506
0.133416 31.4558 -94.1986
0.134964 31.3551 -94.2472
0.136529 31.2545 -94.2963
0.138113 31.1539 -94.346
0.139715 31.0532 -94.3963
0.141335 30.9525 -94.4471
0.142975 30.8519 -94.4985
0.144633 30.7512 -94.5506
0.14631 30.6505 -94.6032
0.148008 30.5498 -94.6564
0.149724 30.449 -94.7102
0.151461 30.3483 -94.7647
0.153218 30.2476 -94.8197
0.154995 30.1468 -94.8754
0.156793 30.046 -94.9318
0.158611 29.9452 -94.9888
0.160451 29.8444 -95.0464
0.162312 29.7436 -95.1047
0.164195 29.6428 -95.1637
0.166099 29.5419 -95.2233
0.168026 29.441 -95.2837
0.169975 29.3402 -95.3447
0.171946 29.2393 -95.4064
0.17394 29.1383 -95.4688
0.175958 29.0374 -95.5319
0.177999 28.9364 -95.5958
0.180064 28.8355 -95.6604
0.182152 28.7345 -95.7257
0.184265 28.6335 -95.7918
0.186402 28.5324 -95.8586
0.188564 28.4314 -95.9262
0.190751 28.3303 -95.9946
0.192964 28.2292 -96.0637
0.195202 28.1281 -96.1337
0.197466 28.027 -96.2044
0.199756 27.9258 -96.2759
0.202073 27.8247 -96.3483
0.204417 27.7235 -96.4214
0.206788 27.6222 -96.4955
0.209187 27.521 -96.5703
0.211613 27.4197 -96.646
0.214068 27.3184 -96.7226
0.216551 27.2171 -96.8
0.219062 27.1157 -96.8783
0.221603 27.0144 -96.9575
0.224174 26.9129 -97.0376
0.226774 26.8115 -97.1186
0.229404 26.71 -97.2005
0.232065 26.6085 -97.2834
0.234757 26.507 -97.3671
0.237479 26.4055 -97.4519
0.240234 26.3039 -97.5376
0.24302 26.2023 -97.6242
0.245839 26.1006 -97.7119
0.248691 25.9989 -97.8005
0.251575 25.8972 -97.8901
0.254493 25.7954 -97.9808
0.257445 25.6936 -98.0724
0.260431 25.5918 -98.1651
0.263452 25.4899 -98.2588
0.266508 25.388 -98.3536
0.269599 25.286 -98.4495
0.272726 25.1841 -98.5464
0.275889 25.082 -98.6444
0.279089 24.9799 -98.7435
0.282326 24.8778 -98.8437
0.285601 24.7757 -98.9451
0.288914 24.6734 -99.0475
0.292265 24.5712 -99.1511
0.295655 24.4689 -99.2559
0.299084 24.3665 -99.3618
0.302553 24.2641 -99.469
0.306062 24.1617 -99.5773
0.309612 24.0591 -99.6868
0.313203 23.9566 -99.7975
0.316836 23.854 -99.9095
0.320511 23.7513 -100.023
0.324229 23.6486 -100.137
0.327989 23.5458 -100.253
0.331794 23.4429 -100.37
0.335642 23.34 -100.488
0.339535 23.2371 -100.608
0.343473 23.134 -100.729
0.347457 23.0309 -100.851
0.351487 22.9278 -100.974
0.355564 22.8245 -101.099
0.359688 22.7212 -101.226
0.36386 22.6178 -101.353
0.368081 22.5144 -101.482
0.37235 22.4109 -101.613
0.376669 22.3073 -101.745
0.381038 22.2036 -101.878
0.385458 22.0999 -102.013
0.389928 21.996 -102.149
0.394451 21.8921 -102.287
0.399026 21.7881 -102.426
0.403655 21.684 -102.567
0.408337 21.5799 -102.709
0.413073 21.4756 -102.853
0.417864 21.3712 -102.998
0.422711 21.2668 -103.145
0.427614 21.1623 -103.293
0.432574 21.0576 -103.443
0.437591 20.9529 -103.595
0.442667 20.848 -103.748
0.447801 20.7431 -103.903
0.452995 20.638 -104.06
0.458249 20.5329 -104.218
0.463565 20.4276 -104.377
0.468941 20.3222 -104.539
0.474381 20.2167 -104.702
0.479883 20.1111 -104.867
0.485449 20.0054 -105.034
0.49108 19.8995 -105.202
0.496776 19.7935 -105.372
0.502538 19.6874 -105.544
0.508367 19.5812 -105.718
0.514263 19.4748 -105.893
0.520228 19.3683 -106.07
0.526262 19.2616 -106.249
0.532366 19.1548 -106.43
0.538541 19.0479 -106.613
0.544787 18.9408 -106.798
0.551106 18.8336 -106.984
0.557499 18.7262 -107.172
0.563965 18.6186 -107.363
0.570506 18.5109 -107.555
0.577124 18.4031 -107.749
0.583818 18.295 -107.945
0.590589 18.1868 -108.143
0.597439 18.0784 -108.343
0.604369 17.9699 -108.545
0.611379 17.8612 -108.749
0.61847 17.7522 -108.955
0.625644 17.6431 -109.163
0.632901 17.5339 -109.373
0.640242 17.4244 -109.584
0.647668 17.3147 -109.798
0.65518 17.2048 -110.015
0.662779 17.0947 -110.233
0.670467 16.9844 -110.453
0.678244 16.8739 -110.675
0.68611 16.7632 -110.9
0.694069 16.6523 -111.126
0.702119 16.5411 -111.355
0.710263 16.4297 -111.585
0.718501 16.3181 -111.818
0.726835 16.2062 -112.053
0.735265 16.0941 -112.291
0.743794 15.9818 -112.53
0.752421 15.8692 -112.771
0.761148 15.7563 -113.015
0.769976 15.6432 -113.261
0.778907 15.5298 -113.509
0.787942 15.4162 -113.759
0.797081 15.3022 -114.012
0.806326 15.188 -114.266
0.815679 15.0736 -114.523
0.82514 14.9588 -114.782
0.834711 14.8438 -115.043
0.844392 14.7284 -115.307
0.854186 14.6128 -115.573
0.864094 14.4968 -115.841
0.874116 14.3805 -116.111
0.884255 14.264 -116.383
0.894512 14.1471 -116.658
0.904887 14.0298 -116.935
0.915383 13.9123 -117.214
0.926 13.7944 -117.495
0.936741 13.6761 -117.779
0.947606 13.5576 -118.064
0.958597 13.4386 -118.352
0.969716 13.3193 -118.643
0.980963 13.1997 -118.935
0.992341 13.0797 -119.23
1.00385 12.9593 -119.527
1.0155 12.8385 -119.826
1.02727 12.7174 -120.127
1.03919 12.5958 -120.431
1.05124 12.4739 -120.736
1.06344 12.3516 -121.044
1.07577 12.2289 -121.354
1.08825 12.1057 -121.666
1.10087 11.9822 -121.981
1.11364 11.8582 -122.297
1.12656 11.7338 -122.616
1.13962 11.609 -122.936
1.15284 11.4837 -123.259
1.16621 11.358 -123.584
1.17974 11.2319 -123.911
1.19342 11.1053 -124.24
1.20727 10.9782 -124.571
1.22127 10.8507 -124.904
1.23543 10.7227 -125.239
1.24976 10.5943 -125.576
1.26426 10.4653 -125.915
1.27892 10.3359 -126.256
1.29376 10.2061 -126.599
1.30876 10.0757 -126.944
1.32394 9.9448 -127.291
1.3393 9.81343 -127.639
1.35484 9.68155 -127.99
1.37055 9.54916 -128.342
1.38645 9.41626 -128.696
1.40253 9.28284 -129.052
1.4188 9.1489 -129.41
1.43525 9.01444 -129.769
1.4519 8.87944 -130.13
1.46874 8.74391 -130.493
1.48578 8.60784 -130.857
1.50301 8.47124 -131.223
1.52044 8.33408 -131.59
1.53808 8.19637 -131.959
1.55592 8.05812 -132.33
1.57396 7.9193 -132.702
1.59222 7.77993 -133.075
1.61069 7.63999 -133.45
1.62937 7.49949 -133.827
1.64827 7.35841 -134.204
1.66739 7.21677 -134.583
1.68673 7.07455 -134.964
1.70629 6.93175 -135.345
1.72608 6.78838 -135.728
1.7461 6.64442 -136.112
1.76636 6.49988 -136.497
1.78684 6.35475 -136.884
1.80757 6.20903 -137.271
1.82854 6.06272 -137.66
1.84974 5.91582 -138.049
1.8712 5.76833 -138.439
1.8929 5.62024 -138.831
1.91486 5.47156 -139.223
1.93707 5.32227 -139.616
1.95954 5.17239 -140.01
1.98227 5.02192 -140.405
2.00526 4.87084 -140.801
2.02852 4.71916 -141.197
2.05205 4.56688 -141.594
2.07585 4.414 -141.992
2.09992 4.26051 -142.39
2.12428 4.10643 -142.789
2.14892 3.95175 -143.188
2.17385 3.79646 -143.588
2.19906 3.64058 -143.989
2.22457 3.48409 -144.39
2.25037 3.32701 -144.791
2.27647 3.16933 -145.193
2.30288 3.01105 -145.595
2.32959 2.85218 -145.997
2.35661 2.69271 -146.4
2.38394 2.53264 -146.803
2.41159 2.37199 -147.206
2.43956 2.21074 -147.609
2.46786 2.04891 -148.012
2.49648 1.88649 -148.416
2.52544 1.72348 -148.82
2.55473 1.55989 -149.223
2.58437 1.39572 -149.627
2.61434 1.23097 -150.031
2.64466 1.06565 -150.435
2.67534 0.89975 -150.838
2.70637 0.73328 -151.242
2.73776 0.566242 -151.646
2.76952 0.398638 -152.049
2.80164 0.230471 -152.452
2.83414 0.0617438 -152.856
2.86701 -0.107541 -153.259
2.90026 -0.27738 -153.661
2.9339 -0.44777 -154.064
2.96793 -0.618708 -154.466
3.00236 -0.790191 -154.868
3.03718 -0.962216 -155.27
3.07241 -1.13478 -155.671
3.10805 -1.30788 -156.072
3.1441 -1.48151 -156.473
3.18056 -1.65566 -156.874
3.21746 -1.83035 -157.274
3.25477 -2.00555 -157.673
3.29253 -2.18127 -158.073
3.33072 -2.35751 -158.471
3.36935 -2.53425 -158.87
3.40843 -2.71151 -159.268
3.44796 -2.88926 -159.666
3.48796 -3.06752 -160.063
3.52841 -3.24627 -160.459
3.56934 -3.42552 -160.856
3.61074 -3.60525 -161.252
3.65262 -3.78548 -161.647
3.69499 -3.96618 -162.042
3.73784 -4.14736 -162.436
3.7812 -4.32902 -162.83
3.82506 -4.51115 -163.224
3.86942 -4.69374 -163.617
3.9143 -4.8768 -164.009
3.9597 -5.06033 -164.401
4.00563 -5.24431 -164.793
4.05209 -5.42874 -165.184
4.09909 -5.61363 -165.574
4.14664 -5.79896 -165.964
4.19473 -5.98474 -166.354
4.24339 -6.17097 -166.743
4.29261 -6.35763 -167.132
4.3424 -6.54472 -167.52
4.39276 -6.73225 -167.908
4.44372 -6.92021 -168.296
4.49526 -7.1086 -168.683
4.5474 -7.29741 -169.069
4.60014 -7.48664 -169.455
4.6535 -7.6763 -169.841
4.70747 -7.86636 -170.226
4.76208 -8.05685 -170.611
4.81731 -8.24774 -170.996
4.87319 -8.43904 -171.38
4.92971 -8.63076 -171.764
4.98689 -8.82287 -172.148
5.04473 -9.01539 -172.531
5.10324 -9.20831 -172.914
5.16244 -9.40163 -173.296
5.22232 -9.59535 -173.679
5.28289 -9.78946 -174.061
5.34416 -9.98397 -174.443
5.40615 -10.1789 -174.824
5.46886 -10.3742 -175.205
5.53229 -10.5698 -175.587
5.59646 -10.7659 -175.968
5.66137 -10.9624 -176.348
5.72704 -11.1592 -176.729
5.79346 -11.3564 -177.109
5.86066 -11.5541 -177.49
5.92864 -11.7521 -177.87
5.9974 -11.9504 -178.25
6.06697 -12.1492 -178.63
6.13734 -12.3483 -179.01
6.20852 -12.5479 -179.39
6.28054 -12.7478 -179.77
6.35338 -12.9481 -180.15
6.42707 -13.1488 -180.53
6.50162 -13.3498 -180.91
6.57703 -13.5513 -181.29
6.65332 -13.7531 -181.67
6.73049 -13.9553 -182.05
6.80856 -14.1579 -182.43
6.88753 -14.3608 -182.81
6.96742 -14.5642 -183.191
7.04823 -14.7679 -183.571
7.12998 -14.9721 -183.952
7.21268 -15.1766 -184.333
7.29634 -15.3815 -184.714
7.38097 -15.5868 -185.095
7.46658 -15.7925 -185.477
7.55319 -15.9985 -185.859
7.6408 -16.205 -186.241
7.72942 -16.4119 -186.623
7.81907 -16.6192 -187.005
7.90977 -16.8268 -187.388
8.00151 -17.0349 -187.771
8.09432 -17.2433 -188.155
8.1882 -17.4522 -188.539
8.28318 -17.6615 -188.923
8.37925 -17.8712 -189.307
8.47644 -18.0813 -189.692
8.57476 -18.2918 -190.078
8.67422 -18.5027 -190.463
8.77483 -18.7141 -190.849
8.87661 -18.9258 -191.236
8.97957 -19.138 -191.623
9.08372 -19.3506 -192.01
9.18908 -19.5637 -192.398
9.29567 -19.7772 -192.786
9.40348 -19.9911 -193.175
9.51255 -20.2054 -193.564
9.62289 -20.4202 -193.953
9.7345 -20.6355 -194.343
9.84741 -20.8512 -194.734
9.96163 -21.0673 -195.125
10.0772 -21.2839 -195.516
10.1941 -21.5009 -195.908
10.3123 -21.7184 -196.3
10.4319 -21.9364 -196.693
10.5529 -22.1548 -197.087
10.6753 -22.3738 -197.481
10.7991 -22.5931 -197.875
10.9244 -22.813 -198.27
11.0511 -23.0334 -198.665
11.1793 -23.2542 -199.061
11.309 -23.4755 -199.457
11.4401 -23.6973 -199.853
11.5728 -23.9196 -200.25
11.707 -24.1424 -200.648
11.8428 -24.3657 -201.046
11.9802 -24.5895 -201.444
12.1192 -24.8139 -201.843
12.2597 -25.0387 -202.242
12.4019 -25.2641 -202.642
12.5458 -25.4899 -203.042
12.6913 -25.7163 -203.442
12.8385 -25.9433 -203.843
12.9874 -26.1707 -204.244
13.138 -26.3987 -204.645
13.2904 -26.6272 -205.047
13.4446 -26.8563 -205.449
13.6005 -27.0859 -205.851
13.7583 -27.3161 -206.254
13.9179 -27.5468 -206.656
14.0793 -27.7781 -207.059
14.2426 -28.0099 -207.462
14.4078 -28.2423 -207.866
14.5749 -28.4752 -208.269
14.744 -28.7087 -208.673
14.915 -28.9428 -209.076
15.088 -29.1774 -209.48
15.263 -29.4127 -209.884
15.44 -29.6485 -210.288
15.6191 -29.8848 -210.691
15.8003 -30.1218 -211.095
15.9835 -30.3593 -211.499
16.1689 -30.5975 -211.902
16.3565 -30.8362 -212.306
16.5462 -31.0755 -212.709
16.7381 -31.3154 -213.112
16.9322 -31.5558 -213.515
17.1286 -31.7969 -213.918
17.3273 -32.0386 -214.32
17.5283 -32.2808 -214.722
17.7316 -32.5237 -215.124
17.9373 -32.7672 -215.526
18.1453 -33.0112 -215.927
18.3558 -33.2559 -216.327
18.5687 -33.5011 -216.727
18.7841 -33.747 -217.127
19.0019 -33.9934 -217.526
19.2223 -34.2405 -217.924
19.4453 -34.4882 -218.322
19.6708 -34.7364 -218.719
19.899 -34.9853 -219.116
20.1298 -35.2347 -219.511
20.3633 -35.4848 -219.906
20.5995 -35.7355 -220.301
20.8384 -35.9867 -220.694
21.0801 -36.2386 -221.086
21.3246 -36.491 -221.478
21.572 -36.7441 -221.869
21.8222 -36.9977 -222.258
22.0753 -37.252 -222.647
22.3313 -37.5068 -223.035
22.5904 -37.7622 -223.421
22.8524 -38.0182 -223.806
23.1174 -38.2748 -224.191
23.3856 -38.532 -224.574
23.6568 -38.7897 -224.956
23.9312 -39.048 -225.336
24.2088 -39.3069 -225.716
24.4896 -39.5664 -226.094
24.7736 -39.8265 -226.47
25.061 -40.0871 -226.845
25.3517 -40.3482 -227.219
25.6457 -40.61 -227.592
25.9432 -40.8723 -227.963
26.2441 -41.1351 -228.332
26.5485 -41.3985 -228.7
26.8564 -41.6625 -229.066
27.1679 -41.9269 -229.431
27.4831 -42.192 -229.794
27.8018 -42.4575 -230.155
28.1243 -42.7236 -230.515
28.4505 -42.9902 -230.873
28.7805 -43.2574 -231.229
29.1143 -43.525 -231.583
29.452 -43.7932 -231.936
29.7936 -44.0619 -232.287
30.1392 -44.3311 -232.636
30.4888 -44.6008 -232.983
30.8424 -44.8709 -233.328
31.2002 -45.1416 -233.671
31.5621 -45.4128 -234.013
31.9281 -45.6844 -234.352
32.2985 -45.9565 -234.69
32.6731 -46.2291 -235.025
33.0521 -46.5022 -235.359
33.4354 -46.7757 -235.69
33.8233 -47.0497 -236.02
34.2156 -47.3241 -236.347
34.6124 -47.599 -236.672
35.0139 -47.8743 -236.996
35.42 -48.15 -237.317
35.8308 -48.4262 -237.636
36.2464 -48.7028 -237.953
36.6669 -48.9799 -238.268
37.0922 -49.2573 -238.58
37.5224 -49.5352 -238.891
37.9576 -49.8134 -239.199
38.3979 -50.0921 -239.505
38.8432 -50.3711 -239.809
39.2938 -50.6506 -240.111
39.7496 -50.9304 -240.41
40.2106 -51.2106 -240.708
40.677 -51.4912 -241.003
41.1488 -51.7721 -241.296
41.6261 -52.0534 -241.586
42.1089 -52.3351 -241.875
42.5973 -52.6171 -242.161
43.0914 -52.8994 -242.445
43.5912 -53.1821 -242.727
44.0968 -53.4652 -243.007
44.6083 -53.7485 -243.284
45.1257 -54.0322 -243.559
45.6491 -54.3163 -243.832
46.1786 -54.6006 -244.103
46.7142 -54.8852 -244.371
47.2561 -55.1702 -244.637
47.8042 -55.4555 -244.901
48.3586 -55.741 -245.163
48.9196 -56.0269 -245.422
49.487 -56.313 -245.68
50.061 -56.5994 -245.935
50.6416 -56.8861 -246.188
51.229 -57.1731 -246.438
51.8232 -57.4603 -246.687
52.4243 -57.7478 -246.933
53.0324 -58.0355 -247.177
53.6475 -58.3236 -247.419
54.2697 -58.6118 -247.659
54.8992 -58.9003 -247.897
55.536 -59.1891 -248.132
56.1801 -59.4781 -248.366
56.8317 -59.7673 -248.597
57.4909 -60.0568 -248.826
58.1578 -60.3464 -249.053
58.8323 -60.6363 -249.278
59.5147 -60.9264 -249.5
60.205 -61.2168 -249.721
60.9033 -61.5073 -249.94
61.6097 -61.7981 -250.156
62.3244 -62.089 -250.37
63.0472 -62.3801 -250.583
63.7785 -62.6715 -250.793
64.5183 -62.963 -251.002
65.2666 -63.2547 -251.208
66.0236 -63.5466 -251.412
66.7894 -63.8387 -251.615
67.5641 -64.131 -251.815
68.3478 -64.4234 -252.013
69.1406 -64.716 -252.21
69.9425 -65.0088 -252.404
70.7538 -65.3017 -252.597
71.5744 -65.5948 -252.787
72.4046 -65.888 -252.976
73.2444 -66.1814 -253.163
74.094 -66.475 -253.348
74.9534 -66.7687 -253.531
75.8228 -67.0625 -253.713
76.7022 -67.3565 -253.892
77.5919 -67.6506 -254.07
78.4919 -67.9449 -254.245
79.4023 -68.2393 -254.419
80.3233 -68.5338 -254.592
81.2549 -68.8285 -254.762
82.1974 -69.1232 -254.931
83.1508 -69.4182 -255.098
84.1153 -69.7132 -255.263
85.0909 -70.0083 -255.427
86.0779 -70.3036 -255.589
87.0763 -70.599 -255.749
88.0863 -70.8944 -255.907
89.108 -71.19 -256.064
90.1415 -71.4857 -256.219
91.1871 -71.7815 -256.373
92.2447 -72.0774 -256.525
93.3147 -72.3734 -256.675
94.397 -72.6695 -256.824
95.4919 -72.9657 -256.971
96.5995 -73.262 -257.117
97.72 -73.5584 -257.261
98.8534 -73.8549 -257.403
100 -74.1515 -257.544
