w mag asin fase
0.01 46.021 46.0206 -89.5474
0.0101941 45.8541 45.8537 -89.5386
0.0103919 45.6872 45.6867 -89.5296
0.0105936 45.5202 45.5198 -89.5205
0.0107991 45.3533 45.3528 -89.5112
0.0110087 45.1864 45.1859 -89.5017
0.0112223 45.0195 45.0189 -89.4921
0.0114401 44.8525 44.852 -89.4822
0.0116621 44.6856 44.685 -89.4722
0.0118884 44.5187 44.5181 -89.4619
0.0121192 44.3518 44.3512 -89.4515
0.0123543 44.1848 44.1842 -89.4408
0.0125941 44.0179 44.0173 -89.43
0.0128385 43.851 43.8503 -89.4189
0.0130876 43.6841 43.6834 -89.4076
0.0133416 43.5172 43.5164 -89.3962
0.0136005 43.3503 43.3495 -89.3844
0.0138645 43.1833 43.1825 -89.3725
0.0141335 43.0164 43.0156 -89.3603
0.0144078 42.8495 42.8486 -89.3479
0.0146874 42.6826 42.6817 -89.3353
0.0149724 42.5157 42.5148 -89.3224
0.015263 42.3488 42.3478 -89.3092
0.0155592 42.1819 42.1809 -89.2958
0.0158611 42.015 42.0139 -89.2821
0.0161689 41.8481 41.847 -89.2682
0.0164827 41.6812 41.68 -89.254
0.0168026 41.5143 41.5131 -89.2395
0.0171286 41.3474 41.3461 -89.2248
0.017461 41.1805 41.1792 -89.2098
0.0177999 41.0136 41.0123 -89.1944
0.0181453 40.8467 40.8453 -89.1788
0.0184974 40.6798 40.6784 -89.1629
0.0188564 40.5129 40.5114 -89.1466
0.0192223 40.346 40.3445 -89.1301
0.0195954 40.1791 40.1775 -89.1132
0.0199756 40.0122 40.0106 -89.096
0.0203633 39.8454 39.8436 -89.0784
0.0207585 39.6785 39.6767 -89.0606
0.0211613 39.5116 39.5097 -89.0423
0.021572 39.3447 39.3428 -89.0238
0.0219906 39.1779 39.1759 -89.0048
0.0224174 39.011 39.0089 -88.9855
0.0228524 38.8441 38.842 -88.9658
0.0232959 38.6773 38.675 -88.9458
0.0237479 38.5104 38.5081 -88.9253
0.0242088 38.3436 38.3411 -88.9045
0.0246786 38.1767 38.1742 -88.8832
0.0251575 38.0099 38.0072 -88.8616
0.0256457 37.843 37.8403 -88.8395
0.0261434 37.6762 37.6734 -88.817
0.0266508 37.5094 37.5064 -88.794
0.0271679 37.3425 37.3395 -88.7707
0.0276952 37.1757 37.1725 -88.7468
0.0282326 37.0089 37.0056 -88.7225
0.0287805 36.8421 36.8386 -88.6977
0.029339 36.6753 36.6717 -88.6725
0.0299084 36.5085 36.5047 -88.6467
0.0304888 36.3417 36.3378 -88.6205
0.0310805 36.1749 36.1709 -88.5938
0.0316836 36.0081 36.0039 -88.5665
0.0322985 35.8413 35.837 -88.5387
0.0329253 35.6745 35.67 -88.5104
0.0335642 35.5078 35.5031 -88.4815
0.0342156 35.341 35.3361 -88.452
0.0348796 35.1743 35.1692 -88.422
0.0355564 35.0075 35.0022 -88.3914
0.0362464 34.8408 34.8353 -88.3603
0.0369499 34.674 34.6683 -88.3285
0.0376669 34.5073 34.5014 -88.2961
0.0383979 34.3406 34.3345 -88.263
0.039143 34.1739 34.1675 -88.2294
0.0399026 34.0072 34.0006 -88.1951
0.040677 33.8405 33.8336 -88.1601
0.0414664 33.6738 33.6667 -88.1244
0.0422711 33.5072 33.4997 -88.0881
0.0430914 33.3405 33.3328 -88.051
0.0439276 33.1739 33.1658 -88.0133
0.0447801 33.0073 32.9989 -87.9748
0.0456491 32.8406 32.832 -87.9356
0.046535 32.674 32.665 -87.8956
0.0474381 32.5074 32.4981 -87.8548
0.0483586 32.3409 32.3311 -87.8133
0.0492971 32.1743 32.1642 -87.7709
0.0502538 32.0078 31.9972 -87.7277
0.051229 31.8412 31.8303 -87.6837
0.0522232 31.6747 31.6633 -87.6389
0.0532366 31.5082 31.4964 -87.5932
0.0542697 31.3417 31.3294 -87.5466
0.0553229 31.1753 31.1625 -87.4991
0.0563965 31.0088 30.9956 -87.4507
0.0574909 30.8424 30.8286 -87.4013
0.0586066 30.676 30.6617 -87.3511
0.0597439 30.5096 30.4947 -87.2998
0.0609033 30.3432 30.3278 -87.2476
0.0620852 30.1769 30.1608 -87.1943
0.0632901 30.0106 29.9939 -87.1401
0.0645183 29.8443 29.8269 -87.0847
0.0657703 29.678 29.66 -87.0284
0.0670467 29.5118 29.4931 -86.9709
0.0683478 29.3456 29.3261 -86.9124
0.0696742 29.1794 29.1592 -86.8527
0.0710263 29.0132 28.9922 -86.7919
0.0724046 28.8471 28.8253 -86.7299
0.0738097 28.681 28.6583 -86.6667
0.0752421 28.5149 28.4914 -86.6023
0.0767022 28.3489 28.3244 -86.5367
0.0781907 28.1829 28.1575 -86.4698
0.0797081 28.017 27.9905 -86.4017
0.0812549 27.8511 27.8236 -86.3322
0.0828318 27.6852 27.6567 -86.2615
0.0844392 27.5194 27.4897 -86.1893
0.0860779 27.3536 27.3228 -86.1158
0.0877483 27.1878 27.1558 -86.0409
0.0894512 27.0221 26.9889 -85.9646
0.0911871 26.8565 26.8219 -85.8868
0.0929567 26.6909 26.655 -85.8076
0.0947606 26.5254 26.488 -85.7268
0.0965995 26.3599 26.3211 -85.6445
0.0984741 26.1944 26.1542 -85.5607
0.100385 26.0291 25.9872 -85.4753
0.102333 25.8637 25.8203 -85.3882
0.104319 25.6985 25.6533 -85.2995
0.106344 25.5333 25.4864 -85.2091
0.108407 25.3682 25.3194 -85.1171
0.110511 25.2031 25.1525 -85.0232
0.112656 25.0382 24.9855 -84.9277
0.114842 24.8733 24.8186 -84.8303
0.11707 24.7085 24.6517 -84.7311
0.119342 24.5437 24.4847 -84.6301
0.121658 24.3791 24.3178 -84.5271
0.124019 24.2145 24.1508 -84.4222
0.126426 24.05 23.9839 -84.3154
0.128879 23.8857 23.8169 -84.2066
0.13138 23.7214 23.65 -84.0958
0.13393 23.5572 23.483 -83.9829
0.136529 23.3932 23.3161 -83.8679
0.139179 23.2292 23.1491 -83.7508
0.14188 23.0654 22.9822 -83.6315
0.144633 22.9016 22.8153 -83.51
0.14744 22.738 22.6483 -83.3863
0.150301 22.5746 22.4814 -83.2603
0.153218 22.4112 22.3144 -83.132
0.156191 22.248 22.1475 -83.0014
0.159222 22.085 21.9805 -82.8683
0.162312 21.9221 21.8136 -82.7329
0.165462 21.7593 21.6466 -82.595
0.168673 21.5967 21.4797 -82.4546
0.171946 21.4343 21.3128 -82.3117
0.175283 21.2721 21.1458 -82.1662
0.178684 21.11 20.9789 -82.0181
0.182152 20.9481 20.8119 -81.8674
0.185687 20.7864 20.645 -81.714
0.18929 20.6249 20.478 -81.5578
0.192964 20.4636 20.3111 -81.3989
0.196708 20.3025 20.1441 -81.2372
0.200526 20.1416 19.9772 -81.0726
0.204417 19.981 19.8102 -80.9052
0.208384 19.8206 19.6433 -80.7348
0.212428 19.6604 19.4764 -80.5615
0.216551 19.5005 19.3094 -80.3852
0.220753 19.3409 19.1425 -80.2059
0.225037 19.1815 18.9755 -80.0235
0.229404 19.0225 18.8086 -79.838
0.233856 18.8637 18.6416 -79.6494
0.238394 18.7052 18.4747 -79.4576
0.24302 18.547 18.3077 -79.2626
0.247736 18.3891 18.1408 -79.0644
0.252544 18.2316 17.9739 -78.8628
0.257445 18.0744 17.8069 -78.658
0.262441 17.9176 17.64 -78.4498
0.267534 17.7612 17.473 -78.2383
0.272726 17.6051 17.3061 -78.0233
0.278018 17.4495 17.1391 -77.805
0.283414 17.2942 16.9722 -77.5831
0.288914 17.1394 16.8052 -77.3578
0.29452 16.985 16.6383 -77.129
0.300236 16.831 16.4714 -76.8967
0.306062 16.6775 16.3044 -76.6608
0.312002 16.5245 16.1375 -76.4214
0.318056 16.372 15.9705 -76.1784
0.324229 16.22 15.8036 -75.9318
0.330521 16.0685 15.6366 -75.6816
0.336935 15.9176 15.4697 -75.4278
0.343473 15.7672 15.3027 -75.1703
0.350139 15.6174 15.1358 -74.9092
0.356934 15.4682 14.9688 -74.6446
0.36386 15.3196 14.8019 -74.3762
0.370922 15.1716 14.635 -74.1043
0.37812 15.0243 14.468 -73.8288
0.385458 14.8777 14.3011 -73.5496
0.392938 14.7317 14.1341 -73.2669
0.400563 14.5865 13.9672 -72.9806
0.408337 14.4419 13.8002 -72.6908
0.416261 14.2981 13.6333 -72.3975
0.424339 14.1551 13.4663 -72.1007
0.432574 14.0129 13.2994 -71.8005
0.440968 13.8715 13.1325 -71.4968
0.449526 13.7309 12.9655 -71.1898
0.458249 13.5911 12.7986 -70.8795
0.467142 13.4522 12.6316 -70.566
0.476208 13.3142 12.4647 -70.2493
0.485449 13.1772 12.2977 -69.9294
0.49487 13.041 12.1308 -69.6065
0.504473 12.9058 11.9638 -69.2807
0.514263 12.7716 11.7969 -68.952
0.524243 12.6384 11.6299 -68.6205
0.534416 12.5062 11.463 -68.2863
0.544787 12.375 11.2961 -67.9495
0.55536 12.2449 11.1291 -67.6102
0.566137 12.1159 10.9622 -67.2686
0.577124 11.9879 10.7952 -66.9247
0.588323 11.8611 10.6283 -66.5787
0.59974 11.7355 10.4613 -66.2307
0.611379 11.611 10.2944 -65.8809
0.623244 11.4877 10.1274 -65.5294
0.635338 11.3656 9.9605 -65.1764
0.647668 11.2447 9.79355 -64.822
0.660236 11.125 9.62661 -64.4664
0.673049 11.0066 9.45967 -64.1097
0.68611 10.8894 9.29272 -63.7522
0.699425 10.7736 9.12578 -63.3941
0.712998 10.659 8.95883 -63.0355
0.726835 10.5458 8.79189 -62.6766
0.74094 10.4338 8.62494 -62.3176
0.755319 10.3232 8.458 -61.9588
0.769976 10.214 8.29105 -61.6004
0.784919 10.1061 8.12411 -61.2425
0.800151 9.99962 7.95716 -60.8855
0.815679 9.89448 7.79022 -60.5295
0.831508 9.79072 7.62327 -60.1748
0.847644 9.68836 7.45633 -59.8216
0.864094 9.58738 7.28938 -59.4702
0.880863 9.4878 7.12244 -59.1207
0.897957 9.38962 6.95549 -58.7736
0.915383 9.29283 6.78855 -58.4289
0.933147 9.19745 6.6216 -58.087
0.951255 9.10345 6.45466 -57.7482
0.969716 9.01085 6.28771 -57.4126
0.988534 8.91963 6.12077 -57.0806
1.00772 8.82979 6.0206 -56.7524
1.02727 8.74132 6.0206 -56.4283
1.04721 8.65422 6.0206 -56.1085
1.06753 8.56846 6.0206 -55.7933
1.08825 8.48404 6.0206 -55.483
1.10937 8.40095 6.0206 -55.1778
1.1309 8.31916 6.0206 -54.878
1.15284 8.23867 6.0206 -54.5838
1.17521 8.15946 6.0206 -54.2955
1.19802 8.08149 6.0206 -54.0134
1.22127 8.00477 6.0206 -53.7376
1.24497 7.92925 6.0206 -53.4685
1.26913 7.85492 6.0206 -53.2063
1.29376 7.78176 6.0206 -52.9511
1.31886 7.70973 6.0206 -52.7034
1.34446 7.63881 6.0206 -52.4632
1.37055 7.56898 6.0206 -52.2307
1.39715 7.50019 6.0206 -52.0063
1.42426 7.43243 6.0206 -51.7902
1.4519 7.36565 6.0206 -51.5824
1.48008 7.29983 6.0206 -51.3833
1.5088 7.23494 6.0206 -51.1929
1.53808 7.17093 6.0206 -51.0116
1.56793 7.10777 6.0206 -50.8394
1.59835 7.04542 6.0206 -50.6766
1.62937 6.98385 6.0206 -50.5233
1.66099 6.92302 6.0206 -50.3797
1.69322 6.86289 6.0206 -50.2458
1.72608 6.80341 6.0206 -50.1219
1.75958 6.74456 6.0206 -50.0081
1.79373 6.68628 6.0206 -49.9045
1.82854 6.62854 6.0206 -49.8112
1.86402 6.5713 6.0206 -49.7283
1.90019 6.5145 6.0206 -49.6559
1.93707 6.45812 6.0206 -49.5941
1.97466 6.4021 6.0206 -49.5431
2.01298 6.3464 6.0206 -49.5027
2.05205 6.29098 6.0206 -49.4732
2.09187 6.2358 6.0206 -49.4546
2.13246 6.18081 6.0206 -49.4468
2.17385 6.12596 6.0206 -49.45
2.21603 6.07122 6.0206 -49.4642
2.25904 6.01653 6.0206 -49.4894
2.30288 5.96186 6.0206 -49.5256
2.34757 5.90715 6.0206 -49.5728
2.39312 5.85237 6.0206 -49.631
2.43956 5.79748 6.0206 -49.7002
2.48691 5.74242 6.0206 -49.7804
2.53517 5.68715 6.0206 -49.8714
2.58437 5.63164 6.0206 -49.9734
2.63452 5.57584 6.0206 -50.0862
2.68564 5.5197 6.0206 -50.2097
2.73776 5.46318 6.0206 -50.3439
2.79089 5.40625 6.0206 -50.4888
2.84505 5.34887 6.0206 -50.6442
2.90026 5.29098 6.0206 -50.81
2.95655 5.23256 6.0206 -50.9862
3.01392 5.17357 6.0206 -51.1726
3.07241 5.11395 6.0206 -51.3691
3.13203 5.05369 6.0206 -51.5756
3.19281 4.99275 6.0206 -51.792
3.25477 4.93108 6.0206 -52.018
3.31794 4.86865 6.0206 -52.2536
3.38233 4.80543 6.0206 -52.4987
3.44796 4.74139 6.0206 -52.7529
3.51487 4.6765 6.0206 -53.0163
3.58308 4.61072 6.0206 -53.2885
3.65262 4.54403 6.0206 -53.5695
3.7235 4.47641 6.0206 -53.859
3.79576 4.40781 6.0206 -54.1568
3.86942 4.33822 6.0206 -54.4628
3.94451 4.26762 6.0206 -54.7768
4.02106 4.19599 6.0206 -55.0984
4.09909 4.12329 6.0206 -55.4276
4.17864 4.04952 6.0206 -55.7641
4.25973 3.97466 6.0206 -56.1077
4.3424 3.89868 6.0206 -56.4581
4.42667 3.82158 6.0206 -56.8152
4.51257 3.74335 6.0206 -57.1787
4.60014 3.66396 6.0206 -57.5484
4.68941 3.58342 6.0206 -57.9241
4.78042 3.50172 6.0206 -58.3055
4.87319 3.41884 6.0206 -58.6924
4.96776 3.33479 6.0206 -59.0845
5.06416 3.24956 5.90985 -59.4817
5.16244 3.16315 5.7429 -59.8838
5.26262 3.07557 5.57596 -60.2904
5.36475 2.98681 5.40902 -60.7013
5.46886 2.89688 5.24207 -61.1164
5.57499 2.80579 5.07513 -61.5354
5.68317 2.71354 4.90818 -61.9581
5.79346 2.62015 4.74124 -62.3843
5.90589 2.52562 4.57429 -62.8137
6.0205 2.42997 4.40735 -63.2462
6.13734 2.33322 4.2404 -63.6816
6.25644 2.23537 4.07346 -64.1196
6.37785 2.13646 3.90651 -64.5601
6.50162 2.0365 3.73957 -65.0029
6.62779 1.9355 3.57262 -65.4478
6.75641 1.83351 3.40568 -65.8947
6.88753 1.73053 3.23873 -66.3433
7.02119 1.62659 3.07179 -66.7936
7.15744 1.52173 2.90484 -67.2453
7.29634 1.41597 2.7379 -67.6984
7.43794 1.30935 2.57095 -68.1527
7.58228 1.20189 2.40401 -68.608
7.72942 1.09364 2.23706 -69.0643
7.87942 0.984617 2.07012 -69.5215
8.03233 0.874868 1.90317 -69.9794
8.1882 0.764431 1.73623 -70.438
8.34711 0.653344 1.56928 -70.8972
8.50909 0.541648 1.40234 -71.3569
8.67422 0.429387 1.23539 -71.8171
8.84255 0.316603 1.06845 -72.2777
9.01415 0.203343 0.901503 -72.7387
9.18908 0.0896525 0.734558 -73.2
9.36741 -0.0244201 0.567613 -73.6617
9.54919 -0.138825 0.400668 -74.1238
9.7345 -0.253512 0.233723 -74.5861
9.92341 -0.368428 0.066778 -75.0489
10.116 -0.483518 -0.100167 -75.512
10.3123 -0.598729 -0.267112 -75.9756
10.5124 -0.714001 -0.434057 -76.4396
10.7164 -0.829277 -0.601002 -76.9043
10.9244 -0.944496 -0.767947 -77.3696
11.1364 -1.0596 -0.934891 -77.8356
11.3525 -1.17451 -1.10184 -78.3025
11.5728 -1.28918 -1.26878 -78.7704
11.7974 -1.40353 -1.43573 -79.2394
12.0263 -1.51749 -1.60267 -79.7096
12.2597 -1.63099 -1.76962 -80.1814
12.4976 -1.74396 -1.93656 -80.6547
12.7402 -1.85631 -2.10351 -81.13
12.9874 -1.96798 -2.27045 -81.6073
13.2394 -2.07887 -2.4374 -82.0869
13.4964 -2.1889 -2.60434 -82.5691
13.7583 -2.29798 -2.77129 -83.0542
14.0253 -2.40602 -2.93823 -83.5426
14.2975 -2.51293 -3.10518 -84.0345
14.5749 -2.6186 -3.27212 -84.5303
14.8578 -2.72294 -3.43907 -85.0304
15.1461 -2.82583 -3.60601 -85.5353
15.44 -2.92717 -3.77295 -86.0455
15.7396 -3.02683 -3.9399 -86.5613
16.0451 -3.12471 -4.10684 -87.0835
16.3565 -3.22066 -4.27379 -87.6125
16.6739 -3.31457 -4.44073 -88.1491
16.9975 -3.40628 -4.60768 -88.6938
17.3273 -3.49566 -4.77462 -89.2475
17.6636 -3.58255 -4.94157 -89.811
18.0064 -3.6668 -5.10851 -90.3852
18.3558 -3.74823 -5.27546 -90.971
18.712 -3.82668 -5.4424 -91.5695
19.0751 -3.90196 -5.60935 -92.1819
19.4453 -3.97387 -5.77629 -92.8093
19.8227 -4.04221 -5.94324 -93.4532
20.2073 -4.10678 -6.11018 -94.1151
20.5995 -4.16734 -6.27713 -94.7966
20.9992 -4.22366 -6.44407 -95.4996
21.4068 -4.2755 -6.61102 -96.2261
21.8222 -4.3226 -6.77796 -96.9783
22.2457 -4.36468 -6.94491 -97.7587
22.6774 -4.40146 -7.11185 -98.5699
23.1174 -4.43266 -7.2788 -99.4152
23.5661 -4.45796 -7.44574 -100.298
24.0234 -4.47705 -7.61269 -101.222
24.4896 -4.48962 -7.77963 -102.191
24.9648 -4.49533 -7.94658 -103.21
25.4493 -4.49385 -8.11352 -104.285
25.9432 -4.48487 -8.28047 -105.422
26.4466 -4.46807 -8.44741 -106.627
26.9599 -4.44317 -8.61436 -107.908
27.4831 -4.40992 -8.7813 -109.274
28.0164 -4.36814 -8.94825 -110.734
28.5601 -4.31771 -9.11519 -112.301
29.1143 -4.25867 -9.28214 -113.987
29.6793 -4.19119 -9.44908 -115.805
30.2553 -4.1157 -9.61603 -117.773
30.8424 -4.03291 -9.78297 -119.908
31.441 -3.94396 -9.94992 -122.23
32.0511 -3.85052 -10.1169 -124.762
32.6731 -3.75495 -10.2838 -127.526
33.3072 -3.66049 -10.4508 -130.548
33.9535 -3.57144 -10.6177 -133.852
34.6124 -3.49338 -10.7846 -137.461
35.2841 -3.43329 -10.9516 -141.393
35.9688 -3.39964 -11.1185 -145.66
36.6669 -3.40222 -11.2855 -150.26
37.3784 -3.4517 -11.4524 -155.177
38.1038 -3.55889 -11.6194 -160.374
38.8432 -3.73365 -11.7863 -165.791
39.597 -3.98356 -11.9533 -171.352
40.3655 -4.31284 -12.2782 -176.962
41.1488 -4.72159 -12.779 -182.523
41.9473 -5.20582 -13.2799 -187.943
42.7614 -5.75806 -13.7807 -193.141
43.5912 -6.36855 -14.2815 -198.058
44.4372 -7.02651 -14.7824 -202.656
45.2995 -7.7212 -15.2832 -206.917
46.1786 -8.44278 -15.784 -210.84
47.0747 -9.1827 -16.2849 -214.433
47.9883 -9.93388 -16.7857 -217.717
48.9196 -10.6907 -17.2865 -220.714
49.8689 -11.4487 -17.7874 -223.447
50.8367 -12.2047 -18.2882 -225.943
51.8232 -12.9562 -18.7891 -228.223
52.8289 -13.7015 -19.2899 -230.312
53.8541 -14.4394 -19.7907 -232.228
54.8992 -15.1693 -20.2916 -233.989
55.9646 -15.8906 -20.7924 -235.613
57.0506 -16.6032 -21.2932 -237.113
58.1578 -17.307 -21.7941 -238.503
59.2864 -18.0021 -22.2949 -239.793
60.4369 -18.6887 -22.7957 -240.993
61.6097 -19.3671 -23.2966 -242.113
62.8054 -20.0374 -23.7974 -243.16
64.0242 -20.7 -24.2982 -244.14
65.2666 -21.3552 -24.7991 -245.061
66.5332 -22.0034 -25.2999 -245.927
67.8244 -22.6447 -25.8007 -246.743
69.1406 -23.2797 -26.3016 -247.513
70.4823 -23.9085 -26.8024 -248.242
71.8501 -24.5315 -27.3032 -248.932
73.2444 -25.1489 -27.8041 -249.586
74.6658 -25.761 -28.3049 -250.208
76.1148 -26.368 -28.8057 -250.8
77.5919 -26.9703 -29.3066 -251.364
79.0977 -27.5681 -29.8074 -251.902
80.6326 -28.1615 -30.3083 -252.416
82.1974 -28.7508 -30.8091 -252.908
83.7925 -29.3362 -31.3099 -253.378
85.4186 -29.9179 -31.8108 -253.829
87.0763 -30.496 -32.3116 -254.262
88.7661 -31.0708 -32.8124 -254.677
90.4887 -31.6424 -33.3133 -255.076
92.2447 -32.2109 -33.8141 -255.46
94.0348 -32.7765 -34.3149 -255.83
95.8597 -33.3393 -34.8158 -256.186
97.72 -33.8995 -35.3166 -256.53
99.6163 -34.4571 -35.8174 -256.861
101.55 -35.0124 -36.3183 -257.181
103.52 -35.5654 -36.8191 -257.491
105.529 -36.1161 -37.3199 -257.79
107.577 -36.6648 -37.8208 -258.079
109.665 -37.2115 -38.3216 -258.359
111.793 -37.7563 -38.8224 -258.63
113.962 -38.2993 -39.3233 -258.893
116.174 -38.8405 -39.8241 -259.148
118.428 -39.3801 -40.3249 -259.395
120.727 -39.9181 -40.8258 -259.635
123.069 -40.4546 -41.3266 -259.868
125.458 -40.9896 -41.8275 -260.094
127.892 -41.5232 -42.3283 -260.314
130.374 -42.0555 -42.8291 -260.528
132.904 -42.5866 -43.33 -260.736
135.484 -43.1164 -43.8308 -260.938
138.113 -43.645 -44.3316 -261.134
140.793 -44.1726 -44.8325 -261.326
143.525 -44.699 -45.3333 -261.512
146.31 -45.2245 -45.8341 -261.694
149.15 -45.749 -46.335 -261.871
152.044 -46.2725 -46.8358 -262.043
154.995 -46.7951 -47.3366 -262.211
158.003 -47.3169 -47.8375 -262.375
161.069 -47.8378 -48.3383 -262.535
164.195 -48.3579 -48.8391 -262.69
167.381 -48.8773 -49.34 -262.842
170.629 -49.396 -49.8408 -262.991
173.94 -49.9139 -50.3416 -263.136
177.316 -50.4312 -50.8425 -263.277
180.757 -50.9478 -51.3433 -263.415
184.265 -51.4639 -51.8441 -263.55
187.841 -51.9793 -52.345 -263.682
191.486 -52.4941 -52.8458 -263.81
195.202 -53.0085 -53.3466 -263.936
198.99 -53.5222 -53.8475 -264.059
202.852 -54.0355 -54.3483 -264.179
206.788 -54.5483 -54.8492 -264.296
210.801 -55.0607 -55.35 -264.411
214.892 -55.5726 -55.8508 -264.523
219.062 -56.084 -56.3517 -264.633
223.313 -56.5951 -56.8525 -264.74
227.647 -57.1057 -57.3533 -264.845
232.065 -57.616 -57.8542 -264.948
236.568 -58.1259 -58.355 -265.049
241.159 -58.6355 -58.8558 -265.147
245.839 -59.1447 -59.3567 -265.243
250.61 -59.6536 -59.8575 -265.337
255.473 -60.1622 -60.3583 -265.43
260.431 -60.6705 -60.8592 -265.52
265.485 -61.1785 -61.36 -265.608
270.637 -61.6863 -61.8608 -265.695
275.889 -62.1937 -62.3617 -265.779
281.243 -62.7009 -62.8625 -265.862
286.701 -63.2079 -63.3633 -265.943
292.265 -63.7147 -63.8642 -266.023
297.936 -64.2212 -64.365 -266.101
303.718 -64.7275 -64.8658 -266.177
309.612 -65.2335 -65.3667 -266.251
315.621 -65.7394 -65.8675 -266.325
321.746 -66.2451 -66.3684 -266.396
327.989 -66.7506 -66.8692 -266.466
334.354 -67.256 -67.37 -266.535
340.843 -67.7611 -67.8709 -266.603
347.457 -68.2661 -68.3717 -266.669
354.2 -68.771 -68.8725 -266.733
361.074 -69.2756 -69.3734 -266.797
368.081 -69.7802 -69.8742 -266.859
375.224 -70.2846 -70.375 -266.92
382.506 -70.7888 -70.8759 -266.979
389.928 -71.293 -71.3767 -267.038
397.496 -71.797 -71.8775 -267.095
405.209 -72.3008 -72.3784 -267.151
413.073 -72.8046 -72.8792 -267.206
421.089 -73.3083 -73.38 -267.26
429.261 -73.8118 -73.8809 -267.313
437.591 -74.3153 -74.3817 -267.365
446.083 -74.8186 -74.8825 -267.415
454.74 -75.3219 -75.3834 -267.465
463.565 -75.825 -75.8842 -267.514
472.561 -76.3281 -76.385 -267.562
481.731 -76.8311 -76.8859 -267.609
491.08 -77.334 -77.3867 -267.655
500.61 -77.8368 -77.8876 -267.7
510.324 -78.3396 -78.3884 -267.744
520.228 -78.8423 -78.8892 -267.787
530.324 -79.3449 -79.3901 -267.83
540.615 -79.8474 -79.8909 -267.872
551.106 -80.3499 -80.3917 -267.912
561.801 -80.8523 -80.8926 -267.952
572.704 -81.3547 -81.3934 -267.992
583.818 -81.857 -81.8942 -268.03
595.147 -82.3592 -82.3951 -268.068
606.697 -82.8614 -82.8959 -268.105
618.47 -83.3635 -83.3967 -268.141
630.472 -83.8656 -83.8976 -268.177
642.707 -84.3677 -84.3984 -268.212
655.18 -84.8697 -84.8992 -268.246
667.894 -85.3716 -85.4001 -268.28
680.856 -85.8735 -85.9009 -268.313
694.069 -86.3754 -86.4017 -268.345
707.538 -86.8772 -86.9026 -268.376
721.268 -87.379 -87.4034 -268.408
735.265 -87.8808 -87.9042 -268.438
749.534 -88.3825 -88.4051 -268.468
764.08 -88.8842 -88.9059 -268.497
778.907 -89.3858 -89.4067 -268.526
794.023 -89.8875 -89.9076 -268.554
809.432 -90.389 -90.4084 -268.582
825.14 -90.8906 -90.9093 -268.609
841.153 -91.3921 -91.4101 -268.635
857.476 -91.8937 -91.9109 -268.661
874.116 -92.3951 -92.4118 -268.687
891.08 -92.8966 -92.9126 -268.712
908.372 -93.398 -93.4134 -268.737
926 -93.8995 -93.9143 -268.761
943.97 -94.4009 -94.4151 -268.784
962.289 -94.9022 -94.9159 -268.808
980.963 -95.4036 -95.4168 -268.83
1000 -95.9049 -95.9176 -268.853
