w m0 mad mat
0.001 80 80 79.9401
0.00102334 79.7996 79.7996 79.7369
0.00104723 79.5992 79.5992 79.5335
0.00107167 79.3988 79.3988 79.3301
0.00109668 79.1984 79.1984 79.1264
0.00112228 78.998 78.998 78.9227
0.00114847 78.7976 78.7976 78.7187
0.00117528 78.5972 78.5972 78.5146
0.00120271 78.3968 78.3968 78.3104
0.00123078 78.1964 78.1964 78.1059
0.00125951 77.996 77.996 77.9013
0.0012889 77.7956 77.7956 77.6965
0.00131899 77.5952 77.5952 77.4915
0.00134977 77.3948 77.3948 77.2862
0.00138128 77.1944 77.1944 77.0808
0.00141352 76.994 76.994 76.8751
0.00144651 76.7936 76.7936 76.6692
0.00148027 76.5932 76.5932 76.463
0.00151482 76.3928 76.3928 76.2565
0.00155018 76.1924 76.1924 76.0498
0.00158636 75.992 75.992 75.8428
0.00162338 75.7916 75.7916 75.6355
0.00166127 75.5912 75.5912 75.4278
0.00170005 75.3908 75.3908 75.2199
0.00173973 75.1904 75.1904 75.0116
0.00178033 74.99 74.99 74.8029
0.00182189 74.7896 74.7896 74.5939
0.00186441 74.5892 74.5892 74.3844
0.00190792 74.3888 74.3888 74.1746
0.00195246 74.1884 74.1884 73.9643
0.00199803 73.988 73.988 73.7536
0.00204466 73.7876 73.7876 73.5425
0.00209238 73.5872 73.5872 73.3309
0.00214122 73.3868 73.3868 73.1187
0.0021912 73.1864 73.1864 72.9061
0.00224234 72.986 72.986 72.6929
0.00229468 72.7855 72.7856 72.4791
0.00234823 72.5851 72.5852 72.2648
0.00240304 72.3847 72.3847 72.0499
0.00245913 72.1843 72.1843 71.8343
0.00251653 71.9839 71.9839 71.618
0.00257526 71.7835 71.7835 71.4011
0.00263537 71.5831 71.5831 71.1835
0.00269688 71.3827 71.3827 70.9651
0.00275983 71.1823 71.1823 70.7459
0.00282424 70.9819 70.9819 70.526
0.00289016 70.7815 70.7815 70.3052
0.00295762 70.5811 70.5811 70.0836
0.00302665 70.3807 70.3807 69.8611
0.00309729 70.1803 70.1803 69.6377
0.00316958 69.9799 69.9799 69.4133
0.00324356 69.7795 69.7795 69.1879
0.00331927 69.5791 69.5791 68.9615
0.00339674 69.3787 69.3787 68.734
0.00347602 69.1783 69.1783 68.5055
0.00355715 68.9779 68.9779 68.2758
0.00364017 68.7775 68.7775 68.0449
0.00372514 68.5771 68.5771 67.8129
0.00381208 68.3767 68.3767 67.5796
0.00390106 68.1763 68.1763 67.345
0.00399211 67.9759 67.9759 67.1091
0.00408529 67.7755 67.7755 66.8718
0.00418064 67.5751 67.5751 66.6332
0.00427821 67.3747 67.3747 66.3931
0.00437807 67.1743 67.1743 66.1515
0.00448025 66.9739 66.9739 65.9084
0.00458482 66.7735 66.7735 65.6637
0.00469183 66.5731 66.5731 65.4175
0.00480134 66.3726 66.3727 65.1696
0.00491341 66.1722 66.1723 64.92
0.00502809 65.9718 65.9719 64.6688
0.00514544 65.7714 65.7714 64.4157
0.00526554 65.571 65.571 64.1609
0.00538844 65.3706 65.3706 63.9042
0.00551421 65.1702 65.1702 63.6457
0.00564291 64.9698 64.9698 63.3853
0.00577462 64.7694 64.7694 63.123
0.0059094 64.569 64.569 62.8587
0.00604732 64.3686 64.3686 62.5924
0.00618847 64.1682 64.1682 62.324
0.00633291 63.9678 63.9678 62.0537
0.00648072 63.7674 63.7674 61.7812
0.00663198 63.5669 63.567 61.5067
0.00678677 63.3665 63.3666 61.23
0.00694518 63.1661 63.1662 60.9512
0.00710728 62.9657 62.9657 60.6702
0.00727317 62.7653 62.7653 60.3871
0.00744292 62.5649 62.5649 60.1017
0.00761664 62.3645 62.3645 59.8142
0.00779442 62.1641 62.1641 59.5245
0.00797634 61.9637 61.9637 59.2325
0.00816251 61.7632 61.7633 58.9383
0.00835302 61.5628 61.5629 58.6419
0.00854798 61.3624 61.3625 58.3433
0.0087475 61.162 61.162 58.0425
0.00895166 60.9616 60.9616 57.7395
0.0091606 60.7612 60.7612 57.4343
0.00937441 60.5607 60.5608 57.1269
0.00959321 60.3603 60.3604 56.8173
0.00981712 60.1599 60.16 56.5056
0.0100463 59.9595 59.9596 56.1918
0.0102807 59.7591 59.7591 55.8758
0.0105207 59.5586 59.5587 55.5578
0.0107662 59.3582 59.3583 55.2377
0.0110175 59.1578 59.1579 54.9156
0.0112747 58.9574 58.9575 54.5915
0.0115378 58.7569 58.757 54.2655
0.0118071 58.5565 58.5566 53.9375
0.0120827 58.3561 58.3562 53.6077
0.0123647 58.1556 58.1558 53.276
0.0126533 57.9552 57.9553 52.9425
0.0129486 57.7548 57.7549 52.6072
0.0132509 57.5543 57.5545 52.2703
0.0135602 57.3539 57.354 51.9316
0.0138766 57.1535 57.1536 51.5914
0.0142005 56.953 56.9532 51.2496
0.014532 56.7526 56.7527 50.9063
0.0148712 56.5521 56.5523 50.5615
0.0152183 56.3517 56.3519 50.2153
0.0155734 56.1513 56.1514 49.8677
0.0159369 55.9508 55.951 49.5188
0.0163089 55.7503 55.7505 49.1687
0.0166896 55.5499 55.5501 48.8174
0.0170791 55.3494 55.3496 48.4649
0.0174777 55.149 55.1492 48.1114
0.0178857 54.9485 54.9487 47.7568
0.0183031 54.748 54.7483 47.4012
0.0187303 54.5476 54.5478 47.0448
0.0191675 54.3471 54.3474 46.6875
0.0196149 54.1466 54.1469 46.3294
0.0200727 53.9461 53.9464 45.9705
0.0205412 53.7457 53.746 45.611
0.0210206 53.5452 53.5455 45.2508
0.0215112 53.3447 53.345 44.8901
0.0220133 53.1442 53.1445 44.5289
0.0225271 52.9437 52.9441 44.1673
0.0230529 52.7432 52.7436 43.8052
0.023591 52.5427 52.5431 43.4429
0.0241416 52.3422 52.3426 43.0802
0.024705 52.1416 52.1421 42.7174
0.0252817 51.9411 51.9416 42.3544
0.0258717 51.7406 51.7411 41.9913
0.0264756 51.54 51.5406 41.6281
0.0270935 51.3395 51.34 41.265
0.0277259 51.1389 51.1395 40.902
0.028373 50.9384 50.939 40.5392
0.0290353 50.7378 50.7384 40.1765
0.029713 50.5372 50.5379 39.8141
0.0304065 50.3367 50.3373 39.452
0.0311162 50.1361 50.1368 39.0903
0.0318424 49.9355 49.9362 38.729
0.0325856 49.7349 49.7356 38.3682
0.0333462 49.5343 49.5351 38.008
0.0341245 49.3336 49.3345 37.6484
0.034921 49.133 49.1339 37.2895
0.035736 48.9323 48.9333 36.9313
0.0365701 48.7317 48.7326 36.5739
0.0374237 48.531 48.532 36.2173
0.0382971 48.3303 48.3314 35.8616
0.039191 48.1296 48.1307 35.5069
0.0401057 47.9289 47.9301 35.1532
0.0410418 47.7282 47.7294 34.8006
0.0419997 47.5274 47.5287 34.4491
0.04298 47.3267 47.328 34.0987
0.0439832 47.1259 47.1273 33.7497
0.0450098 46.9251 46.9266 33.4019
0.0460603 46.7243 46.7258 33.0554
0.0471353 46.5234 46.5251 32.7104
0.0482355 46.3226 46.3243 32.3668
0.0493613 46.1217 46.1235 32.0247
0.0505134 45.9208 45.9227 31.6842
0.0516924 45.7199 45.7218 31.3452
0.0528989 45.5189 45.521 31.0079
0.0541336 45.318 45.3201 30.6723
0.0553971 45.117 45.1192 30.3384
0.0566901 44.9159 44.9183 30.0063
0.0580132 44.7149 44.7173 29.676
0.0593673 44.5138 44.5164 29.3475
0.0607529 44.3127 44.3154 29.021
0.0621709 44.1115 44.1143 28.6963
0.063622 43.9103 43.9133 28.3737
0.0651069 43.7091 43.7122 28.053
0.0666265 43.5078 43.5111 27.7343
0.0681816 43.3065 43.3099 27.4177
0.069773 43.1052 43.1087 27.1031
0.0714015 42.9038 42.9075 26.7906
0.073068 42.7023 42.7062 26.4803
0.0747735 42.5008 42.5049 26.172
0.0765187 42.2993 42.3036 25.8659
0.0783047 42.0977 42.1022 25.5619
0.0801323 41.896 41.9007 25.2601
0.0820026 41.6943 41.6992 24.9604
0.0839166 41.4926 41.4977 24.6629
0.0858752 41.2907 41.2961 24.3675
0.0878795 41.0888 41.0945 24.0742
0.0899307 40.8869 40.8928 23.7832
0.0920297 40.6848 40.691 23.4942
0.0941777 40.4827 40.4892 23.2074
0.0963758 40.2805 40.2873 22.9226
0.0986252 40.0782 40.0853 22.64
0.100927 39.8758 39.8833 22.3594
0.103283 39.6734 39.6811 22.0809
0.105693 39.4708 39.4789 21.8044
0.10816 39.2681 39.2767 21.5299
0.110685 39.0654 39.0743 21.2574
0.113268 38.8625 38.8718 20.9868
0.115912 38.6595 38.6693 20.7181
0.118617 38.4564 38.4666 20.4513
0.121386 38.2531 38.2639 20.1863
0.124219 38.0497 38.061 19.9231
0.127118 37.8462 37.858 19.6616
0.130085 37.6426 37.6549 19.4019
0.133122 37.4387 37.4517 19.1438
0.136229 37.2348 37.2483 18.8874
0.139408 37.0306 37.0448 18.6326
0.142662 36.8263 36.8412 18.3793
0.145992 36.6218 36.6374 18.1274
0.149399 36.4172 36.4334 17.8771
0.152886 36.2123 36.2293 17.6281
0.156455 36.0072 36.025 17.3805
0.160106 35.8019 35.8206 17.1341
0.163843 35.5964 35.6159 16.8891
0.167668 35.3906 35.4111 16.6452
0.171581 35.1846 35.206 16.4025
0.175586 34.9783 35.0008 16.1608
0.179684 34.7718 34.7953 15.9203
0.183878 34.565 34.5896 15.6807
0.188169 34.3579 34.3837 15.442
0.192561 34.1505 34.1775 15.2043
0.197056 33.9428 33.971 14.9674
0.201655 33.7347 33.7643 14.7313
0.206362 33.5263 33.5573 14.4959
0.211178 33.3175 33.35 14.2613
0.216107 33.1084 33.1423 14.0272
0.221151 32.8988 32.9344 13.7938
0.226313 32.6889 32.7261 13.5609
0.231595 32.4785 32.5175 13.3285
0.237001 32.2677 32.3085 13.0965
0.242532 32.0564 32.0991 12.865
0.248193 31.8446 31.8893 12.6337
0.253986 31.6323 31.6791 12.4028
0.259914 31.4195 31.4685 12.172
0.26598 31.2061 31.2574 11.9415
0.272188 30.9922 31.0459 11.7111
0.278541 30.7777 30.8339 11.4808
0.285043 30.5625 30.6214 11.2506
0.291696 30.3468 30.4084 11.0203
0.298504 30.1303 30.1948 10.79
0.305471 29.9132 29.9807 10.5595
0.312601 29.6953 29.766 10.3289
0.319897 29.4767 29.5506 10.0981
0.327363 29.2573 29.3347 9.86702
0.335004 29.0371 29.1181 9.63563
0.342823 28.816 28.9008 9.40388
0.350825 28.5941 28.6829 9.17171
0.359013 28.3713 28.4642 8.93908
0.367392 28.1475 28.2448 8.70594
0.375967 27.9228 28.0246 8.47223
0.384743 27.6971 27.8036 8.23791
0.393723 27.4703 27.5818 8.00292
0.402912 27.2425 27.3591 7.76721
0.412316 27.0135 27.1356 7.53073
0.42194 26.7834 26.9111 7.29342
0.431788 26.5521 26.6858 7.05525
0.441866 26.3196 26.4594 6.81615
0.452179 26.0858 26.2321 6.57607
0.462733 25.8508 26.0038 6.33497
0.473533 25.6143 25.7745 6.09279
0.484586 25.3765 25.5441 5.84947
0.495896 25.1373 25.3125 5.60498
0.507471 24.8966 25.0799 5.35925
0.519315 24.6544 24.8461 5.11223
0.531436 24.4107 24.6112 4.86388
0.54384 24.1653 24.3751 4.61415
0.556533 23.9184 24.1377 4.36298
0.569523 23.6697 23.8991 4.11033
0.582815 23.4194 23.6592 3.85614
0.596418 23.1673 23.4181 3.60037
0.610339 22.9134 23.1756 3.34298
0.624584 22.6577 22.9318 3.08392
0.639162 22.4001 22.6867 2.82313
0.654081 22.1406 22.4402 2.56059
0.669347 21.8792 22.1923 2.29624
0.68497 21.6158 21.943 2.03004
0.700957 21.3504 21.6924 1.76196
0.717317 21.083 21.4403 1.49195
0.73406 20.8134 21.1868 1.21999
0.751193 20.5418 20.9318 0.946026
0.768726 20.268 20.6755 0.670037
0.786668 19.9921 20.4177 0.391988
0.805029 19.714 20.1585 0.11185
0.823819 19.4337 19.8978 -0.170403
0.843047 19.1512 19.6358 -0.454796
0.862724 18.8664 19.3723 -0.741352
0.88286 18.5793 19.1075 -1.03009
0.903466 18.29 18.8412 -1.32103
0.924553 17.9984 18.5736 -1.61418
0.946132 17.7045 18.3047 -1.90957
0.968215 17.4083 18.0345 -2.20719
0.990814 17.1098 17.7629 -2.50706
1.01394 16.8089 17.4901 -2.80917
1.03761 16.5058 17.2161 -3.11355
1.06182 16.2003 16.9409 -3.42017
1.08661 15.8926 16.6646 -3.72905
1.11197 15.5825 16.3871 -4.04017
1.13792 15.2702 16.1085 -4.35353
1.16448 14.9556 15.8289 -4.66912
1.19166 14.6387 15.5484 -4.98692
1.21947 14.3196 15.2669 -5.30692
1.24794 13.9983 14.9845 -5.62911
1.27706 13.6747 14.7013 -5.95345
1.30687 13.349 14.4173 -6.27995
1.33737 13.0211 14.1326 -6.60856
1.36859 12.6911 13.8472 -6.93926
1.40053 12.3591 13.5612 -7.27203
1.43322 12.0249 13.2747 -7.60684
1.46667 11.6887 12.9876 -7.94365
1.5009 11.3505 12.7001 -8.28244
1.53593 11.0103 12.4122 -8.62317
1.57178 10.6682 12.124 -8.96581
1.60847 10.3242 11.8356 -9.31033
1.64601 9.97836 11.5469 -9.65667
1.68443 9.63068 11.2581 -10.0048
1.72374 9.28122 10.9691 -10.3547
1.76398 8.93001 10.6801 -10.7064
1.80515 8.57711 10.3911 -11.0597
1.84728 8.22254 10.1021 -11.4146
1.8904 7.86635 9.8132 -11.7712
1.93452 7.50859 9.52443 -12.1293
1.97967 7.14928 9.23582 -12.489
2.02588 6.78848 8.94742 -12.8501
2.07316 6.42621 8.65925 -13.2127
2.12155 6.06254 8.37134 -13.5766
2.17107 5.69748 8.08373 -13.942
2.22174 5.3311 7.79644 -14.3086
2.2736 4.96341 7.50948 -14.6766
2.32666 4.59447 7.22287 -15.0457
2.38097 4.22432 6.93663 -15.4161
2.43654 3.85298 6.65076 -15.7877
2.49341 3.48051 6.36527 -16.1604
2.55161 3.10693 6.08015 -16.5342
2.61116 2.73228 5.79541 -16.909
2.67211 2.3566 5.51105 -17.2849
2.73447 1.97993 5.22703 -17.6617
2.7983 1.60229 4.94337 -18.0395
2.86361 1.22372 4.66002 -18.4183
2.93045 0.84426 4.37698 -18.7979
2.99884 0.463934 4.09422 -19.1784
3.06884 0.0827751 3.8117 -19.5597
3.14047 -0.299186 3.5294 -19.9418
3.21376 -0.681921 3.24729 -20.3246
3.28877 -1.0654 2.96531 -20.7082
3.36553 -1.44959 2.68343 -21.0925
3.44409 -1.83448 2.4016 -21.4775
3.52447 -2.22003 2.11979 -21.8632
3.60673 -2.60621 1.83793 -22.2495
3.69092 -2.99301 1.55598 -22.6364
3.77706 -3.3804 1.27388 -23.0238
3.86522 -3.76835 0.99158 -23.4119
3.95544 -4.15685 0.709017 -23.8005
4.04776 -4.54587 0.426135 -24.1896
4.14223 -4.93539 0.142874 -24.5792
4.23891 -5.32539 -0.140828 -24.9692
4.33785 -5.71586 -0.425033 -25.3598
4.4391 -6.10677 -0.709802 -25.7508
4.54271 -6.4981 -0.9952 -26.1422
4.64873 -6.88984 -1.28129 -26.534
4.75724 -7.28197 -1.56813 -26.9261
4.86827 -7.67448 -1.85579 -27.3187
4.9819 -8.06734 -2.14433 -27.7116
5.09818 -8.46055 -2.4338 -28.1049
5.21717 -8.85409 -2.72428 -28.4985
5.33894 -9.24795 -3.01582 -28.8924
5.46355 -9.6421 -3.30848 -29.2866
5.59107 -10.0366 -3.60231 -29.6811
5.72157 -10.4313 -3.89737 -30.0758
5.85511 -10.8263 -4.19372 -30.4709
5.99177 -11.2215 -4.49141 -30.8662
6.13162 -11.617 -4.79047 -31.2617
6.27473 -12.0127 -5.09098 -31.6574
6.42119 -12.4087 -5.39295 -32.0534
6.57106 -12.8048 -5.69645 -32.4496
6.72443 -13.2012 -6.00151 -32.846
6.88138 -13.5978 -6.30816 -33.2426
7.04199 -13.9945 -6.61644 -33.6394
7.20635 -14.3915 -6.92638 -34.0363
7.37455 -14.7886 -7.23802 -34.4335
7.54667 -15.1858 -7.55137 -34.8307
7.72281 -15.5832 -7.86646 -35.2282
7.90307 -15.9808 -8.1833 -35.6258
8.08752 -16.3785 -8.50192 -36.0235
8.27629 -16.7764 -8.82233 -36.4214
8.46946 -17.1744 -9.14454 -36.8194
8.66714 -17.5725 -9.46855 -37.2175
8.86943 -17.9707 -9.79438 -37.6158
9.07645 -18.369 -10.122 -38.0141
9.28829 -18.7675 -10.4515 -38.4126
9.50508 -19.166 -10.7827 -38.8112
9.72693 -19.5647 -11.1158 -39.2098
9.95396 -19.9635 -11.4507 -39.6086
10.1863 -20.3623 -11.7873 -40.0074
10.424 -20.7612 -12.1257 -40.4064
10.6673 -21.1602 -12.4659 -40.8054
10.9163 -21.5593 -12.8078 -41.2045
11.1711 -21.9585 -13.1515 -41.6037
11.4318 -22.3578 -13.4968 -42.003
11.6987 -22.7571 -13.8438 -42.4023
11.9717 -23.1564 -14.1925 -42.8017
12.2511 -23.5559 -14.5428 -43.2011
12.5371 -23.9554 -14.8947 -43.6006
12.8297 -24.355 -15.2481 -44.0002
13.1291 -24.7546 -15.6032 -44.3998
13.4356 -25.1543 -15.9597 -44.7995
13.7492 -25.554 -16.3177 -45.1993
14.0701 -25.9537 -16.6771 -45.599
14.3985 -26.3536 -17.038 -45.9989
14.7345 -26.7534 -17.4002 -46.3987
15.0785 -27.1533 -17.7638 -46.7986
15.4304 -27.5533 -18.1287 -47.1986
15.7905 -27.9533 -18.4949 -47.5986
16.1591 -28.3533 -18.8624 -47.9986
16.5362 -28.7533 -19.231 -48.3986
16.9222 -29.1534 -19.6009 -48.7987
17.3172 -29.5535 -19.9719 -49.1989
17.7214 -29.9537 -20.344 -49.599
18.135 -30.3539 -20.7172 -49.9992
18.5583 -30.7541 -21.0914 -50.3994
18.9914 -31.1543 -21.4667 -50.7997
19.4347 -31.5546 -21.8429 -51.1999
19.8883 -31.9549 -22.2201 -51.6002
20.3525 -32.3552 -22.5982 -52.0005
20.8275 -32.7555 -22.9772 -52.4009
21.3136 -33.1558 -23.3571 -52.8012
21.8111 -33.5562 -23.7378 -53.2016
22.3202 -33.9566 -24.1193 -53.602
22.8411 -34.357 -24.5016 -54.0024
23.3742 -34.7574 -24.8846 -54.4028
23.9198 -35.1579 -25.2683 -54.8033
24.4781 -35.5583 -25.6528 -55.2037
25.0494 -35.9588 -26.0379 -55.6042
25.6341 -36.3593 -26.4236 -56.0047
26.2324 -36.7598 -26.81 -56.4052
26.8446 -37.1603 -27.197 -56.8057
27.4712 -37.5609 -27.5845 -57.2062
28.1124 -37.9614 -27.9726 -57.6068
28.7685 -38.362 -28.3613 -58.0073
29.44 -38.7625 -28.7504 -58.4079
30.1271 -39.1631 -29.1401 -58.8085
30.8303 -39.5637 -29.5302 -59.2091
31.5499 -39.9643 -29.9207 -59.6097
32.2863 -40.3649 -30.3117 -60.0103
33.0399 -40.7655 -30.7032 -60.4109
33.811 -41.1661 -31.095 -60.8115
34.6002 -41.5668 -31.4872 -61.2122
35.4077 -41.9674 -31.8797 -61.6128
36.2342 -42.368 -32.2727 -62.0134
37.0799 -42.7687 -32.6659 -62.4141
37.9453 -43.1693 -33.0595 -62.8148
38.831 -43.57 -33.4534 -63.2154
39.7373 -43.9707 -33.8476 -63.6161
40.6648 -44.3714 -34.2421 -64.0168
41.6139 -44.772 -34.6369 -64.4175
42.5852 -45.1727 -35.0319 -64.8181
43.5791 -45.5734 -35.4272 -65.2188
44.5963 -45.9741 -35.8227 -65.6195
45.6372 -46.3748 -36.2184 -66.0202
46.7023 -46.7755 -36.6144 -66.4209
47.7924 -47.1762 -37.0106 -66.8217
48.9079 -47.577 -37.407 -67.2224
50.0494 -47.9777 -37.8036 -67.6231
51.2176 -48.3784 -38.2003 -68.0238
52.413 -48.7791 -38.5973 -68.4246
53.6363 -49.1799 -38.9944 -68.8253
54.8882 -49.5806 -39.3917 -69.226
56.1693 -49.9813 -39.7891 -69.6268
57.4803 -50.3821 -40.1867 -70.0275
58.8219 -50.7828 -40.5844 -70.4282
60.1948 -51.1836 -40.9823 -70.829
61.5998 -51.5843 -41.3803 -71.2297
63.0375 -51.9851 -41.7784 -71.6305
64.5088 -52.3858 -42.1766 -72.0312
66.0145 -52.7866 -42.575 -72.432
67.5553 -53.1873 -42.9734 -72.8327
69.132 -53.5881 -43.372 -73.2335
70.7456 -53.9888 -43.7707 -73.6343
72.3968 -54.3896 -44.1694 -74.035
74.0866 -54.7904 -44.5683 -74.4358
75.8158 -55.1911 -44.9672 -74.8366
77.5853 -55.5919 -45.3662 -75.2373
79.3962 -55.9927 -45.7653 -75.6381
81.2493 -56.3934 -46.1645 -76.0389
83.1457 -56.7942 -46.5637 -76.4396
85.0863 -57.195 -46.9631 -76.8404
87.0722 -57.5958 -47.3624 -77.2412
89.1045 -57.9965 -47.7619 -77.642
91.1843 -58.3973 -48.1614 -78.0427
93.3125 -58.7981 -48.561 -78.4435
95.4904 -59.1989 -48.9606 -78.8443
97.7192 -59.5997 -49.3603 -79.2451
100 -60.0004 -49.76 -79.6459
