t y0 yad yat
0 0 0 0
0.0250417 0.00310781 0.00969442 0.000324078
0.0500835 0.0123093 0.0367366 0.00128618
0.0751252 0.0273968 0.0782076 0.00287107
0.100167 0.0481315 0.131389 0.0050635
0.125209 0.0742451 0.193771 0.0078482
0.15025 0.105443 0.26306 0.0112099
0.175292 0.141407 0.337176 0.0151333
0.200334 0.181796 0.414256 0.0196031
0.225376 0.22625 0.49265 0.0246041
0.250417 0.274394 0.570913 0.0301211
0.275459 0.325839 0.647797 0.0361389
0.300501 0.380185 0.722246 0.0426423
0.325543 0.437023 0.79338 0.0496163
0.350584 0.495941 0.860486 0.0570459
0.375626 0.556521 0.923009 0.0649161
0.400668 0.618348 0.980533 0.073212
0.42571 0.681008 1.03277 0.0819188
0.450751 0.744093 1.07956 0.0910218
0.475793 0.807203 1.12082 0.100507
0.500835 0.869944 1.15659 0.110358
0.525876 0.931939 1.18697 0.120563
0.550918 0.992822 1.21212 0.131106
0.57596 1.05224 1.23228 0.141973
0.601002 1.10987 1.24771 0.153151
0.626043 1.1654 1.25873 0.164625
0.651085 1.21852 1.26565 0.176381
0.676127 1.26898 1.26885 0.188407
0.701169 1.31653 1.26867 0.200688
0.72621 1.36094 1.2655 0.213212
0.751252 1.40202 1.25968 0.225964
0.776294 1.4396 1.2516 0.238933
0.801336 1.47352 1.24158 0.252105
0.826377 1.50368 1.22998 0.265468
0.851419 1.52997 1.2171 0.279009
0.876461 1.55233 1.20325 0.292716
0.901503 1.57072 1.1887 0.306576
0.926544 1.58512 1.17371 0.320579
0.951586 1.59555 1.15851 0.334711
0.976628 1.60203 1.14331 0.348963
1.00167 1.60462 1.12829 0.363321
1.02671 1.60341 1.11361 0.377775
1.05175 1.59849 1.09941 0.392315
1.07679 1.58999 1.0858 0.406929
1.10184 1.57804 1.07288 0.421606
1.12688 1.56282 1.06072 0.436337
1.15192 1.54448 1.04938 0.451111
1.17696 1.52324 1.03891 0.465918
1.202 1.49927 1.02931 0.480749
1.22705 1.47281 1.02061 0.495593
1.25209 1.44408 1.01281 0.510443
1.27713 1.41331 1.00588 0.525287
1.30217 1.38074 0.999804 0.540119
1.32721 1.34662 0.994555 0.554928
1.35225 1.3112 0.990094 0.569707
1.3773 1.27473 0.986378 0.584447
1.40234 1.23746 0.983359 0.599139
1.42738 1.19964 0.980988 0.613777
1.45242 1.16152 0.979212 0.628353
1.47746 1.12335 0.977978 0.642859
1.5025 1.08535 0.977231 0.657288
1.52755 1.04777 0.976919 0.671632
1.55259 1.01082 0.976989 0.685886
1.57763 0.974714 0.977391 0.700043
1.60267 0.93966 0.978075 0.714095
1.62771 0.905847 0.978996 0.728038
1.65275 0.873453 0.980109 0.741864
1.6778 0.842643 0.981375 0.755569
1.70284 0.813569 0.982755 0.769147
1.72788 0.786368 0.984216 0.782592
1.75292 0.761163 0.985726 0.7959
1.77796 0.738058 0.987258 0.809065
1.80301 0.717147 0.988787 0.822082
1.82805 0.698504 0.990293 0.834947
1.85309 0.682188 0.991756 0.847656
1.87813 0.668242 0.993161 0.860205
1.90317 0.656695 0.994496 0.872589
1.92821 0.647559 0.995751 0.884805
1.95326 0.64083 0.996917 0.89685
1.9783 0.63649 0.99799 0.908719
2.00334 0.634508 0.998966 0.920409
2.02838 0.634837 0.999843 0.931918
2.05342 0.637419 1.00062 0.943243
2.07846 0.642181 1.0013 0.954381
2.10351 0.64904 1.00189 0.965329
2.12855 0.657901 1.00238 0.976085
2.15359 0.668661 1.00279 0.986648
2.17863 0.681206 1.00311 0.997014
2.20367 0.695414 1.00336 1.00718
2.22871 0.711156 1.00353 1.01715
2.25376 0.728296 1.00364 1.02692
2.2788 0.746695 1.00369 1.03648
2.30384 0.766206 1.00369 1.04585
2.32888 0.786682 1.00364 1.055
2.35392 0.807971 1.00355 1.06395
2.37896 0.829923 1.00343 1.0727
2.40401 0.852385 1.00328 1.08124
2.42905 0.875205 1.00311 1.08957
2.45409 0.898233 1.00291 1.09769
2.47913 0.921322 1.00271 1.1056
2.50417 0.944326 1.00249 1.11331
2.52922 0.967106 1.00227 1.12081
2.55426 0.989527 1.00205 1.1281
2.5793 1.01146 1.00183 1.13518
2.60434 1.03277 1.00161 1.14206
2.62938 1.05336 1.0014 1.14872
2.65442 1.07311 1.00119 1.15519
2.67947 1.09192 1.001 1.16144
2.70451 1.10969 1.00082 1.16749
2.72955 1.12634 1.00065 1.17334
2.75459 1.14181 1.00049 1.17899
2.77963 1.15601 1.00035 1.18443
2.80467 1.16889 1.00022 1.18968
2.82972 1.18041 1.0001 1.19472
2.85476 1.19053 0.999999 1.19957
2.8798 1.19922 0.999909 1.20422
2.90484 1.20646 0.999832 1.20868
2.92988 1.21224 0.999767 1.21295
2.95492 1.21657 0.999713 1.21702
2.97997 1.21945 0.99967 1.22091
3.00501 1.2209 0.999637 1.2246
3.03005 1.22094 0.999613 1.22812
3.05509 1.21962 0.999598 1.23145
3.08013 1.21697 0.99959 1.23459
3.10518 1.21304 0.999588 1.23756
3.13022 1.2079 0.999593 1.24036
3.15526 1.20159 0.999602 1.24298
3.1803 1.19419 0.999616 1.24542
3.20534 1.18577 0.999633 1.2477
3.23038 1.17641 0.999654 1.24981
3.25543 1.16619 0.999676 1.25176
3.28047 1.1552 0.9997 1.25354
3.30551 1.14351 0.999726 1.25516
3.33055 1.13123 0.999752 1.25663
3.35559 1.11843 0.999778 1.25794
3.38063 1.10522 0.999804 1.2591
3.40568 1.09169 0.999829 1.26011
3.43072 1.07792 0.999854 1.26098
3.45576 1.06401 0.999878 1.2617
3.4808 1.05005 0.9999 1.26228
3.50584 1.03613 0.999921 1.26272
3.53088 1.02232 0.999941 1.26302
3.55593 1.00872 0.999959 1.2632
3.58097 0.995401 0.999975 1.26324
3.60601 0.98244 0.99999 1.26316
3.63105 0.969908 1 1.26296
3.65609 0.957872 1.00001 1.26263
3.68114 0.946394 1.00002 1.26218
3.70618 0.935532 1.00003 1.26162
3.73122 0.925338 1.00004 1.26095
3.75626 0.915858 1.00005 1.26017
3.7813 0.907134 1.00005 1.25928
3.80634 0.8992 1.00005 1.25829
3.83139 0.892086 1.00006 1.25719
3.85643 0.885816 1.00006 1.256
3.88147 0.880407 1.00006 1.25472
3.90651 0.875873 1.00006 1.25334
3.93155 0.87222 1.00005 1.25187
3.95659 0.869447 1.00005 1.25032
3.98164 0.867551 1.00005 1.24868
4.00668 0.866522 1.00005 1.24696
4.03172 0.866345 1.00004 1.24517
4.05676 0.866999 1.00004 1.2433
4.0818 0.868461 1.00004 1.24135
4.10684 0.8707 1.00004 1.23934
4.13189 0.873684 1.00003 1.23726
4.15693 0.877377 1.00003 1.23512
4.18197 0.881737 1.00002 1.23291
4.20701 0.886721 1.00002 1.23065
4.23205 0.892283 1.00002 1.22833
4.2571 0.898375 1.00002 1.22595
4.28214 0.904945 1.00001 1.22353
4.30718 0.91194 1.00001 1.22105
4.33222 0.919308 1.00001 1.21854
4.35726 0.926993 1 1.21597
4.3823 0.93494 1 1.21337
4.40735 0.943093 1 1.21073
4.43239 0.951396 0.999999 1.20805
4.45743 0.959796 0.999998 1.20534
4.48247 0.968236 0.999997 1.20259
4.50751 0.976664 0.999996 1.19982
4.53255 0.985028 0.999995 1.19702
4.5576 0.993278 0.999994 1.1942
4.58264 1.00137 0.999994 1.19135
4.60768 1.00924 0.999993 1.18848
4.63272 1.01687 0.999993 1.1856
4.65776 1.02421 0.999993 1.1827
4.6828 1.03121 0.999993 1.17978
4.70785 1.03784 0.999993 1.17685
4.73289 1.04408 0.999993 1.17392
4.75793 1.04989 0.999994 1.17097
4.78297 1.05525 0.999994 1.16802
4.80801 1.06014 0.999994 1.16506
4.83306 1.06453 0.999995 1.1621
4.8581 1.06841 0.999995 1.15914
4.88314 1.07177 0.999995 1.15619
4.90818 1.07461 0.999996 1.15323
4.93322 1.07691 0.999996 1.15028
4.95826 1.07868 0.999997 1.14733
4.98331 1.07992 0.999997 1.1444
5.00835 1.08064 0.999998 1.14147
5.03339 1.08084 0.999998 1.13855
5.05843 1.08053 0.999998 1.13564
5.08347 1.07973 0.999999 1.13275
5.10851 1.07846 0.999999 1.12987
5.13356 1.07673 0.999999 1.12701
5.1586 1.07457 1 1.12416
5.18364 1.07201 1 1.12134
5.20868 1.06906 1 1.11853
5.23372 1.06576 1 1.11574
5.25876 1.06213 1 1.11298
5.28381 1.0582 1 1.11024
5.30885 1.05402 1 1.10753
5.33389 1.0496 1 1.10484
5.35893 1.04498 1 1.10217
5.38397 1.0402 1 1.09953
5.40902 1.03529 1 1.09693
5.43406 1.03029 1 1.09435
5.4591 1.02522 1 1.0918
5.48414 1.02011 1 1.08928
5.50918 1.01501 1 1.08679
5.53422 1.00995 1 1.08433
5.55927 1.00494 1 1.08191
5.58431 1.00003 1 1.07952
5.60935 0.995245 1 1.07716
5.63439 0.990604 1 1.07484
5.65943 0.986137 1 1.07256
5.68447 0.981865 1 1.07031
5.70952 0.977811 1 1.06809
5.73456 0.973995 1 1.06592
5.7596 0.970434 1 1.06378
5.78464 0.967145 1 1.06167
5.80968 0.96414 1 1.05961
5.83472 0.961431 1 1.05758
5.85977 0.959028 1 1.05559
5.88481 0.956938 1 1.05364
5.90985 0.955167 1 1.05173
5.93489 0.953716 1 1.04986
5.95993 0.952588 1 1.04803
5.98497 0.951781 1 1.04623
6.01002 0.951293 1 1.04448
6.03506 0.951119 1 1.04276
6.0601 0.951251 1 1.04109
6.08514 0.951681 1 1.03945
6.11018 0.952401 1 1.03786
6.13523 0.953397 1 1.0363
6.16027 0.954656 1 1.03479
6.18531 0.956166 1 1.03331
6.21035 0.957909 1 1.03188
6.23539 0.95987 1 1.03048
6.26043 0.96203 1 1.02912
6.28548 0.964373 1 1.0278
6.31052 0.966877 1 1.02652
6.33556 0.969525 1 1.02528
6.3606 0.972296 1 1.02408
6.38564 0.97517 1 1.02292
6.41068 0.978127 1 1.02179
6.43573 0.981146 1 1.02071
6.46077 0.984207 1 1.01966
6.48581 0.98729 1 1.01865
6.51085 0.990375 1 1.01767
6.53589 0.993444 1 1.01674
6.56093 0.996477 1 1.01583
6.58598 0.999457 1 1.01497
6.61102 1.00237 1 1.01414
6.63606 1.00519 1 1.01335
6.6611 1.00791 1 1.01259
6.68614 1.01052 1 1.01186
6.71119 1.01299 1 1.01117
6.73623 1.01533 1 1.01052
6.76127 1.01751 1 1.0099
6.78631 1.01953 1 1.00931
6.81135 1.02137 1 1.00875
6.83639 1.02304 1 1.00822
6.86144 1.02453 1 1.00773
6.88648 1.02583 1 1.00727
6.91152 1.02693 1 1.00684
6.93656 1.02785 1 1.00643
6.9616 1.02856 1 1.00606
6.98664 1.02908 1 1.00572
7.01169 1.02941 1 1.0054
7.03673 1.02955 1 1.00512
7.06177 1.02951 1 1.00486
7.08681 1.02928 1 1.00463
7.11185 1.02887 1 1.00442
7.13689 1.0283 1 1.00424
7.16194 1.02756 1 1.00409
7.18698 1.02668 1 1.00396
7.21202 1.02565 1 1.00386
7.23706 1.02449 1 1.00377
7.2621 1.0232 1 1.00372
7.28715 1.0218 1 1.00368
7.31219 1.0203 1 1.00367
7.33723 1.01872 1 1.00368
7.36227 1.01705 1 1.00371
7.38731 1.01533 1 1.00376
7.41235 1.01355 1 1.00383
7.4374 1.01173 1 1.00392
7.46244 1.00988 1 1.00403
7.48748 1.00802 1 1.00415
7.51252 1.00615 1 1.0043
7.53756 1.00429 1 1.00446
7.5626 1.00245 1 1.00464
7.58765 1.00065 1 1.00484
7.61269 0.998877 1 1.00505
7.63773 0.99716 1 1.00527
7.66277 0.995503 1 1.00551
7.68781 0.993915 1 1.00577
7.71285 0.992404 1 1.00603
7.7379 0.990977 1 1.00632
7.76294 0.989641 1 1.00661
7.78798 0.988402 1 1.00691
7.81302 0.987266 1 1.00723
7.83806 0.986237 1 1.00756
7.86311 0.985318 1 1.0079
7.88815 0.984513 1 1.00824
7.91319 0.983824 1 1.0086
7.93823 0.983252 1 1.00897
7.96327 0.982797 1 1.00934
7.98831 0.982461 1 1.00973
8.01336 0.982241 1 1.01012
8.0384 0.982137 1 1.01052
8.06344 0.982146 1 1.01092
8.08848 0.982265 1 1.01133
8.11352 0.982491 1 1.01175
8.13856 0.982819 1 1.01217
8.16361 0.983246 1 1.0126
8.18865 0.983767 1 1.01303
8.21369 0.984374 1 1.01346
8.23873 0.985064 1 1.0139
8.26377 0.985828 1 1.01435
8.28881 0.986662 1 1.01479
8.31386 0.987558 1 1.01524
8.3389 0.988508 1 1.01569
8.36394 0.989506 1 1.01614
8.38898 0.990544 1 1.0166
8.41402 0.991616 1 1.01705
8.43907 0.992712 1 1.01751
8.46411 0.993827 1 1.01796
8.48915 0.994952 1 1.01842
8.51419 0.996081 1 1.01887
8.53923 0.997206 1 1.01933
8.56427 0.99832 1 1.01978
8.58932 0.999417 1 1.02024
8.61436 1.00049 1 1.02069
8.6394 1.00154 1 1.02114
8.66444 1.00254 1 1.02159
8.68948 1.00351 1 1.02203
8.71452 1.00443 1 1.02248
8.73957 1.00531 1 1.02292
8.76461 1.00612 1 1.02335
8.78965 1.00688 1 1.02379
8.81469 1.00758 1 1.02422
8.83973 1.00822 1 1.02465
8.86477 1.00878 1 1.02507
8.88982 1.00928 1 1.02549
8.91486 1.00971 1 1.0259
8.9399 1.01007 1 1.02631
8.96494 1.01036 1 1.02672
8.98998 1.01057 1 1.02712
9.01503 1.01072 1 1.02751
9.04007 1.0108 1 1.0279
9.06511 1.0108 1 1.02829
9.09015 1.01074 1 1.02867
9.11519 1.01062 1 1.02904
9.14023 1.01043 1 1.02941
9.16528 1.01018 1 1.02977
9.19032 1.00988 1 1.03012
9.21536 1.00952 1 1.03047
9.2404 1.00911 1 1.03081
9.26544 1.00865 1 1.03115
9.29048 1.00816 1 1.03148
9.31553 1.00762 1 1.0318
9.34057 1.00705 1 1.03212
9.36561 1.00645 1 1.03243
9.39065 1.00583 1 1.03273
9.41569 1.00519 1 1.03303
9.44073 1.00453 1 1.03332
9.46578 1.00385 1 1.0336
9.49082 1.00317 1 1.03387
9.51586 1.00249 1 1.03414
9.5409 1.00181 1 1.0344
9.56594 1.00113 1 1.03465
9.59098 1.00047 1 1.0349
9.61603 0.999817 1 1.03514
9.64107 0.999182 1 1.03537
9.66611 0.998568 1 1.03559
9.69115 0.997978 1 1.03581
9.71619 0.997415 1 1.03602
9.74124 0.996882 1 1.03622
9.76628 0.996382 1 1.03641
9.79132 0.995916 1 1.0366
9.81636 0.995487 1 1.03678
9.8414 0.995097 1 1.03695
9.86644 0.994746 1 1.03712
9.89149 0.994437 1 1.03728
9.91653 0.99417 1 1.03743
9.94157 0.993946 1 1.03757
9.96661 0.993764 1 1.03771
9.99165 0.993626 1 1.03784
10.0167 0.99353 1 1.03796
10.0417 0.993477 1 1.03807
10.0668 0.993466 1 1.03818
10.0918 0.993495 1 1.03828
10.1169 0.993564 1 1.03838
10.1419 0.993671 1 1.03847
10.1669 0.993815 1 1.03855
10.192 0.993993 1 1.03862
10.217 0.994204 1 1.03869
10.2421 0.994446 1 1.03875
10.2671 0.994716 1 1.0388
10.2922 0.995012 1 1.03885
10.3172 0.995332 1 1.0389
10.3422 0.995673 1 1.03893
10.3673 0.996032 1 1.03896
10.3923 0.996406 1 1.03898
10.4174 0.996794 1 1.039
10.4424 0.997192 1 1.03901
10.4674 0.997598 1 1.03902
10.4925 0.998008 1 1.03902
10.5175 0.99842 1 1.03902
10.5426 0.998833 1 1.039
10.5676 0.999242 1 1.03899
10.5927 0.999645 1 1.03897
10.6177 1.00004 1 1.03894
10.6427 1.00043 1 1.03891
10.6678 1.0008 1 1.03887
10.6928 1.00116 1 1.03883
10.7179 1.0015 1 1.03878
10.7429 1.00183 1 1.03873
10.7679 1.00214 1 1.03867
10.793 1.00242 1 1.03861
10.818 1.00268 1 1.03855
10.8431 1.00292 1 1.03848
10.8681 1.00314 1 1.0384
10.8932 1.00333 1 1.03833
10.9182 1.0035 1 1.03824
10.9432 1.00364 1 1.03816
10.9683 1.00375 1 1.03807
10.9933 1.00384 1 1.03798
11.0184 1.0039 1 1.03788
11.0434 1.00394 1 1.03778
11.0684 1.00395 1 1.03767
11.0935 1.00394 1 1.03757
11.1185 1.0039 1 1.03746
11.1436 1.00384 1 1.03734
11.1686 1.00376 1 1.03723
11.1937 1.00365 1 1.03711
11.2187 1.00353 1 1.03698
11.2437 1.00339 1 1.03686
11.2688 1.00323 1 1.03673
11.2938 1.00305 1 1.0366
11.3189 1.00286 1 1.03647
11.3439 1.00265 1 1.03633
11.3689 1.00244 1 1.0362
11.394 1.00221 1 1.03606
11.419 1.00198 1 1.03592
11.4441 1.00174 1 1.03577
11.4691 1.0015 1 1.03563
11.4942 1.00125 1 1.03548
11.5192 1.001 1 1.03533
11.5442 1.00075 1 1.03518
11.5693 1.0005 1 1.03503
11.5943 1.00026 1 1.03488
11.6194 1.00002 1 1.03473
11.6444 0.999783 1 1.03457
11.6694 0.999555 1 1.03442
11.6945 0.999336 1 1.03426
11.7195 0.999127 1 1.0341
11.7446 0.998928 1 1.03394
11.7696 0.998741 1 1.03378
11.7947 0.998566 1 1.03362
11.8197 0.998404 1 1.03346
11.8447 0.998256 1 1.0333
11.8698 0.998123 1 1.03314
11.8948 0.998004 1 1.03297
11.9199 0.997901 1 1.03281
11.9449 0.997814 1 1.03265
11.9699 0.997742 1 1.03249
11.995 0.997686 1 1.03232
12.02 0.997645 1 1.03216
12.0451 0.99762 1 1.032
12.0701 0.997611 1 1.03183
12.0952 0.997616 1 1.03167
12.1202 0.997636 1 1.03151
12.1452 0.997671 1 1.03134
12.1703 0.997718 1 1.03118
12.1953 0.997779 1 1.03102
12.2204 0.997852 1 1.03086
12.2454 0.997937 1 1.0307
12.2705 0.998032 1 1.03054
12.2955 0.998137 1 1.03038
12.3205 0.998251 1 1.03022
12.3456 0.998373 1 1.03006
12.3706 0.998502 1 1.0299
12.3957 0.998637 1 1.02974
12.4207 0.998777 1 1.02959
12.4457 0.998921 1 1.02943
12.4708 0.999069 1 1.02928
12.4958 0.999218 1 1.02912
12.5209 0.999369 1 1.02897
12.5459 0.99952 1 1.02882
12.571 0.99967 1 1.02867
12.596 0.999818 1 1.02852
12.621 0.999964 1 1.02837
12.6461 1.00011 1 1.02822
12.6711 1.00024 1 1.02808
12.6962 1.00038 1 1.02793
12.7212 1.00051 1 1.02779
12.7462 1.00063 1 1.02765
12.7713 1.00074 1 1.02751
12.7963 1.00085 1 1.02737
12.8214 1.00095 1 1.02723
12.8464 1.00104 1 1.02709
12.8715 1.00112 1 1.02696
12.8965 1.00119 1 1.02682
12.9215 1.00126 1 1.02669
12.9466 1.00131 1 1.02656
12.9716 1.00136 1 1.02643
12.9967 1.00139 1 1.0263
13.0217 1.00142 1 1.02617
13.0467 1.00144 1 1.02605
13.0718 1.00144 1 1.02592
13.0968 1.00144 1 1.0258
13.1219 1.00143 1 1.02568
13.1469 1.00141 1 1.02556
13.172 1.00139 1 1.02544
13.197 1.00135 1 1.02533
13.222 1.00131 1 1.02521
13.2471 1.00126 1 1.0251
13.2721 1.0012 1 1.02499
13.2972 1.00114 1 1.02488
13.3222 1.00107 1 1.02477
13.3472 1.001 1 1.02466
13.3723 1.00092 1 1.02456
13.3973 1.00084 1 1.02445
13.4224 1.00075 1 1.02435
13.4474 1.00067 1 1.02425
13.4725 1.00058 1 1.02415
13.4975 1.00049 1 1.02405
13.5225 1.0004 1 1.02395
13.5476 1.00031 1 1.02386
13.5726 1.00022 1 1.02377
13.5977 1.00013 1 1.02367
13.6227 1.00004 1 1.02358
13.6477 0.999951 1 1.02349
13.6728 0.999867 1 1.02341
13.6978 0.999785 1 1.02332
13.7229 0.999707 1 1.02324
13.7479 0.999633 1 1.02315
13.773 0.999563 1 1.02307
13.798 0.999498 1 1.02299
13.823 0.999437 1 1.02291
13.8481 0.999381 1 1.02283
13.8731 0.99933 1 1.02276
13.8982 0.999285 1 1.02268
13.9232 0.999245 1 1.02261
13.9482 0.999211 1 1.02254
13.9733 0.999183 1 1.02247
13.9983 0.99916 1 1.0224
14.0234 0.999144 1 1.02233
14.0484 0.999132 1 1.02226
14.0735 0.999127 1 1.0222
14.0985 0.999127 1 1.02213
14.1235 0.999133 1 1.02207
14.1486 0.999143 1 1.02201
14.1736 0.999159 1 1.02194
14.1987 0.99918 1 1.02188
14.2237 0.999205 1 1.02183
14.2487 0.999234 1 1.02177
14.2738 0.999268 1 1.02171
14.2988 0.999305 1 1.02166
14.3239 0.999345 1 1.0216
14.3489 0.999389 1 1.02155
14.374 0.999435 1 1.0215
14.399 0.999484 1 1.02144
14.424 0.999534 1 1.02139
14.4491 0.999587 1 1.02134
14.4741 0.99964 1 1.0213
14.4992 0.999695 1 1.02125
14.5242 0.99975 1 1.0212
14.5492 0.999805 1 1.02116
14.5743 0.99986 1 1.02111
14.5993 0.999914 1 1.02107
14.6244 0.999968 1 1.02102
14.6494 1.00002 1 1.02098
14.6745 1.00007 1 1.02094
14.6995 1.00012 1 1.0209
14.7245 1.00017 1 1.02086
14.7496 1.00021 1 1.02082
14.7746 1.00026 1 1.02078
14.7997 1.0003 1 1.02074
14.8247 1.00033 1 1.02071
14.8497 1.00037 1 1.02067
14.8748 1.0004 1 1.02063
14.8998 1.00043 1 1.0206
14.9249 1.00045 1 1.02056
14.9499 1.00047 1 1.02053
14.975 1.00049 1 1.0205
15 1.00051 1 1.02046
