w mag fase
0.01 85.935 -100.39
0.0101159 85.8329 -100.509
0.0102332 85.7308 -100.63
0.0103519 85.6286 -100.753
0.0104719 85.5263 -100.876
0.0105933 85.424 -101.001
0.0107161 85.3217 -101.128
0.0108404 85.2193 -101.256
0.010966 85.1168 -101.385
0.0110932 85.0143 -101.516
0.0112218 84.9117 -101.648
0.0113519 84.8091 -101.782
0.0114835 84.7064 -101.917
0.0116167 84.6037 -102.054
0.0117513 84.5009 -102.193
0.0118876 84.3981 -102.333
0.0120254 84.2951 -102.474
0.0121648 84.1921 -102.617
0.0123059 84.0891 -102.762
0.0124486 83.986 -102.908
0.0125929 83.8828 -103.056
0.0127389 83.7795 -103.206
0.0128866 83.6762 -103.357
0.013036 83.5728 -103.51
0.0131871 83.4693 -103.665
0.01334 83.3658 -103.821
0.0134947 83.2622 -103.979
0.0136511 83.1584 -104.139
0.0138094 83.0547 -104.301
0.0139695 82.9508 -104.464
0.0141315 82.8468 -104.63
0.0142953 82.7428 -104.797
0.0144611 82.6386 -104.966
0.0146287 82.5344 -105.137
0.0147983 82.4301 -105.309
0.0149699 82.3256 -105.484
0.0151435 82.2211 -105.661
0.015319 82.1165 -105.839
0.0154966 82.0118 -106.02
0.0156763 81.907 -106.202
0.0158581 81.802 -106.387
0.0160419 81.697 -106.573
0.0162279 81.5918 -106.762
0.0164161 81.4866 -106.952
0.0166064 81.3812 -107.145
0.0167989 81.2757 -107.34
0.0169937 81.17 -107.537
0.0171907 81.0643 -107.736
0.01739 80.9584 -107.937
0.0175917 80.8524 -108.14
0.0177956 80.7463 -108.346
0.0180019 80.64 -108.554
0.0182106 80.5336 -108.764
0.0184218 80.427 -108.976
0.0186354 80.3203 -109.191
0.0188514 80.2135 -109.408
0.01907 80.1065 -109.627
0.0192911 79.9993 -109.848
0.0195147 79.892 -110.072
0.019741 79.7845 -110.299
0.0199699 79.6769 -110.527
0.0202014 79.569 -110.759
0.0204356 79.4611 -110.992
0.0206726 79.3529 -111.228
0.0209122 79.2446 -111.467
0.0211547 79.136 -111.708
0.0214 79.0273 -111.952
0.0216481 78.9184 -112.198
0.0218991 78.8093 -112.446
0.022153 78.7 -112.698
0.0224098 78.5906 -112.952
0.0226696 78.4808 -113.208
0.0229325 78.3709 -113.467
0.0231983 78.2608 -113.729
0.0234673 78.1504 -113.994
0.0237394 78.0399 -114.261
0.0240146 77.929 -114.531
0.024293 77.818 -114.804
0.0245747 77.7067 -115.079
0.0248596 77.5952 -115.358
0.0251478 77.4834 -115.639
0.0254394 77.3713 -115.923
0.0257343 77.259 -116.21
0.0260327 77.1465 -116.499
0.0263345 77.0336 -116.792
0.0266399 76.9205 -117.087
0.0269487 76.8071 -117.386
0.0272612 76.6934 -117.687
0.0275772 76.5795 -117.991
0.027897 76.4652 -118.299
0.0282204 76.3506 -118.609
0.0285476 76.2357 -118.922
0.0288786 76.1205 -119.239
0.0292134 76.005 -119.558
0.0295521 75.8891 -119.88
0.0298947 75.7729 -120.206
0.0302413 75.6563 -120.534
0.0305919 75.5394 -120.866
0.0309466 75.4222 -121.201
0.0313054 75.3046 -121.538
0.0316684 75.1866 -121.879
0.0320355 75.0682 -122.224
0.032407 74.9494 -122.571
0.0327827 74.8303 -122.921
0.0331628 74.7108 -123.275
0.0335473 74.5908 -123.632
0.0339362 74.4704 -123.992
0.0343297 74.3496 -124.355
0.0347277 74.2284 -124.722
0.0351303 74.1068 -125.092
0.0355376 73.9847 -125.465
0.0359496 73.8621 -125.841
0.0363664 73.7391 -126.22
0.0367881 73.6156 -126.603
0.0372146 73.4916 -126.989
0.0376461 73.3672 -127.378
0.0380825 73.2422 -127.771
0.0385241 73.1168 -128.167
0.0389707 72.9908 -128.566
0.0394225 72.8643 -128.968
0.0398796 72.7373 -129.373
0.040342 72.6097 -129.782
0.0408097 72.4816 -130.194
0.0412829 72.353 -130.61
0.0417615 72.2237 -131.028
0.0422457 72.0939 -131.45
0.0427355 71.9635 -131.875
0.0432309 71.8325 -132.303
0.0437322 71.7009 -132.735
0.0442392 71.5687 -133.169
0.0447521 71.4359 -133.607
0.045271 71.3025 -134.048
0.0457958 71.1684 -134.492
0.0463268 71.0336 -134.94
0.0468639 70.8982 -135.39
0.0474073 70.7621 -135.844
0.0479569 70.6253 -136.3
0.0485129 70.4879 -136.76
0.0490754 70.3497 -137.223
0.0496444 70.2108 -137.688
0.0502199 70.0712 -138.157
0.0508022 69.9309 -138.629
0.0513912 69.7898 -139.103
0.051987 69.648 -139.581
0.0525898 69.5054 -140.061
0.0531995 69.3621 -140.545
0.0538163 69.218 -141.031
0.0544402 69.073 -141.52
0.0550714 68.9273 -142.011
0.0557099 68.7808 -142.505
0.0563558 68.6334 -143.002
0.0570092 68.4853 -143.502
0.0576702 68.3362 -144.004
0.0583388 68.1864 -144.508
0.0590152 68.0356 -145.016
0.0596994 67.884 -145.525
0.0603916 67.7315 -146.037
0.0610917 67.5782 -146.551
0.0618 67.4239 -147.068
0.0625165 67.2687 -147.586
0.0632414 67.1127 -148.107
0.0639746 66.9557 -148.63
0.0647163 66.7977 -149.155
0.0654666 66.6388 -149.682
0.0662257 66.479 -150.211
0.0669935 66.3182 -150.741
0.0677702 66.1565 -151.274
0.0685559 65.9937 -151.808
0.0693508 65.83 -152.344
0.0701548 65.6653 -152.881
0.0709682 65.4996 -153.42
0.071791 65.3329 -153.96
0.0726234 65.1652 -154.502
0.0734654 64.9964 -155.044
0.0743171 64.8267 -155.588
0.0751788 64.6558 -156.134
0.0760504 64.484 -156.68
0.0769321 64.3111 -157.227
0.0778241 64.1372 -157.775
0.0787264 63.9622 -158.323
0.0796391 63.7861 -158.873
0.0805625 63.609 -159.423
0.0814965 63.4308 -159.973
0.0824414 63.2515 -160.524
0.0833972 63.0712 -161.075
0.0843641 62.8897 -161.627
0.0853422 62.7072 -162.178
0.0863317 62.5236 -162.73
0.0873326 62.3388 -163.282
0.0883452 62.153 -163.833
0.0893694 61.9661 -164.384
0.0904056 61.7781 -164.935
0.0914537 61.5889 -165.485
0.0925141 61.3987 -166.035
0.0935867 61.2074 -166.584
0.0946717 61.0149 -167.133
0.0957693 60.8213 -167.68
0.0968797 60.6267 -168.227
0.0980029 60.4309 -168.773
0.0991392 60.234 -169.317
0.100289 60.036 -169.86
0.101451 59.8368 -170.402
0.102628 59.6366 -170.943
0.103817 59.4353 -171.481
0.105021 59.2328 -172.019
0.106239 59.0293 -172.554
0.10747 58.8247 -173.088
0.108716 58.6189 -173.619
0.109977 58.4121 -174.149
0.111252 58.2042 -174.676
0.112542 57.9952 -175.201
0.113847 57.7851 -175.724
0.115167 57.5739 -176.244
0.116502 57.3617 -176.762
0.117853 57.1484 -177.277
0.119219 56.934 -177.789
0.120601 56.7186 -178.299
0.121999 56.5021 -178.805
0.123414 56.2846 -179.309
0.124845 56.066 -179.809
0.126292 55.8465 -180.306
0.127756 55.6259 -180.8
0.129238 55.4042 -181.29
0.130736 55.1816 -181.777
0.132252 54.958 -182.26
0.133785 54.7334 -182.739
0.135336 54.5078 -183.215
0.136905 54.2812 -183.686
0.138493 54.0536 -184.154
0.140098 53.8252 -184.618
0.141723 53.5957 -185.077
0.143366 53.3653 -185.533
0.145028 53.134 -185.984
0.146709 52.9018 -186.43
0.14841 52.6687 -186.872
0.150131 52.4347 -187.31
0.151872 52.1998 -187.743
0.153633 51.964 -188.171
0.155414 51.7273 -188.595
0.157216 51.4898 -189.014
0.159038 51.2515 -189.428
0.160882 51.0123 -189.836
0.162748 50.7724 -190.24
0.164634 50.5316 -190.639
0.166543 50.29 -191.032
0.168474 50.0477 -191.421
0.170427 49.8046 -191.804
0.172403 49.5607 -192.181
0.174402 49.3161 -192.553
0.176424 49.0707 -192.92
0.17847 48.8247 -193.281
0.180539 48.5779 -193.637
0.182632 48.3305 -193.987
0.184749 48.0823 -194.331
0.186891 47.8336 -194.67
0.189058 47.5841 -195.002
0.19125 47.334 -195.329
0.193468 47.0833 -195.65
0.195711 46.832 -195.965
0.19798 46.5801 -196.274
0.200275 46.3277 -196.577
0.202597 46.0746 -196.874
0.204946 45.821 -197.165
0.207322 45.5668 -197.45
0.209726 45.3122 -197.729
0.212157 45.057 -198.001
0.214617 44.8013 -198.267
0.217106 44.5451 -198.527
0.219623 44.2885 -198.781
0.222169 44.0314 -199.028
0.224745 43.7739 -199.269
0.22735 43.5159 -199.503
0.229986 43.2575 -199.731
0.232653 42.9987 -199.953
0.23535 42.7396 -200.168
0.238079 42.48 -200.377
0.240839 42.2201 -200.579
0.243631 41.9599 -200.775
0.246456 41.6993 -200.964
0.249314 41.4385 -201.146
0.252204 41.1773 -201.322
0.255128 40.9158 -201.492
0.258086 40.6541 -201.654
0.261078 40.3921 -201.811
0.264105 40.1299 -201.96
0.267167 39.8674 -202.103
0.270265 39.6047 -202.239
0.273398 39.3419 -202.369
0.276568 39.0788 -202.492
0.279775 38.8156 -202.608
0.283018 38.5522 -202.717
0.2863 38.2887 -202.82
0.289619 38.025 -202.916
0.292977 37.7612 -203.006
0.296374 37.4974 -203.088
0.29981 37.2334 -203.164
0.303286 36.9694 -203.234
0.306802 36.7053 -203.296
0.310359 36.4412 -203.352
0.313958 36.177 -203.402
0.317598 35.9129 -203.444
0.32128 35.6487 -203.48
0.325005 35.3845 -203.509
0.328773 35.1204 -203.532
0.332585 34.8563 -203.548
0.336441 34.5923 -203.557
0.340341 34.3284 -203.559
0.344287 34.0645 -203.555
0.348279 33.8008 -203.545
0.352317 33.5371 -203.528
0.356402 33.2736 -203.504
0.360534 33.0102 -203.473
0.364714 32.747 -203.436
0.368943 32.484 -203.393
0.37322 32.2211 -203.343
0.377547 31.9585 -203.286
0.381924 31.696 -203.223
0.386353 31.4338 -203.154
0.390832 31.1718 -203.078
0.395363 30.9101 -202.996
0.399947 30.6487 -202.907
0.404584 30.3875 -202.812
0.409275 30.1267 -202.711
0.41402 29.8662 -202.603
0.41882 29.6059 -202.489
0.423676 29.3461 -202.369
0.428588 29.0866 -202.242
0.433557 28.8274 -202.11
0.438584 28.5687 -201.971
0.443669 28.3103 -201.826
0.448813 28.0524 -201.675
0.454016 27.7948 -201.519
0.45928 27.5378 -201.356
0.464605 27.2811 -201.187
0.469992 27.025 -201.012
0.475441 26.7693 -200.832
0.480953 26.5142 -200.645
0.486529 26.2595 -200.453
0.49217 26.0054 -200.255
0.497876 25.7518 -200.051
0.503649 25.4987 -199.842
0.509488 25.2462 -199.627
0.515395 24.9943 -199.407
0.52137 24.743 -199.181
0.527415 24.4923 -198.95
0.53353 24.2422 -198.714
0.539716 23.9927 -198.472
0.545973 23.7439 -198.225
0.552303 23.4958 -197.973
0.558707 23.2483 -197.716
0.565184 23.0015 -197.453
0.571737 22.7554 -197.186
0.578366 22.51 -196.914
0.585072 22.2653 -196.637
0.591855 22.0214 -196.355
0.598717 21.7782 -196.069
0.605658 21.5358 -195.778
0.61268 21.2941 -195.482
0.619784 21.0532 -195.182
0.62697 20.8131 -194.878
0.634239 20.5738 -194.569
0.641592 20.3354 -194.256
0.649031 20.0977 -193.939
0.656556 19.8609 -193.618
0.664168 19.625 -193.293
0.671868 19.3899 -192.964
0.679658 19.1557 -192.632
0.687538 18.9223 -192.295
0.695509 18.6899 -191.955
0.703573 18.4584 -191.612
0.71173 18.2277 -191.265
0.719982 17.998 -190.915
0.72833 17.7692 -190.562
0.736774 17.5414 -190.205
0.745316 17.3145 -189.846
0.753957 17.0885 -189.483
0.762699 16.8635 -189.118
0.771541 16.6395 -188.75
0.780487 16.4165 -188.38
0.789536 16.1944 -188.007
0.798689 15.9734 -187.632
0.80795 15.7533 -187.254
0.817317 15.5342 -186.874
0.826793 15.3162 -186.493
0.836379 15.0992 -186.109
0.846076 14.8831 -185.723
0.855885 14.6682 -185.336
0.865808 14.4542 -184.947
0.875847 14.2413 -184.557
0.886001 14.0294 -184.165
0.896273 13.8186 -183.772
0.906665 13.6088 -183.378
0.917177 13.4001 -182.983
0.927811 13.1924 -182.587
0.938568 12.9858 -182.191
0.949449 12.7802 -181.793
0.960457 12.5757 -181.395
0.971593 12.3723 -180.997
0.982858 12.1699 -180.598
0.994253 11.9686 -180.199
1.00578 11.7684 -179.801
1.01744 11.5692 -179.402
1.02924 11.371 -179.003
1.04117 11.174 -178.605
1.05324 10.978 -178.207
1.06545 10.783 -177.809
1.07781 10.5892 -177.413
1.0903 10.3963 -177.017
1.10294 10.2046 -176.622
1.11573 10.0138 -176.228
1.12867 9.82417 -175.835
1.14175 9.63555 -175.443
1.15499 9.44796 -175.053
1.16838 9.26141 -174.664
1.18193 9.07589 -174.277
1.19563 8.8914 -173.891
1.20949 8.70793 -173.507
1.22352 8.52547 -173.126
1.2377 8.34403 -172.746
1.25205 8.16359 -172.368
1.26657 7.98416 -171.993
1.28125 7.80571 -171.62
1.29611 7.62825 -171.25
1.31113 7.45176 -170.882
1.32634 7.27625 -170.517
1.34171 7.1017 -170.154
1.35727 6.9281 -169.795
1.373 6.75545 -169.438
1.38892 6.58374 -169.085
1.40503 6.41295 -168.735
1.42132 6.24308 -168.388
1.4378 6.07413 -168.045
1.45447 5.90607 -167.705
1.47133 5.73891 -167.368
1.48839 5.57263 -167.036
1.50564 5.40722 -166.707
1.5231 5.24266 -166.382
1.54076 5.07896 -166.061
1.55862 4.9161 -165.744
1.57669 4.75406 -165.431
1.59497 4.59284 -165.122
1.61347 4.43243 -164.818
1.63217 4.27281 -164.518
1.6511 4.11397 -164.222
1.67024 3.95591 -163.931
1.6896 3.7986 -163.645
1.70919 3.64204 -163.363
1.72901 3.48621 -163.086
1.74906 3.3311 -162.814
1.76933 3.17671 -162.547
1.78985 3.02301 -162.284
1.8106 2.86999 -162.027
1.83159 2.71764 -161.775
1.85283 2.56596 -161.528
1.87431 2.41491 -161.286
1.89604 2.2645 -161.05
1.91802 2.11471 -160.819
1.94026 1.96553 -160.593
1.96275 1.81693 -160.373
1.98551 1.66891 -160.158
2.00853 1.52146 -159.949
2.03182 1.37456 -159.745
2.05538 1.2282 -159.547
2.07921 1.08236 -159.355
2.10331 0.937036 -159.168
2.1277 0.792205 -158.988
2.15237 0.647857 -158.813
2.17732 0.503977 -158.644
2.20256 0.360553 -158.481
2.2281 0.217569 -158.325
2.25393 0.0750124 -158.174
2.28007 -0.0671312 -158.029
2.3065 -0.208876 -157.89
2.33324 -0.350236 -157.758
2.36029 -0.491225 -157.631
2.38766 -0.631858 -157.511
2.41534 -0.772148 -157.397
2.44335 -0.912109 -157.289
2.47167 -1.05176 -157.188
2.50033 -1.1911 -157.093
2.52932 -1.33017 -157.004
2.55864 -1.46896 -156.922
2.58831 -1.60749 -156.846
2.61832 -1.74578 -156.777
2.64868 -1.88384 -156.714
2.67938 -2.02168 -156.657
2.71045 -2.15933 -156.607
2.74187 -2.29679 -156.564
2.77366 -2.43407 -156.527
2.80582 -2.5712 -156.496
2.83835 -2.70819 -156.472
2.87126 -2.84505 -156.455
2.90455 -2.98179 -156.445
2.93823 -3.11843 -156.441
2.97229 -3.25498 -156.443
3.00675 -3.39146 -156.452
3.04161 -3.52789 -156.468
3.07688 -3.66427 -156.491
3.11255 -3.80062 -156.52
3.14864 -3.93696 -156.556
3.18514 -4.07329 -156.598
3.22207 -4.20964 -156.648
3.25943 -4.34602 -156.704
3.29722 -4.48244 -156.766
3.33545 -4.61891 -156.836
3.37412 -4.75546 -156.912
3.41324 -4.89209 -156.994
3.45281 -5.02882 -157.084
3.49284 -5.16566 -157.18
3.53334 -5.30264 -157.283
3.5743 -5.43975 -157.392
3.61574 -5.57702 -157.508
3.65767 -5.71446 -157.631
3.70007 -5.85209 -157.761
3.74297 -5.98992 -157.897
3.78637 -6.12796 -158.04
3.83027 -6.26623 -158.189
3.87468 -6.40474 -158.346
3.9196 -6.5435 -158.508
3.96504 -6.68254 -158.678
4.01101 -6.82187 -158.854
4.05752 -6.96149 -159.036
4.10456 -7.10143 -159.225
4.15215 -7.24169 -159.421
4.20029 -7.3823 -159.623
4.24899 -7.52327 -159.832
4.29825 -7.6646 -160.047
4.34808 -7.80632 -160.269
4.3985 -7.94844 -160.497
4.44949 -8.09098 -160.731
4.50108 -8.23394 -160.972
4.55326 -8.37734 -161.219
4.60606 -8.52121 -161.473
4.65946 -8.66554 -161.733
4.71348 -8.81035 -161.999
4.76813 -8.95567 -162.271
4.82341 -9.10149 -162.55
4.87933 -9.24784 -162.835
4.9359 -9.39474 -163.126
4.99313 -9.54219 -163.423
5.05102 -9.6902 -163.726
5.10958 -9.8388 -164.035
5.16882 -9.98799 -164.35
5.22875 -10.1378 -164.671
5.28937 -10.2882 -164.998
5.3507 -10.4393 -165.33
5.41274 -10.591 -165.669
5.47549 -10.7434 -166.013
5.53897 -10.8964 -166.363
5.60319 -11.0502 -166.719
5.66816 -11.2046 -167.08
5.73387 -11.3598 -167.447
5.80035 -11.5157 -167.819
5.8676 -11.6723 -168.196
5.93563 -11.8297 -168.579
6.00445 -11.9878 -168.968
6.07406 -12.1468 -169.361
6.14449 -12.3065 -169.76
6.21573 -12.467 -170.164
6.28779 -12.6283 -170.572
6.36069 -12.7905 -170.986
6.43444 -12.9535 -171.405
6.50904 -13.1174 -171.829
6.58451 -13.2821 -172.257
6.66085 -13.4477 -172.69
6.73807 -13.6142 -173.128
6.81619 -13.7815 -173.57
6.89522 -13.9498 -174.016
6.97516 -14.119 -174.467
7.05603 -14.2891 -174.923
7.13784 -14.4602 -175.382
7.2206 -14.6322 -175.846
7.30431 -14.8052 -176.314
7.389 -14.9791 -176.785
7.47467 -15.154 -177.261
7.56133 -15.3299 -177.74
7.649 -15.5067 -178.223
7.73768 -15.6846 -178.71
7.82739 -15.8635 -179.2
7.91814 -16.0434 -179.694
8.00995 -16.2243 -180.191
8.10281 -16.4063 -180.691
8.19676 -16.5892 -181.195
8.29179 -16.7733 -181.701
8.38793 -16.9584 -182.211
8.48518 -17.1445 -182.723
8.58355 -17.3317 -183.238
8.68307 -17.52 -183.756
8.78374 -17.7093 -184.276
8.88558 -17.8997 -184.799
8.9886 -18.0912 -185.324
9.09282 -18.2838 -185.851
9.19824 -18.4775 -186.381
9.30488 -18.6722 -186.912
9.41276 -18.8681 -187.446
9.5219 -19.065 -187.981
9.63229 -19.2631 -188.519
9.74397 -19.4623 -189.057
9.85694 -19.6625 -189.598
9.97122 -19.8639 -190.14
10.0868 -20.0664 -190.683
10.2038 -20.27 -191.227
10.3221 -20.4747 -191.773
10.4418 -20.6805 -192.32
10.5628 -20.8875 -192.867
10.6853 -21.0955 -193.416
10.8092 -21.3047 -193.965
10.9345 -21.5149 -194.515
11.0613 -21.7263 -195.065
11.1895 -21.9388 -195.616
11.3192 -22.1524 -196.167
11.4505 -22.367 -196.718
11.5832 -22.5828 -197.27
11.7175 -22.7997 -197.822
11.8534 -23.0177 -198.373
11.9908 -23.2367 -198.925
12.1298 -23.4569 -199.476
12.2705 -23.6781 -200.027
12.4127 -23.9004 -200.577
12.5566 -24.1238 -201.127
12.7022 -24.3482 -201.677
12.8495 -24.5737 -202.225
12.9985 -24.8003 -202.773
13.1492 -25.0279 -203.32
13.3016 -25.2565 -203.866
13.4559 -25.4862 -204.412
13.6119 -25.717 -204.956
13.7697 -25.9487 -205.498
13.9293 -26.1815 -206.04
14.0908 -26.4153 -206.58
14.2542 -26.6501 -207.119
14.4194 -26.8859 -207.656
14.5866 -27.1227 -208.192
14.7557 -27.3604 -208.726
14.9268 -27.5992 -209.259
15.0999 -27.8389 -209.789
15.275 -28.0796 -210.318
15.4521 -28.3212 -210.845
15.6312 -28.5637 -211.37
15.8124 -28.8072 -211.893
15.9958 -29.0517 -212.414
16.1812 -29.297 -212.932
16.3688 -29.5432 -213.449
16.5586 -29.7904 -213.963
16.7506 -30.0384 -214.475
16.9448 -30.2873 -214.984
17.1413 -30.537 -215.492
17.34 -30.7877 -215.996
17.541 -31.0392 -216.498
17.7444 -31.2915 -216.998
17.9501 -31.5446 -217.495
18.1582 -31.7986 -217.989
18.3688 -32.0534 -218.48
18.5817 -32.3089 -218.969
18.7972 -32.5653 -219.455
19.0151 -32.8225 -219.939
19.2356 -33.0804 -220.419
19.4586 -33.3391 -220.897
19.6842 -33.5985 -221.371
19.9124 -33.8587 -221.843
20.1433 -34.1196 -222.312
20.3768 -34.3812 -222.777
20.6131 -34.6435 -223.24
20.8521 -34.9066 -223.7
21.0938 -35.1703 -224.156
21.3384 -35.4347 -224.61
21.5858 -35.6998 -225.06
21.836 -35.9656 -225.508
22.0892 -36.232 -225.952
22.3453 -36.499 -226.393
22.6044 -36.7667 -226.831
22.8665 -37.035 -227.265
23.1316 -37.3039 -227.697
23.3998 -37.5734 -228.125
23.6711 -37.8435 -228.55
23.9455 -38.1142 -228.972
24.2231 -38.3855 -229.39
24.504 -38.6573 -229.806
24.7881 -38.9297 -230.218
25.0755 -39.2026 -230.627
25.3662 -39.4761 -231.032
25.6603 -39.7501 -231.434
25.9578 -40.0247 -231.833
26.2588 -40.2997 -232.229
26.5632 -40.5753 -232.622
26.8712 -40.8513 -233.011
27.1827 -41.1278 -233.397
27.4979 -41.4048 -233.78
27.8167 -41.6823 -234.159
28.1392 -41.9603 -234.535
28.4654 -42.2387 -234.908
28.7955 -42.5175 -235.278
29.1293 -42.7968 -235.645
29.4671 -43.0765 -236.008
29.8087 -43.3566 -236.368
30.1543 -43.6372 -236.725
30.5039 -43.9181 -237.079
30.8576 -44.1995 -237.429
31.2153 -44.4812 -237.776
31.5772 -44.7634 -238.121
31.9434 -45.0459 -238.462
32.3137 -45.3288 -238.799
32.6883 -45.612 -239.134
33.0673 -45.8956 -239.466
33.4507 -46.1796 -239.794
33.8386 -46.4638 -240.12
34.2309 -46.7485 -240.442
34.6278 -47.0334 -240.761
35.0292 -47.3187 -241.078
35.4354 -47.6043 -241.391
35.8462 -47.8903 -241.701
36.2618 -48.1765 -242.009
36.6822 -48.463 -242.313
37.1075 -48.7498 -242.614
37.5377 -49.0369 -242.913
37.973 -49.3243 -243.208
38.4132 -49.612 -243.501
38.8586 -49.8999 -243.79
39.3091 -50.1881 -244.077
39.7649 -50.4766 -244.361
40.2259 -50.7653 -244.642
40.6923 -51.0542 -244.921
41.1641 -51.3435 -245.196
41.6413 -51.6329 -245.469
42.1241 -51.9226 -245.739
42.6125 -52.2125 -246.006
43.1065 -52.5027 -246.271
43.6063 -52.793 -246.533
44.1119 -53.0836 -246.792
44.6233 -53.3744 -247.048
45.1407 -53.6654 -247.302
45.6641 -53.9566 -247.554
46.1935 -54.248 -247.802
46.7291 -54.5396 -248.048
47.2708 -54.8314 -248.292
47.8189 -55.1234 -248.533
48.3733 -55.4156 -248.772
48.9341 -55.7079 -249.008
49.5015 -56.0004 -249.241
50.0754 -56.2931 -249.473
50.656 -56.586 -249.701
51.2433 -56.879 -249.928
51.8374 -57.1722 -250.152
52.4384 -57.4655 -250.373
53.0464 -57.759 -250.592
53.6614 -58.0527 -250.809
54.2836 -58.3465 -251.024
54.9129 -58.6404 -251.236
55.5496 -58.9345 -251.446
56.1936 -59.2287 -251.654
56.8451 -59.5231 -251.86
57.5042 -59.8176 -252.063
58.1709 -60.1122 -252.264
58.8453 -60.4069 -252.463
59.5276 -60.7018 -252.66
60.2178 -60.9968 -252.855
60.9159 -61.2919 -253.048
61.6222 -61.5871 -253.238
62.3366 -61.8825 -253.427
63.0594 -62.1779 -253.613
63.7905 -62.4735 -253.798
64.5301 -62.7692 -253.98
65.2782 -63.065 -254.161
66.0351 -63.3609 -254.339
66.8007 -63.6568 -254.516
67.5752 -63.9529 -254.691
68.3587 -64.2491 -254.863
69.1512 -64.5454 -255.034
69.9529 -64.8417 -255.203
70.764 -65.1382 -255.37
71.5844 -65.4347 -255.536
72.4144 -65.7313 -255.699
73.2539 -66.028 -255.861
74.1033 -66.3248 -256.021
74.9624 -66.6217 -256.179
75.8315 -66.9186 -256.335
76.7107 -67.2157 -256.49
77.6001 -67.5128 -256.643
78.4998 -67.8099 -256.794
79.4099 -68.1072 -256.944
80.3306 -68.4045 -257.092
81.262 -68.7019 -257.238
82.2041 -68.9993 -257.383
83.1572 -69.2969 -257.526
84.1213 -69.5944 -257.667
85.0966 -69.8921 -257.807
86.0832 -70.1898 -257.946
87.0813 -70.4876 -258.083
88.0909 -70.7854 -258.218
89.1123 -71.0833 -258.352
90.1454 -71.3812 -258.484
91.1906 -71.6792 -258.615
92.2478 -71.9772 -258.744
93.3174 -72.2753 -258.872
94.3993 -72.5735 -258.999
95.4938 -72.8717 -259.124
96.6009 -73.1699 -259.247
97.7209 -73.4682 -259.37
98.8539 -73.7666 -259.491
100 -74.065 -259.61
