z mf aprox mp
0.02 2.29153 2 93.909
0.0249246 2.85556 2.49246 92.4662
0.0298492 3.41945 2.98492 91.045
0.0347739 3.98318 3.47739 89.6451
0.0396985 4.54672 3.96985 88.266
0.0446231 5.11003 4.46231 86.9074
0.0495477 5.6731 4.95477 85.5687
0.0544724 6.23588 5.44724 84.2498
0.059397 6.79836 5.9397 82.9501
0.0643216 7.36051 6.43216 81.6693
0.0692462 7.9223 6.92462 80.4072
0.0741709 8.48369 7.41709 79.1632
0.0790955 9.04467 7.90955 77.9372
0.0840201 9.6052 8.40201 76.7288
0.0889447 10.1652 8.89447 75.5376
0.0938693 10.7248 9.38693 74.3633
0.098794 11.2838 9.8794 73.2057
0.103719 11.8422 10.3719 72.0645
0.108643 12.4001 10.8643 70.9393
0.113568 12.9573 11.3568 69.8299
0.118492 13.5139 11.8492 68.7361
0.123417 14.0698 12.3417 67.6574
0.128342 14.625 12.8342 66.5937
0.133266 15.1794 13.3266 65.5448
0.138191 15.733 13.8191 64.5103
0.143116 16.2859 14.3116 63.49
0.14804 16.8379 14.804 62.4837
0.152965 17.389 15.2965 61.4912
0.157889 17.9392 15.7889 60.5122
0.162814 18.4885 16.2814 59.5465
0.167739 19.0368 16.7739 58.5939
0.172663 19.5841 17.2663 57.6541
0.177588 20.1303 17.7588 56.727
0.182513 20.6755 18.2513 55.8123
0.187437 21.2196 18.7437 54.9099
0.192362 21.7625 19.2362 54.0196
0.197286 22.3043 19.7286 53.1411
0.202211 22.8448 20.2211 52.2743
0.207136 23.3841 20.7136 51.419
0.21206 23.9222 21.206 50.5751
0.216985 24.4589 21.6985 49.7422
0.22191 24.9942 22.191 48.9204
0.226834 25.5282 22.6834 48.1094
0.231759 26.0607 23.1759 47.309
0.236683 26.5918 23.6683 46.5191
0.241608 27.1213 24.1608 45.7395
0.246533 27.6493 24.6533 44.9701
0.251457 28.1758 25.1457 44.2107
0.256382 28.7006 25.6382 43.4613
0.261307 29.2238 26.1307 42.7215
0.266231 29.7453 26.6231 41.9914
0.271156 30.265 27.1156 41.2707
0.27608 30.783 27.608 40.5593
0.281005 31.2992 28.1005 39.8572
0.28593 31.8135 28.593 39.1641
0.290854 32.326 29.0854 38.4799
0.295779 32.8365 29.5779 37.8046
0.300704 33.345 30.0704 37.1379
0.305628 33.8516 30.5628 36.4798
0.310553 34.3561 31.0553 35.8302
0.315477 34.8585 31.5477 35.189
0.320402 35.3587 32.0402 34.5559
0.325327 35.8569 32.5327 33.9311
0.330251 36.3528 33.0251 33.3142
0.335176 36.8465 33.5176 32.7052
0.340101 37.3379 34.0101 32.1041
0.345025 37.8269 34.5025 31.5107
0.34995 38.3136 34.995 30.9249
0.354874 38.798 35.4874 30.3466
0.359799 39.2798 35.9799 29.7758
0.364724 39.7592 36.4724 29.2123
0.369648 40.2361 36.9648 28.656
0.374573 40.7105 37.4573 28.107
0.379497 41.1822 37.9497 27.565
0.384422 41.6513 38.4422 27.0299
0.389347 42.1178 38.9347 26.5018
0.394271 42.5816 39.4271 25.9806
0.399196 43.0426 39.9196 25.466
0.404121 43.5009 40.4121 24.9582
0.409045 43.9563 40.9045 24.4569
0.41397 44.4089 41.397 23.9622
0.418894 44.8587 41.8894 23.474
0.423819 45.3056 42.3819 22.9921
0.428744 45.7495 42.8744 22.5165
0.433668 46.1904 43.3668 22.0472
0.438593 46.6284 43.8593 21.584
0.443518 47.0634 44.3518 21.127
0.448442 47.4952 44.8442 20.676
0.453367 47.9241 45.3367 20.231
0.458291 48.3498 45.8291 19.792
0.463216 48.7723 46.3216 19.3588
0.468141 49.1917 46.8141 18.9314
0.473065 49.608 47.3065 18.5098
0.47799 50.021 47.799 18.0939
0.482915 50.4308 48.2915 17.6836
0.487839 50.8374 48.7839 17.279
0.492764 51.2407 49.2764 16.8799
0.497688 51.6407 49.7688 16.4862
0.502613 52.0374 50.2613 16.0981
0.507538 52.4308 50.7538 15.7153
0.512462 52.8208 51.2462 15.3379
0.517387 53.2075 51.7387 14.9658
0.522312 53.5908 52.2312 14.5989
0.527236 53.9708 52.7236 14.2373
0.532161 54.3474 53.2161 13.8809
0.537085 54.7206 53.7085 13.5296
0.54201 55.0903 54.201 13.1834
0.546935 55.4567 54.6935 12.8422
0.551859 55.8197 55.1859 12.5061
0.556784 56.1792 55.6784 12.175
0.561709 56.5353 56.1709 11.8488
0.566633 56.888 56.6633 11.5275
0.571558 57.2372 57.1558 11.2112
0.576482 57.583 57.6482 10.8997
0.581407 57.9254 58.1407 10.593
0.586332 58.2644 58.6332 10.2911
0.591256 58.5999 59.1256 9.99394
0.596181 58.9321 59.6181 9.70154
0.601106 59.2608 60.1106 9.41385
0.60603 59.5861 60.603 9.13084
0.610955 59.908 61.0955 8.85248
0.615879 60.2265 61.5879 8.57876
0.620804 60.5416 62.0804 8.30965
0.625729 60.8534 62.5729 8.04512
0.630653 61.1618 63.0653 7.78515
0.635578 61.4668 63.5578 7.52973
0.640503 61.7685 64.0503 7.27884
0.645427 62.0669 64.5427 7.03244
0.650352 62.362 65.0352 6.79053
0.655276 62.6538 65.5276 6.55309
0.660201 62.9423 66.0201 6.32011
0.665126 63.2276 66.5126 6.09156
0.67005 63.5097 67.005 5.86743
0.674975 63.7885 67.4975 5.6477
0.679899 64.0641 67.9899 5.43237
0.684824 64.3366 68.4824 5.22143
0.689749 64.6058 68.9749 5.01485
0.694673 64.872 69.4673 4.81263
0.699598 65.1351 69.9598 4.61475
0.704523 65.395 70.4523 4.42122
0.709447 65.6519 70.9447 4.23201
0.714372 65.9058 71.4372 4.04712
0.719296 66.1566 71.9296 3.86655
0.724221 66.4044 72.4221 3.69028
0.729146 66.6493 72.9146 3.5183
0.73407 66.8912 73.407 3.35062
0.738995 67.1303 73.8995 3.18722
0.74392 67.3664 74.392 3.02811
0.748844 67.5996 74.8844 2.87327
0.753769 67.8301 75.3769 2.72269
0.758693 68.0577 75.8693 2.57639
0.763618 68.2825 76.3618 2.43434
0.768543 68.5046 76.8543 2.29655
0.773467 68.7239 77.3467 2.16301
0.778392 68.9406 77.8392 2.03371
0.783317 69.1546 78.3317 1.90866
0.788241 69.3659 78.8241 1.78784
0.793166 69.5746 79.3166 1.67126
0.79809 69.7808 79.809 1.5589
0.803015 69.9843 80.3015 1.45075
0.80794 70.1854 80.794 1.34681
0.812864 70.3839 81.2864 1.24708
0.817789 70.58 81.7789 1.15153
0.822714 70.7736 82.2714 1.06015
0.827638 70.9648 82.7638 0.972943
0.832563 71.1537 83.2563 0.889877
0.837487 71.3401 83.7487 0.810936
0.842412 71.5242 84.2412 0.736099
0.847337 71.7061 84.7337 0.665339
0.852261 71.8856 85.2261 0.598629
0.857186 72.0629 85.7186 0.535933
0.862111 72.238 86.2111 0.477213
0.867035 72.4109 86.7035 0.422426
0.87196 72.5816 87.196 0.371521
0.876884 72.7502 87.6884 0.324441
0.881809 72.9167 88.1809 0.28112
0.886734 73.081 88.6734 0.241486
0.891658 73.2434 89.1658 0.205455
0.896583 73.4037 89.6583 0.172934
0.901508 73.562 90.1508 0.143817
0.906432 73.7183 90.6432 0.117987
0.911357 73.8726 91.1357 0.0953128
0.916281 74.0251 91.6281 0.0756474
0.921206 74.1756 92.1206 0.058829
0.926131 74.3243 92.6131 0.044679
0.931055 74.4711 93.1055 0.0330018
0.93598 74.6161 93.598 0.0235846
0.940905 74.7592 94.0905 0.0161981
0.945829 74.9006 94.5829 0.0105982
0.950754 75.0403 95.0754 0.00652855
0.955678 75.1782 95.5678 0.00372533
0.960603 75.3144 96.0603 0.00192415
0.965528 75.4489 96.5528 0.000869253
0.970452 75.5818 97.0452 0.000325568
0.975377 75.713 97.5377 9.24555e-05
0.980302 75.8427 98.0302 1.69076e-05
0.985226 75.9707 98.5226 1.41558e-06
0.990151 76.0971 99.0151 2.24288e-08
0.995075 76.222 99.5075 2.0093e-12
1 76.3454 100 3.32362e-95
