w mag fase
0.1 19.9459 -98.573
0.101453 19.8191 -98.6969
0.102927 19.6921 -98.8227
0.104423 19.5651 -98.9502
0.105941 19.4381 -99.0795
0.10748 19.311 -99.2107
0.109042 19.1839 -99.3438
0.110627 19.0567 -99.4788
0.112234 18.9295 -99.6157
0.113865 18.8022 -99.7545
0.11552 18.6748 -99.8953
0.117199 18.5474 -100.038
0.118902 18.4199 -100.183
0.12063 18.2924 -100.33
0.122382 18.1648 -100.479
0.124161 18.0372 -100.63
0.125965 17.9094 -100.783
0.127796 17.7816 -100.939
0.129653 17.6538 -101.096
0.131537 17.5258 -101.256
0.133448 17.3978 -101.418
0.135388 17.2697 -101.583
0.137355 17.1415 -101.75
0.139351 17.0132 -101.919
0.141376 16.8849 -102.09
0.143431 16.7565 -102.264
0.145515 16.6279 -102.441
0.147629 16.4993 -102.619
0.149775 16.3706 -102.801
0.151951 16.2418 -102.985
0.154159 16.1129 -103.171
0.1564 15.9839 -103.36
0.158672 15.8547 -103.552
0.160978 15.7255 -103.747
0.163317 15.5962 -103.944
0.165691 15.4667 -104.144
0.168099 15.3371 -104.347
0.170541 15.2074 -104.552
0.17302 15.0776 -104.76
0.175534 14.9477 -104.972
0.178085 14.8176 -105.186
0.180673 14.6874 -105.403
0.183298 14.557 -105.623
0.185962 14.4265 -105.847
0.188664 14.2958 -106.073
0.191406 14.165 -106.302
0.194187 14.0341 -106.535
0.197009 13.903 -106.771
0.199872 13.7717 -107.01
0.202776 13.6402 -107.252
0.205723 13.5086 -107.498
0.208713 13.3768 -107.747
0.211746 13.2448 -107.999
0.214823 13.1126 -108.255
0.217944 12.9803 -108.514
0.221112 12.8477 -108.777
0.224325 12.7149 -109.043
0.227585 12.582 -109.313
0.230892 12.4488 -109.587
0.234247 12.3153 -109.864
0.237651 12.1817 -110.145
0.241105 12.0478 -110.43
0.244608 11.9137 -110.718
0.248163 11.7794 -111.01
0.251769 11.6448 -111.307
0.255428 11.5099 -111.607
0.25914 11.3747 -111.911
0.262905 11.2393 -112.219
0.266726 11.1037 -112.531
0.270602 10.9677 -112.847
0.274534 10.8314 -113.167
0.278524 10.6949 -113.492
0.282571 10.558 -113.821
0.286677 10.4208 -114.154
0.290843 10.2833 -114.491
0.29507 10.1454 -114.832
0.299358 10.0072 -115.178
0.303708 9.86869 -115.529
0.308121 9.72979 -115.883
0.312599 9.59052 -116.243
0.317142 9.45087 -116.606
0.32175 9.31084 -116.975
0.326426 9.17041 -117.348
0.331169 9.02957 -117.725
0.335982 8.88832 -118.108
0.340864 8.74664 -118.495
0.345818 8.60453 -118.886
0.350843 8.46197 -119.283
0.355941 8.31895 -119.684
0.361114 8.17546 -120.09
0.366361 8.03149 -120.501
0.371685 7.88703 -120.917
0.377087 7.74207 -121.338
0.382566 7.5966 -121.764
0.388126 7.4506 -122.195
0.393766 7.30406 -122.631
0.399488 7.15697 -123.072
0.405293 7.00932 -123.518
0.411183 6.86109 -123.969
0.417158 6.71228 -124.426
0.42322 6.56287 -124.887
0.42937 6.41284 -125.354
0.43561 6.26218 -125.826
0.44194 6.11088 -126.303
0.448362 5.95893 -126.785
0.454878 5.80631 -127.273
0.461488 5.653 -127.766
0.468194 5.499 -128.264
0.474998 5.34429 -128.768
0.481901 5.18885 -129.277
0.488903 5.03267 -129.791
0.496008 4.87574 -130.31
0.503216 4.71803 -130.835
0.510529 4.55954 -131.365
0.517947 4.40025 -131.901
0.525474 4.24014 -132.442
0.53311 4.07921 -132.988
0.540857 3.91742 -133.54
0.548717 3.75477 -134.096
0.556691 3.59125 -134.659
0.564781 3.42682 -135.226
0.572988 3.26149 -135.799
0.581314 3.09524 -136.377
0.589762 2.92804 -136.96
0.598332 2.75988 -137.549
0.607027 2.59074 -138.143
0.615848 2.42062 -138.742
0.624798 2.24949 -139.346
0.633877 2.07734 -139.955
0.643088 1.90414 -140.569
0.652434 1.72989 -141.189
0.661915 1.55457 -141.813
0.671533 1.37817 -142.443
0.681292 1.20065 -143.078
0.691192 1.02202 -143.717
0.701237 0.842257 -144.361
0.711427 0.661338 -145.01
0.721765 0.479252 -145.664
0.732254 0.295984 -146.323
0.742895 0.111517 -146.986
0.75369 -0.0741644 -147.654
0.764643 -0.261074 -148.326
0.775755 -0.449229 -149.003
0.787028 -0.638642 -149.684
0.798465 -0.829329 -150.37
0.810068 -1.0213 -151.059
0.821839 -1.21458 -151.753
0.833782 -1.40918 -152.452
0.845899 -1.6051 -153.154
0.858191 -1.80237 -153.86
0.870662 -2.001 -154.57
0.883314 -2.201 -155.284
0.896151 -2.40239 -156.001
0.909173 -2.60517 -156.722
0.922385 -2.80936 -157.447
0.935789 -3.01497 -158.175
0.949388 -3.22201 -158.906
0.963184 -3.4305 -159.641
0.977181 -3.64044 -160.378
0.991381 -3.85185 -161.119
1.00579 -4.06473 -161.863
1.0204 -4.2791 -162.609
1.03523 -4.49497 -163.359
1.05028 -4.71234 -164.11
1.06554 -4.93123 -164.865
1.08102 -5.15164 -165.621
1.09673 -5.37358 -166.38
1.11267 -5.59706 -167.141
1.12884 -5.82209 -167.905
1.14524 -6.04867 -168.67
1.16188 -6.27681 -169.436
1.17877 -6.50651 -170.205
1.1959 -6.73779 -170.975
1.21328 -6.97065 -171.747
1.23091 -7.20508 -172.52
1.2488 -7.44111 -173.294
1.26694 -7.67872 -174.069
1.28535 -7.91793 -174.845
1.30403 -8.15873 -175.622
1.32298 -8.40114 -176.4
1.34221 -8.64515 -177.178
1.36171 -8.89076 -177.957
1.3815 -9.13797 -178.736
1.40158 -9.3868 -179.515
1.42194 -9.63723 -180.294
1.44261 -9.88927 -181.074
1.46357 -10.1429 -181.853
1.48484 -10.3982 -182.632
1.50642 -10.655 -183.41
1.52831 -10.9135 -184.188
1.55052 -11.1735 -184.965
1.57305 -11.4352 -185.741
1.59591 -11.6984 -186.517
1.6191 -11.9633 -187.291
1.64263 -12.2297 -188.064
1.6665 -12.4977 -188.836
1.69071 -12.7673 -189.607
1.71528 -13.0385 -190.376
1.74021 -13.3112 -191.143
1.7655 -13.5855 -191.909
1.79115 -13.8613 -192.672
1.81718 -14.1387 -193.434
1.84359 -14.4177 -194.193
1.87038 -14.6981 -194.951
1.89756 -14.9801 -195.706
1.92513 -15.2636 -196.458
1.95311 -15.5487 -197.208
1.98149 -15.8352 -197.955
2.01029 -16.1232 -198.699
2.0395 -16.4127 -199.441
2.06914 -16.7036 -200.179
2.09921 -16.996 -200.915
2.12971 -17.2899 -201.647
2.16066 -17.5852 -202.376
2.19206 -17.8819 -203.101
2.22391 -18.18 -203.823
2.25623 -18.4796 -204.541
2.28902 -18.7805 -205.256
2.32228 -19.0828 -205.967
2.35603 -19.3864 -206.674
2.39027 -19.6914 -207.377
2.425 -19.9978 -208.076
2.46024 -20.3054 -208.771
2.49599 -20.6144 -209.462
2.53226 -20.9246 -210.149
2.56906 -21.2362 -210.831
2.60639 -21.5489 -211.509
2.64427 -21.863 -212.182
2.6827 -22.1783 -212.851
2.72168 -22.4948 -213.516
2.76123 -22.8124 -214.175
2.80136 -23.1313 -214.83
2.84207 -23.4514 -215.481
2.88337 -23.7726 -216.126
2.92527 -24.0949 -216.767
2.96778 -24.4184 -217.402
3.0109 -24.743 -218.033
3.05466 -25.0686 -218.659
3.09905 -25.3954 -219.28
3.14408 -25.7232 -219.895
3.18977 -26.052 -220.506
3.23612 -26.3819 -221.111
3.28315 -26.7128 -221.711
3.33086 -27.0447 -222.307
3.37926 -27.3775 -222.896
3.42837 -27.7114 -223.481
3.47819 -28.0461 -224.06
3.52874 -28.3818 -224.634
3.58001 -28.7184 -225.203
3.63204 -29.0559 -225.767
3.68482 -29.3943 -226.325
3.73837 -29.7336 -226.878
3.79269 -30.0737 -227.425
3.8478 -30.4146 -227.967
3.90372 -30.7564 -228.504
3.96045 -31.099 -229.036
4.018 -31.4423 -229.562
4.07639 -31.7865 -230.083
4.13563 -32.1314 -230.598
4.19573 -32.477 -231.108
4.2567 -32.8234 -231.613
4.31855 -33.1704 -232.113
4.38131 -33.5182 -232.607
4.44498 -33.8667 -233.096
4.50957 -34.2158 -233.58
4.5751 -34.5656 -234.058
4.64159 -34.9161 -234.531
4.70904 -35.2671 -234.999
4.77747 -35.6188 -235.462
4.8469 -35.9711 -235.92
4.91733 -36.324 -236.372
4.98879 -36.6775 -236.82
5.06128 -37.0315 -237.262
5.13483 -37.3861 -237.699
5.20945 -37.7412 -238.131
5.28515 -38.0968 -238.558
5.36196 -38.453 -238.98
5.43988 -38.8097 -239.398
5.51893 -39.1669 -239.81
5.59913 -39.5245 -240.217
5.68049 -39.8826 -240.62
5.76304 -40.2412 -241.017
5.84679 -40.6002 -241.41
5.93175 -40.9597 -241.798
6.01795 -41.3196 -242.182
6.1054 -41.6799 -242.56
6.19412 -42.0406 -242.935
6.28414 -42.4018 -243.304
6.37546 -42.7633 -243.669
6.4681 -43.1252 -244.029
6.5621 -43.4874 -244.385
6.65746 -43.8501 -244.737
6.7542 -44.213 -245.084
6.85235 -44.5763 -245.426
6.95193 -44.94 -245.764
7.05295 -45.304 -246.098
7.15544 -45.6683 -246.428
7.25943 -46.0329 -246.754
7.36492 -46.3978 -247.075
7.47194 -46.763 -247.392
7.58052 -47.1285 -247.705
7.69068 -47.4943 -248.014
7.80244 -47.8604 -248.319
7.91583 -48.2267 -248.621
8.03086 -48.5933 -248.918
8.14756 -48.9601 -249.211
8.26596 -49.3272 -249.5
8.38608 -49.6945 -249.786
8.50794 -50.0621 -250.068
8.63158 -50.4298 -250.346
8.75701 -50.7978 -250.62
8.88427 -51.1661 -250.891
9.01337 -51.5345 -251.158
9.14435 -51.9031 -251.422
9.27723 -52.272 -251.682
9.41205 -52.641 -251.939
9.54882 -53.0102 -252.192
9.68759 -53.3796 -252.442
9.82836 -53.7492 -252.688
9.97119 -54.119 -252.931
10.1161 -54.4889 -253.171
10.2631 -54.859 -253.408
10.4122 -55.2293 -253.641
10.5635 -55.5997 -253.871
10.717 -55.9702 -254.098
10.8728 -56.3409 -254.322
11.0308 -56.7118 -254.543
11.1911 -57.0828 -254.761
11.3537 -57.4539 -254.976
11.5187 -57.8252 -255.188
11.6861 -58.1966 -255.397
11.8559 -58.5681 -255.604
12.0282 -58.9398 -255.807
12.203 -59.3116 -256.008
12.3803 -59.6834 -256.205
12.5602 -60.0554 -256.401
12.7427 -60.4275 -256.593
12.9279 -60.7998 -256.783
13.1158 -61.1721 -256.97
13.3064 -61.5445 -257.154
13.4998 -61.917 -257.336
13.6959 -62.2896 -257.516
13.895 -62.6623 -257.693
14.0969 -63.0351 -257.867
14.3017 -63.408 -258.039
14.5096 -63.781 -258.209
14.7204 -64.154 -258.377
14.9343 -64.5272 -258.542
15.1513 -64.9004 -258.704
15.3715 -65.2737 -258.865
15.5949 -65.647 -259.023
15.8215 -66.0205 -259.179
16.0514 -66.394 -259.333
16.2847 -66.7675 -259.484
16.5213 -67.1412 -259.634
16.7614 -67.5149 -259.781
17.005 -67.8886 -259.927
17.2521 -68.2625 -260.07
17.5028 -68.6364 -260.211
17.7572 -69.0103 -260.351
18.0152 -69.3843 -260.488
18.277 -69.7584 -260.623
18.5426 -70.1325 -260.757
18.812 -70.5066 -260.889
19.0854 -70.8808 -261.018
19.3628 -71.2551 -261.146
19.6441 -71.6294 -261.272
19.9296 -72.0038 -261.397
20.2192 -72.3782 -261.519
20.513 -72.7526 -261.64
20.8111 -73.1271 -261.76
21.1136 -73.5016 -261.877
21.4204 -73.8762 -261.993
21.7317 -74.2508 -262.107
22.0475 -74.6254 -262.22
22.3678 -75.0001 -262.331
22.6929 -75.3748 -262.44
23.0227 -75.7496 -262.548
23.3572 -76.1243 -262.654
23.6966 -76.4992 -262.759
24.041 -76.874 -262.863
24.3904 -77.2489 -262.964
24.7448 -77.6238 -263.065
25.1044 -77.9987 -263.164
25.4692 -78.3737 -263.262
25.8393 -78.7487 -263.358
26.2148 -79.1237 -263.453
26.5957 -79.4987 -263.546
26.9822 -79.8738 -263.638
27.3743 -80.2489 -263.729
27.7721 -80.624 -263.819
28.1757 -80.9992 -263.907
28.5851 -81.3743 -263.994
29.0005 -81.7495 -264.08
29.422 -82.1247 -264.165
29.8495 -82.5 -264.248
30.2833 -82.8752 -264.33
30.7234 -83.2505 -264.411
31.1698 -83.6258 -264.491
31.6228 -84.0011 -264.57
