fase mag
-98.573 19.9459
-98.687 19.8292
-98.8024 19.7124
-98.9194 19.5956
-99.0379 19.4788
-99.158 19.3619
-99.2797 19.2449
-99.4029 19.1279
-99.5278 19.0109
-99.6543 18.8938
-99.7825 18.7767
-99.9124 18.6595
-100.044 18.5423
-100.177 18.425
-100.312 18.3077
-100.449 18.1903
-100.588 18.0729
-100.728 17.9554
-100.87 17.8379
-101.014 17.7203
-101.16 17.6026
-101.308 17.4848
-101.458 17.367
-101.609 17.2492
-101.763 17.1312
-101.919 17.0132
-102.077 16.8952
-102.236 16.777
-102.398 16.6588
-102.562 16.5405
-102.728 16.4221
-102.896 16.3036
-103.067 16.1851
-103.239 16.0664
-103.414 15.9477
-103.591 15.8289
-103.77 15.71
-103.952 15.591
-104.136 15.4719
-104.322 15.3527
-104.511 15.2334
-104.702 15.114
-104.895 14.9945
-105.091 14.8748
-105.29 14.7551
-105.491 14.6352
-105.694 14.5153
-105.901 14.3952
-106.109 14.2749
-106.321 14.1546
-106.535 14.0341
-106.752 13.9135
-106.971 13.7927
-107.194 13.6718
-107.419 13.5507
-107.647 13.4295
-107.878 13.3082
-108.111 13.1867
-108.348 13.065
-108.587 12.9432
-108.83 12.8212
-109.075 12.699
-109.324 12.5766
-109.576 12.4541
-109.83 12.3314
-110.088 12.2085
-110.349 12.0853
-110.614 11.962
-110.881 11.8385
-111.152 11.7148
-111.426 11.5908
-111.704 11.4667
-111.984 11.3423
-112.268 11.2177
-112.556 11.0928
-112.847 10.9677
-113.142 10.8423
-113.44 10.7167
-113.741 10.5909
-114.047 10.4647
-114.355 10.3383
-114.668 10.2116
-114.984 10.0847
-115.304 9.9574
-115.627 9.82984
-115.955 9.70197
-116.286 9.57378
-116.621 9.44528
-116.96 9.31645
-117.303 9.18728
-117.649 9.05777
-118 8.92791
-118.355 8.7977
-118.713 8.66711
-119.076 8.53616
-119.443 8.40481
-119.814 8.27308
-120.188 8.14095
-120.568 8.00841
-120.951 7.87546
-121.338 7.74207
-121.73 7.60826
-122.126 7.47399
-122.526 7.33928
-122.93 7.2041
-123.339 7.06845
-123.752 6.93232
-124.169 6.79569
-124.591 6.65856
-125.017 6.52092
-125.448 6.38275
-125.883 6.24406
-126.322 6.10482
-126.766 5.96502
-127.214 5.82466
-127.667 5.68372
-128.124 5.54219
-128.586 5.40007
-129.052 5.25733
-129.523 5.11398
-129.998 4.96999
-130.478 4.82536
-130.962 4.68007
-131.451 4.53411
-131.944 4.38747
-132.442 4.24014
-132.944 4.09211
-133.451 3.94336
-133.962 3.79389
-134.478 3.64367
-134.998 3.4927
-135.523 3.34097
-136.053 3.18845
-136.586 3.03515
-137.125 2.88105
-137.667 2.72613
-138.214 2.57038
-138.766 2.41379
-139.322 2.25635
-139.882 2.09805
-140.446 1.93887
-141.015 1.77879
-141.588 1.61781
-142.165 1.45592
-142.747 1.2931
-143.333 1.12934
-143.923 0.964622
-144.516 0.798942
-145.115 0.632283
-145.717 0.464635
-146.323 0.295984
-146.933 0.126318
-147.547 -0.0443732
-148.164 -0.216103
-148.786 -0.388883
-149.411 -0.562724
-150.04 -0.737639
-150.673 -0.913639
-151.309 -1.09073
-151.949 -1.26894
-152.592 -1.44826
-153.238 -1.62871
-153.888 -1.81029
-154.541 -1.99303
-155.198 -2.17693
-155.857 -2.362
-156.52 -2.54825
-157.186 -2.73568
-157.854 -2.92432
-158.525 -3.11417
-159.2 -3.30523
-159.876 -3.49752
-160.556 -3.69104
-161.238 -3.88581
-161.922 -4.08183
-162.609 -4.2791
-163.299 -4.47765
-163.99 -4.67746
-164.683 -4.87856
-165.379 -5.08094
-166.076 -5.28462
-166.776 -5.4896
-167.477 -5.69588
-168.18 -5.90348
-168.884 -6.11239
-169.59 -6.32262
-170.297 -6.53419
-171.006 -6.74708
-171.716 -6.9613
-172.427 -7.17687
-173.139 -7.39378
-173.852 -7.61203
-174.566 -7.83163
-175.28 -8.05258
-175.995 -8.27489
-176.711 -8.49855
-177.427 -8.72357
-178.144 -8.94994
-178.861 -9.17768
-179.577 -9.40677
-180.294 -9.63723
-181.011 -9.86904
-181.728 -10.1022
-182.445 -10.3368
-183.161 -10.5726
-183.877 -10.8099
-184.592 -11.0485
-185.307 -11.2885
-186.021 -11.5298
-186.734 -11.7724
-187.446 -12.0164
-188.157 -12.2618
-188.867 -12.5085
-189.576 -12.7565
-190.284 -13.0058
-190.99 -13.2565
-191.694 -13.5085
-192.398 -13.7619
-193.099 -14.0165
-193.799 -14.2724
-194.497 -14.5297
-195.192 -14.7882
-195.886 -15.048
-196.578 -15.3091
-197.268 -15.5715
-197.955 -15.8352
-198.64 -16.1001
-199.322 -16.3663
-200.002 -16.6337
-200.68 -16.9023
-201.354 -17.1722
-202.026 -17.4433
-202.695 -17.7156
-203.361 -17.9891
-204.025 -18.2638
-204.685 -18.5396
-205.342 -18.8167
-205.995 -19.0949
-206.646 -19.3743
-207.293 -19.6548
-207.937 -19.9364
-208.577 -20.2191
-209.214 -20.503
-209.847 -20.788
-210.477 -21.074
-211.103 -21.3611
-211.725 -21.6493
-212.343 -21.9385
-212.958 -22.2288
-213.569 -22.5201
-214.175 -22.8124
-214.778 -23.1058
-215.377 -23.4001
-215.972 -23.6954
-216.562 -23.9917
-217.149 -24.2889
-217.731 -24.587
-218.309 -24.8861
-218.883 -25.1861
-219.452 -25.4871
-220.018 -25.7889
-220.579 -26.0916
-221.135 -26.3951
-221.688 -26.6995
-222.235 -27.0048
-222.779 -27.3109
-223.318 -27.6178
-223.852 -27.9255
-224.382 -28.234
-224.908 -28.5433
-225.429 -28.8533
-225.946 -29.1641
-226.458 -29.4757
-226.966 -29.788
-227.469 -30.1009
-227.967 -30.4146
-228.461 -30.729
-228.951 -31.0441
-229.436 -31.3599
-229.917 -31.6763
-230.393 -31.9933
-230.864 -32.311
-231.331 -32.6293
-231.794 -32.9482
-232.252 -33.2677
-232.705 -33.5879
-233.154 -33.9085
-233.599 -34.2298
-234.039 -34.5516
-234.475 -34.874
-234.906 -35.1969
-235.333 -35.5203
-235.756 -35.8442
-236.174 -36.1687
-236.588 -36.4936
-236.997 -36.819
-237.402 -37.1449
-237.803 -37.4712
-238.2 -37.7981
-238.592 -38.1253
-238.98 -38.453
-239.364 -38.7811
-239.744 -39.1097
-240.12 -39.4386
-240.491 -39.768
-240.859 -40.0977
-241.222 -40.4278
-241.582 -40.7583
-241.937 -41.0892
-242.288 -41.4204
-242.636 -41.752
-242.979 -42.084
-243.319 -42.4162
-243.654 -42.7488
-243.986 -43.0817
-244.314 -43.4149
-244.639 -43.7485
-244.959 -44.0823
-245.276 -44.4164
-245.589 -44.7509
-245.899 -45.0856
-246.204 -45.4205
-246.507 -45.7558
-246.805 -46.0913
-247.101 -46.427
-247.392 -46.763
-247.68 -47.0993
-247.965 -47.4358
-248.247 -47.7725
-248.525 -48.1094
-248.799 -48.4466
-249.071 -48.784
-249.339 -49.1216
-249.604 -49.4594
-249.865 -49.7974
-250.124 -50.1356
-250.379 -50.474
-250.631 -50.8126
-250.88 -51.1513
-251.126 -51.4903
-251.37 -51.8294
-251.61 -52.1687
-251.847 -52.5081
-252.081 -52.8477
-252.312 -53.1875
-252.541 -53.5274
-252.766 -53.8675
-252.989 -54.2077
-253.209 -54.5481
-253.426 -54.8886
-253.641 -55.2293
-253.853 -55.57
-254.062 -55.9109
-254.269 -56.252
-254.473 -56.5931
-254.674 -56.9344
-254.873 -57.2758
-255.07 -57.6173
-255.264 -57.9589
-255.455 -58.3006
-255.644 -58.6425
-255.831 -58.9844
-256.016 -59.3264
-256.198 -59.6686
-256.377 -60.0108
-256.555 -60.3531
-256.73 -60.6955
-256.903 -61.038
-257.074 -61.3806
-257.242 -61.7233
-257.408 -62.066
-257.573 -62.4089
-257.735 -62.7518
-257.895 -63.0948
-258.053 -63.4378
-258.209 -63.781
-258.363 -64.1242
-258.515 -64.4674
-258.665 -64.8108
-258.814 -65.1542
-258.96 -65.4977
-259.104 -65.8412
-259.247 -66.1848
-259.388 -66.5284
-259.526 -66.8721
-259.664 -67.2159
-259.799 -67.5597
-259.932 -67.9036
-260.064 -68.2475
-260.194 -68.5915
-260.323 -68.9355
-260.45 -69.2796
-260.575 -69.6237
-260.698 -69.9679
-260.82 -70.3121
-260.941 -70.6563
-261.06 -71.0006
-261.177 -71.3449
-261.293 -71.6893
-261.407 -72.0337
