re im imneg
-3.18831 -1.84307 1.84307
-3.17044 -1.81392 1.81392
-3.15254 -1.78501 1.78501
-3.13461 -1.75635 1.75635
-3.11666 -1.72794 1.72794
-3.09867 -1.69977 1.69977
-3.08067 -1.67185 1.67185
-3.06264 -1.64418 1.64418
-3.04459 -1.61675 1.61675
-3.02651 -1.58957 1.58957
-3.00842 -1.56264 1.56264
-2.9903 -1.53594 1.53594
-2.97217 -1.5095 1.5095
-2.95402 -1.48329 1.48329
-2.93586 -1.45733 1.45733
-2.91768 -1.43162 1.43162
-2.89948 -1.40614 1.40614
-2.88128 -1.38091 1.38091
-2.86306 -1.35592 1.35592
-2.84484 -1.33117 1.33117
-2.8266 -1.30666 1.30666
-2.80836 -1.28239 1.28239
-2.79012 -1.25837 1.25837
-2.77186 -1.23458 1.23458
-2.75361 -1.21103 1.21103
-2.73535 -1.18772 1.18772
-2.71709 -1.16464 1.16464
-2.69883 -1.14181 1.14181
-2.68057 -1.1192 1.1192
-2.66232 -1.09684 1.09684
-2.64407 -1.07471 1.07471
-2.62582 -1.05282 1.05282
-2.60758 -1.03116 1.03116
-2.58935 -1.00973 1.00973
-2.57113 -0.988533 0.988533
-2.55292 -0.96757 0.96757
-2.53472 -0.946839 0.946839
-2.51653 -0.926338 0.926338
-2.49836 -0.906067 0.906067
-2.4802 -0.886024 0.886024
-2.46206 -0.866211 0.866211
-2.44393 -0.846624 0.846624
-2.42583 -0.827265 0.827265
-2.40774 -0.808131 0.808131
-2.38968 -0.789223 0.789223
-2.37164 -0.770538 0.770538
-2.35363 -0.752078 0.752078
-2.33564 -0.733839 0.733839
-2.31767 -0.715823 0.715823
-2.29974 -0.698027 0.698027
-2.28183 -0.680451 0.680451
-2.26395 -0.663094 0.663094
-2.24611 -0.645956 0.645956
-2.2283 -0.629034 0.629034
-2.21052 -0.612328 0.612328
-2.19278 -0.595838 0.595838
-2.17507 -0.579561 0.579561
-2.15741 -0.563498 0.563498
-2.13978 -0.547647 0.547647
-2.12219 -0.532007 0.532007
-2.10464 -0.516577 0.516577
-2.08714 -0.501356 0.501356
-2.06967 -0.486342 0.486342
-2.05226 -0.471536 0.471536
-2.03489 -0.456935 0.456935
-2.01756 -0.442539 0.442539
-2.00029 -0.428346 0.428346
-1.98306 -0.414356 0.414356
-1.96589 -0.400567 0.400567
-1.94877 -0.386977 0.386977
-1.93169 -0.373587 0.373587
-1.91468 -0.360394 0.360394
-1.89772 -0.347397 0.347397
-1.88081 -0.334596 0.334596
-1.86396 -0.321989 0.321989
-1.84717 -0.309574 0.309574
-1.83044 -0.29735 0.29735
-1.81377 -0.285317 0.285317
-1.79716 -0.273473 0.273473
-1.78061 -0.261816 0.261816
-1.76412 -0.250346 0.250346
-1.7477 -0.239061 0.239061
-1.73135 -0.227959 0.227959
-1.71506 -0.21704 0.21704
-1.69884 -0.206302 0.206302
-1.68268 -0.195743 0.195743
-1.66659 -0.185363 0.185363
-1.65058 -0.17516 0.17516
-1.63463 -0.165132 0.165132
-1.61876 -0.155279 0.155279
-1.60296 -0.145598 0.145598
-1.58723 -0.136089 0.136089
-1.57157 -0.12675 0.12675
-1.556 -0.117579 0.117579
-1.54049 -0.108576 0.108576
-1.52506 -0.0997382 0.0997382
-1.50971 -0.0910649 0.0910649
-1.49444 -0.0825544 0.0825544
-1.47925 -0.0742053 0.0742053
-1.46413 -0.0660162 0.0660162
-1.4491 -0.0579857 0.0579857
-1.43414 -0.0501122 0.0501122
-1.41927 -0.0423942 0.0423942
-1.40448 -0.0348304 0.0348304
-1.38977 -0.0274192 0.0274192
-1.37515 -0.0201591 0.0201591
-1.36061 -0.0130487 0.0130487
-1.34616 -0.00608646 0.00608646
-1.33179 0.000729096 -0.000729096
-1.3175 0.00739948 -0.00739948
-1.3033 0.0139262 -0.0139262
-1.28919 0.0203107 -0.0203107
-1.27517 0.0265546 -0.0265546
-1.26123 0.0326592 -0.0326592
-1.24738 0.0386263 -0.0386263
-1.23362 0.0444571 -0.0444571
-1.21995 0.0501534 -0.0501534
-1.20637 0.0557165 -0.0557165
-1.19288 0.061148 -0.061148
-1.17948 0.0664493 -0.0664493
-1.16617 0.0716221 -0.0716221
-1.15295 0.0766678 -0.0766678
-1.13982 0.0815879 -0.0815879
-1.12679 0.0863839 -0.0863839
-1.11385 0.0910574 -0.0910574
-1.101 0.0956099 -0.0956099
-1.08824 0.100043 -0.100043
-1.07557 0.104358 -0.104358
-1.063 0.108556 -0.108556
-1.05052 0.112639 -0.112639
-1.03814 0.116609 -0.116609
-1.02584 0.120466 -0.120466
-1.01365 0.124214 -0.124214
-1.00154 0.127852 -0.127852
-0.989535 0.131382 -0.131382
-0.97762 0.134806 -0.134806
-0.9658 0.138126 -0.138126
-0.954075 0.141342 -0.141342
-0.942444 0.144457 -0.144457
-0.930908 0.147471 -0.147471
-0.919467 0.150387 -0.150387
-0.908121 0.153205 -0.153205
-0.896869 0.155927 -0.155927
-0.885713 0.158555 -0.158555
-0.874651 0.16109 -0.16109
-0.863685 0.163533 -0.163533
-0.852813 0.165886 -0.165886
-0.842036 0.16815 -0.16815
-0.831353 0.170327 -0.170327
-0.820766 0.172417 -0.172417
-0.810273 0.174423 -0.174423
-0.799874 0.176346 -0.176346
-0.789569 0.178187 -0.178187
-0.779359 0.179948 -0.179948
-0.769243 0.181629 -0.181629
-0.759221 0.183232 -0.183232
-0.749292 0.184759 -0.184759
-0.739457 0.186211 -0.186211
-0.729715 0.187589 -0.187589
-0.720066 0.188894 -0.188894
-0.71051 0.190128 -0.190128
-0.701047 0.191293 -0.191293
-0.691676 0.192388 -0.192388
-0.682398 0.193416 -0.193416
-0.673211 0.194379 -0.194379
-0.664116 0.195276 -0.195276
-0.655112 0.196109 -0.196109
-0.646198 0.196881 -0.196881
-0.637376 0.197591 -0.197591
-0.628644 0.198241 -0.198241
-0.620002 0.198832 -0.198832
-0.61145 0.199366 -0.199366
-0.602987 0.199844 -0.199844
-0.594612 0.200266 -0.200266
-0.586327 0.200634 -0.200634
-0.578129 0.200949 -0.200949
-0.57002 0.201213 -0.201213
-0.561997 0.201426 -0.201426
-0.554062 0.201589 -0.201589
-0.546213 0.201704 -0.201704
-0.53845 0.201771 -0.201771
-0.530773 0.201792 -0.201792
-0.523181 0.201768 -0.201768
-0.515674 0.2017 -0.2017
-0.508252 0.201589 -0.201589
-0.500913 0.201436 -0.201436
-0.493657 0.201241 -0.201241
-0.486485 0.201007 -0.201007
-0.479394 0.200733 -0.200733
-0.472386 0.200421 -0.200421
-0.465459 0.200072 -0.200072
-0.458613 0.199687 -0.199687
-0.451847 0.199267 -0.199267
-0.445162 0.198813 -0.198813
-0.438555 0.198325 -0.198325
-0.432028 0.197805 -0.197805
-0.425579 0.197253 -0.197253
-0.419207 0.19667 -0.19667
-0.412913 0.196058 -0.196058
-0.406695 0.195416 -0.195416
-0.400554 0.194747 -0.194747
-0.394488 0.19405 -0.19405
-0.388497 0.193327 -0.193327
-0.38258 0.192579 -0.192579
-0.376738 0.191805 -0.191805
-0.370969 0.191008 -0.191008
-0.365272 0.190187 -0.190187
-0.359648 0.189344 -0.189344
-0.354095 0.188479 -0.188479
-0.348613 0.187593 -0.187593
-0.343202 0.186687 -0.186687
-0.33786 0.185761 -0.185761
-0.332588 0.184816 -0.184816
-0.327384 0.183853 -0.183853
-0.322249 0.182873 -0.182873
-0.317181 0.181876 -0.181876
-0.312179 0.180863 -0.180863
-0.307244 0.179835 -0.179835
-0.302375 0.178791 -0.178791
-0.297571 0.177734 -0.177734
-0.292832 0.176662 -0.176662
-0.288156 0.175578 -0.175578
-0.283543 0.174481 -0.174481
-0.278994 0.173373 -0.173373
-0.274506 0.172253 -0.172253
-0.27008 0.171123 -0.171123
-0.265715 0.169982 -0.169982
-0.26141 0.168832 -0.168832
-0.257165 0.167673 -0.167673
-0.252979 0.166505 -0.166505
-0.248852 0.165329 -0.165329
-0.244783 0.164146 -0.164146
-0.240771 0.162956 -0.162956
-0.236815 0.161759 -0.161759
-0.232916 0.160555 -0.160555
-0.229073 0.159347 -0.159347
-0.225284 0.158133 -0.158133
-0.22155 0.156914 -0.156914
-0.217869 0.155691 -0.155691
-0.214242 0.154463 -0.154463
-0.210668 0.153233 -0.153233
-0.207145 0.151999 -0.151999
-0.203674 0.150763 -0.150763
-0.200254 0.149524 -0.149524
-0.196885 0.148283 -0.148283
-0.193565 0.14704 -0.14704
-0.190294 0.145797 -0.145797
-0.187072 0.144552 -0.144552
-0.183898 0.143307 -0.143307
-0.180772 0.142061 -0.142061
-0.177693 0.140816 -0.140816
-0.17466 0.139571 -0.139571
-0.171672 0.138326 -0.138326
-0.168731 0.137083 -0.137083
-0.165834 0.135841 -0.135841
-0.162981 0.1346 -0.1346
-0.160172 0.133362 -0.133362
-0.157406 0.132125 -0.132125
-0.154682 0.130891 -0.130891
-0.152001 0.129659 -0.129659
-0.149361 0.12843 -0.12843
-0.146763 0.127204 -0.127204
-0.144204 0.125982 -0.125982
-0.141686 0.124763 -0.124763
-0.139208 0.123547 -0.123547
-0.136768 0.122336 -0.122336
-0.134367 0.121129 -0.121129
-0.132004 0.119926 -0.119926
-0.129678 0.118728 -0.118728
-0.127389 0.117534 -0.117534
-0.125137 0.116345 -0.116345
-0.122921 0.115162 -0.115162
-0.120741 0.113983 -0.113983
-0.118595 0.11281 -0.11281
-0.116484 0.111643 -0.111643
-0.114408 0.110481 -0.110481
-0.112365 0.109325 -0.109325
-0.110355 0.108175 -0.108175
-0.108378 0.107031 -0.107031
-0.106433 0.105893 -0.105893
-0.10452 0.104761 -0.104761
-0.102639 0.103636 -0.103636
-0.100788 0.102518 -0.102518
-0.0989682 0.101406 -0.101406
-0.0971784 0.100301 -0.100301
-0.0954183 0.099203 -0.099203
-0.0936874 0.0981118 -0.0981118
-0.0919854 0.0970277 -0.0970277
-0.0903118 0.0959507 -0.0959507
-0.0886662 0.0948808 -0.0948808
-0.0870483 0.0938183 -0.0938183
-0.0854576 0.0927631 -0.0927631
-0.0838937 0.0917153 -0.0917153
-0.0823562 0.090675 -0.090675
-0.0808448 0.0896422 -0.0896422
-0.079359 0.088617 -0.088617
-0.0778985 0.0875994 -0.0875994
-0.0764629 0.0865896 -0.0865896
-0.0750519 0.0855874 -0.0855874
-0.0736649 0.0845931 -0.0845931
-0.0723018 0.0836065 -0.0836065
-0.0709622 0.0826278 -0.0826278
-0.0696456 0.0816569 -0.0816569
-0.0683518 0.080694 -0.080694
-0.0670803 0.079739 -0.079739
-0.0658309 0.0787919 -0.0787919
-0.0646032 0.0778528 -0.0778528
-0.0633968 0.0769216 -0.0769216
-0.0622115 0.0759985 -0.0759985
-0.061047 0.0750834 -0.0750834
-0.0599028 0.0741762 -0.0741762
-0.0587786 0.0732772 -0.0732772
-0.0576743 0.0723861 -0.0723861
-0.0565894 0.071503 -0.071503
-0.0555236 0.070628 -0.070628
-0.0544767 0.069761 -0.069761
-0.0534483 0.068902 -0.068902
-0.0524381 0.068051 -0.068051
-0.0514459 0.067208 -0.067208
-0.0504714 0.066373 -0.066373
-0.0495142 0.065546 -0.065546
-0.0485742 0.0647269 -0.0647269
-0.0476509 0.0639158 -0.0639158
-0.0467442 0.0631126 -0.0631126
-0.0458538 0.0623172 -0.0623172
-0.0449795 0.0615298 -0.0615298
-0.0441208 0.0607502 -0.0607502
-0.0432777 0.0599784 -0.0599784
-0.0424498 0.0592145 -0.0592145
-0.0416369 0.0584583 -0.0584583
-0.0408388 0.0577098 -0.0577098
-0.0400551 0.0569691 -0.0569691
-0.0392857 0.056236 -0.056236
-0.0385304 0.0555106 -0.0555106
-0.0377888 0.0547927 -0.0547927
-0.0370607 0.0540825 -0.0540825
-0.036346 0.0533798 -0.0533798
-0.0356444 0.0526846 -0.0526846
-0.0349557 0.0519968 -0.0519968
-0.0342797 0.0513165 -0.0513165
-0.033616 0.0506436 -0.0506436
-0.0329647 0.049978 -0.049978
-0.0323253 0.0493196 -0.0493196
-0.0316978 0.0486686 -0.0486686
-0.0310819 0.0480247 -0.0480247
-0.0304775 0.047388 -0.047388
-0.0298842 0.0467584 -0.0467584
-0.029302 0.0461359 -0.0461359
-0.0287307 0.0455205 -0.0455205
-0.02817 0.0449119 -0.0449119
-0.0276197 0.0443104 -0.0443104
-0.0270798 0.0437157 -0.0437157
-0.0265499 0.0431278 -0.0431278
-0.02603 0.0425467 -0.0425467
-0.0255199 0.0419724 -0.0419724
-0.0250193 0.0414047 -0.0414047
-0.0245282 0.0408436 -0.0408436
-0.0240463 0.0402892 -0.0402892
-0.0235735 0.0397412 -0.0397412
-0.0231096 0.0391998 -0.0391998
-0.0226545 0.0386647 -0.0386647
-0.022208 0.0381361 -0.0381361
-0.02177 0.0376137 -0.0376137
-0.0213403 0.0370977 -0.0370977
-0.0209188 0.0365878 -0.0365878
-0.0205052 0.0360841 -0.0360841
-0.0200996 0.0355865 -0.0355865
-0.0197017 0.035095 -0.035095
-0.0193114 0.0346094 -0.0346094
-0.0189285 0.0341298 -0.0341298
-0.018553 0.0336561 -0.0336561
-0.0181846 0.0331883 -0.0331883
-0.0178233 0.0327262 -0.0327262
-0.017469 0.0322699 -0.0322699
-0.0171214 0.0318193 -0.0318193
-0.0167806 0.0313742 -0.0313742
-0.0164463 0.0309348 -0.0309348
-0.0161184 0.0305009 -0.0305009
-0.0157969 0.0300724 -0.0300724
-0.0154815 0.0296494 -0.0296494
-0.0151723 0.0292317 -0.0292317
-0.0148691 0.0288193 -0.0288193
-0.0145717 0.0284122 -0.0284122
-0.0142801 0.0280103 -0.0280103
-0.0139941 0.0276135 -0.0276135
-0.0137137 0.0272219 -0.0272219
-0.0134388 0.0268352 -0.0268352
-0.0131692 0.0264536 -0.0264536
-0.0129048 0.0260769 -0.0260769
-0.0126456 0.0257051 -0.0257051
-0.0123915 0.0253382 -0.0253382
-0.0121423 0.024976 -0.024976
-0.011898 0.0246186 -0.0246186
-0.0116585 0.0242658 -0.0242658
-0.0114236 0.0239177 -0.0239177
-0.0111934 0.0235742 -0.0235742
-0.0109677 0.0232352 -0.0232352
-0.0107464 0.0229007 -0.0229007
-0.0105294 0.0225706 -0.0225706
-0.0103168 0.0222449 -0.0222449
-0.0101083 0.0219236 -0.0219236
-0.00990388 0.0216065 -0.0216065
-0.00970352 0.0212937 -0.0212937
-0.00950711 0.0209851 -0.0209851
-0.00931458 0.0206806 -0.0206806
-0.00912585 0.0203802 -0.0203802
-0.00894086 0.0200839 -0.0200839
-0.00875952 0.0197916 -0.0197916
-0.00858178 0.0195032 -0.0195032
-0.00840755 0.0192188 -0.0192188
-0.00823678 0.0189382 -0.0189382
-0.00806941 0.0186614 -0.0186614
-0.00790535 0.0183884 -0.0183884
-0.00774455 0.0181192 -0.0181192
-0.00758696 0.0178536 -0.0178536
-0.00743249 0.0175917 -0.0175917
-0.00728111 0.0173333 -0.0173333
-0.00713274 0.0170786 -0.0170786
-0.00698733 0.0168273 -0.0168273
-0.00684482 0.0165795 -0.0165795
-0.00670516 0.0163352 -0.0163352
-0.00656829 0.0160942 -0.0160942
-0.00643415 0.0158566 -0.0158566
-0.0063027 0.0156223 -0.0156223
-0.00617388 0.0153912 -0.0153912
-0.00604764 0.0151634 -0.0151634
-0.00592393 0.0149387 -0.0149387
-0.0058027 0.0147172 -0.0147172
-0.00568391 0.0144988 -0.0144988
-0.0055675 0.0142835 -0.0142835
-0.00545343 0.0140712 -0.0140712
-0.00534165 0.0138618 -0.0138618
-0.00523212 0.0136555 -0.0136555
-0.0051248 0.013452 -0.013452
-0.00501964 0.0132514 -0.0132514
-0.00491659 0.0130537 -0.0130537
-0.00481563 0.0128588 -0.0128588
-0.0047167 0.0126666 -0.0126666
-0.00461977 0.0124772 -0.0124772
-0.0045248 0.0122904 -0.0122904
-0.00443175 0.0121064 -0.0121064
-0.00434057 0.0119249 -0.0119249
-0.00425125 0.0117461 -0.0117461
-0.00416373 0.0115698 -0.0115698
-0.00407798 0.011396 -0.011396
-0.00399397 0.0112247 -0.0112247
-0.00391166 0.0110559 -0.0110559
-0.00383103 0.0108895 -0.0108895
-0.00375203 0.0107255 -0.0107255
-0.00367463 0.0105639 -0.0105639
-0.0035988 0.0104046 -0.0104046
-0.00352452 0.0102476 -0.0102476
-0.00345175 0.0100929 -0.0100929
-0.00338045 0.0099404 -0.0099404
-0.00331061 0.00979013 -0.00979013
-0.00324219 0.00964204 -0.00964204
-0.00317516 0.0094961 -0.0094961
-0.0031095 0.00935228 -0.00935228
-0.00304518 0.00921056 -0.00921056
-0.00298217 0.00907091 -0.00907091
-0.00292045 0.00893329 -0.00893329
-0.00285998 0.00879768 -0.00879768
-0.00280076 0.00866406 -0.00866406
-0.00274274 0.00853239 -0.00853239
-0.0026859 0.00840265 -0.00840265
-0.00263023 0.00827481 -0.00827481
-0.0025757 0.00814885 -0.00814885
-0.00252229 0.00802474 -0.00802474
-0.00246997 0.00790246 -0.00790246
-0.00241872 0.00778197 -0.00778197
-0.00236852 0.00766326 -0.00766326
-0.00231935 0.00754631 -0.00754631
-0.00227119 0.00743107 -0.00743107
-0.00222401 0.00731755 -0.00731755
-0.00217781 0.0072057 -0.0072057
-0.00213255 0.0070955 -0.0070955
-0.00208822 0.00698694 -0.00698694
-0.0020448 0.00687999 -0.00687999
-0.00200228 0.00677462 -0.00677462
-0.00196063 0.00667082 -0.00667082
-0.00191984 0.00656856 -0.00656856
-0.00187988 0.00646783 -0.00646783
-0.00184075 0.00636859 -0.00636859
-0.00180243 0.00627083 -0.00627083
-0.00176489 0.00617453 -0.00617453
-0.00172813 0.00607967 -0.00607967
-0.00169212 0.00598622 -0.00598622
-0.00165686 0.00589417 -0.00589417
-0.00162233 0.00580349 -0.00580349
-0.0015885 0.00571418 -0.00571418
-0.00155538 0.0056262 -0.0056262
-0.00152294 0.00553954 -0.00553954
-0.00149117 0.00545418 -0.00545418
-0.00146005 0.0053701 -0.0053701
-0.00142958 0.00528729 -0.00528729
-0.00139974 0.00520572 -0.00520572
-0.00137052 0.00512537 -0.00512537
-0.0013419 0.00504624 -0.00504624
-0.00131387 0.0049683 -0.0049683
-0.00128642 0.00489153 -0.00489153
-0.00125954 0.00481592 -0.00481592
-0.00123322 0.00474145 -0.00474145
-0.00120744 0.00466811 -0.00466811
-0.0011822 0.00459587 -0.00459587
-0.00115748 0.00452473 -0.00452473
-0.00113327 0.00445466 -0.00445466
-0.00110956 0.00438566 -0.00438566
-0.00108635 0.0043177 -0.0043177
-0.00106362 0.00425077 -0.00425077
-0.00104136 0.00418485 -0.00418485
-0.00101956 0.00411994 -0.00411994
-0.000998212 0.00405601 -0.00405601
-0.00097731 0.00399305 -0.00399305
-0.000956842 0.00393105 -0.00393105
-0.000936799 0.00386999 -0.00386999
-0.000917173 0.00380986 -0.00380986
-0.000897954 0.00375065 -0.00375065
-0.000879136 0.00369234 -0.00369234
-0.000860709 0.00363492 -0.00363492
-0.000842665 0.00357837 -0.00357837
-0.000824997 0.00352269 -0.00352269
-0.000807697 0.00346785 -0.00346785
-0.000790757 0.00341386 -0.00341386
-0.000774169 0.00336069 -0.00336069
-0.000757927 0.00330833 -0.00330833
-0.000742024 0.00325677 -0.00325677
-0.000726452 0.00320601 -0.00320601
-0.000711204 0.00315602 -0.00315602
-0.000696275 0.00310679 -0.00310679
-0.000681657 0.00305832 -0.00305832
-0.000667343 0.0030106 -0.0030106
-0.000653328 0.0029636 -0.0029636
-0.000639606 0.00291733 -0.00291733
-0.00062617 0.00287177 -0.00287177
-0.000613015 0.00282691 -0.00282691
-0.000600134 0.00278273 -0.00278273
-0.000587522 0.00273924 -0.00273924
-0.000575174 0.00269641 -0.00269641
-0.000563084 0.00265425 -0.00265425
-0.000551246 0.00261273 -0.00261273
-0.000539655 0.00257186 -0.00257186
-0.000528307 0.00253161 -0.00253161
-0.000517197 0.00249198 -0.00249198
-0.000506318 0.00245297 -0.00245297
-0.000495667 0.00241455 -0.00241455
-0.000485239 0.00237673 -0.00237673
-0.000475029 0.0023395 -0.0023395
-0.000465033 0.00230284 -0.00230284
-0.000455246 0.00226674 -0.00226674
-0.000445663 0.0022312 -0.0022312
-0.000436282 0.00219622 -0.00219622
-0.000427097 0.00216177 -0.00216177
-0.000418104 0.00212786 -0.00212786
-0.0004093 0.00209447 -0.00209447
-0.00040068 0.0020616 -0.0020616
-0.00039224 0.00202923 -0.00202923
-0.000383978 0.00199737 -0.00199737
-0.000375889 0.00196601 -0.00196601
-0.000367969 0.00193513 -0.00193513
-0.000360215 0.00190473 -0.00190473
-0.000352624 0.0018748 -0.0018748
-0.000345193 0.00184533 -0.00184533
-0.000337917 0.00181632 -0.00181632
-0.000330794 0.00178777 -0.00178777
-0.00032382 0.00175965 -0.00175965
-0.000316992 0.00173198 -0.00173198
-0.000310308 0.00170473 -0.00170473
-0.000303765 0.00167791 -0.00167791
-0.000297358 0.0016515 -0.0016515
-0.000291086 0.00162551 -0.00162551
-0.000284946 0.00159992 -0.00159992
-0.000278935 0.00157473 -0.00157473
-0.00027305 0.00154993 -0.00154993
-0.000267289 0.00152552 -0.00152552
-0.000261649 0.00150149 -0.00150149
-0.000256127 0.00147783 -0.00147783
-0.000250722 0.00145454 -0.00145454
-0.00024543 0.00143162 -0.00143162
-0.000240249 0.00140905 -0.00140905
-0.000235177 0.00138684 -0.00138684
-0.000230212 0.00136497 -0.00136497
-0.000225352 0.00134344 -0.00134344
-0.000220593 0.00132225 -0.00132225
-0.000215935 0.00130139 -0.00130139
-0.000211374 0.00128086 -0.00128086
-0.00020691 0.00126065 -0.00126065
-0.00020254 0.00124075 -0.00124075
-0.000198261 0.00122116 -0.00122116
-0.000194073 0.00120189 -0.00120189
-0.000189973 0.00118291 -0.00118291
-0.000185959 0.00116423 -0.00116423
-0.000182029 0.00114584 -0.00114584
-0.000178183 0.00112774 -0.00112774
-0.000174417 0.00110992 -0.00110992
-0.000170731 0.00109239 -0.00109239
-0.000167122 0.00107512 -0.00107512
-0.00016359 0.00105813 -0.00105813
-0.000160132 0.00104141 -0.00104141
-0.000156746 0.00102494 -0.00102494
-0.000153432 0.00100874 -0.00100874
-0.000150188 0.000992787 -0.000992787
-0.000147013 0.000977086 -0.000977086
-0.000143904 0.000961631 -0.000961631
-0.000140861 0.00094642 -0.00094642
-0.000137882 0.000931447 -0.000931447
-0.000134965 0.000916709 -0.000916709
-0.000132111 0.000902202 -0.000902202
-0.000129316 0.000887924 -0.000887924
-0.00012658 0.000873869 -0.000873869
-0.000123903 0.000860036 -0.000860036
-0.000121281 0.00084642 -0.00084642
-0.000118715 0.000833018 -0.000833018
-0.000116203 0.000819827 -0.000819827
-0.000113744 0.000806843 -0.000806843
-0.000111337 0.000794064 -0.000794064
-0.000108981 0.000781485 -0.000781485
-0.000106674 0.000769105 -0.000769105
-0.000104417 0.000756919 -0.000756919
-0.000102207 0.000744925 -0.000744925
-0.000100043 0.00073312 -0.00073312
-9.79252e-05 0.000721501 -0.000721501
-9.58521e-05 0.000710065 -0.000710065
-9.38228e-05 0.000698809 -0.000698809
-9.18364e-05 0.000687731 -0.000687731
-8.98919e-05 0.000676826 -0.000676826
-8.79885e-05 0.000666094 -0.000666094
-8.61253e-05 0.000655531 -0.000655531
-8.43015e-05 0.000645135 -0.000645135
-8.25162e-05 0.000634902 -0.000634902
-8.07686e-05 0.000624831 -0.000624831
-7.90579e-05 0.000614918 -0.000614918
-7.73834e-05 0.000605162 -0.000605162
-7.57443e-05 0.00059556 -0.00059556
-7.41399e-05 0.00058611 -0.00058611
-7.25693e-05 0.000576808 -0.000576808
-7.10319e-05 0.000567653 -0.000567653
-6.95271e-05 0.000558643 -0.000558643
-6.8054e-05 0.000549775 -0.000549775
-6.66121e-05 0.000541048 -0.000541048
-6.52007e-05 0.000532458 -0.000532458
-6.38192e-05 0.000524003 -0.000524003
-6.24668e-05 0.000515683 -0.000515683
-6.11431e-05 0.000507493 -0.000507493
-5.98473e-05 0.000499433 -0.000499433
-5.8579e-05 0.000491501 -0.000491501
-5.73375e-05 0.000483694 -0.000483694
-5.61222e-05 0.00047601 -0.00047601
-5.49327e-05 0.000468448 -0.000468448
-5.37683e-05 0.000461005 -0.000461005
-5.26285e-05 0.00045368 -0.00045368
-5.15129e-05 0.000446471 -0.000446471
-5.04209e-05 0.000439376 -0.000439376
-4.9352e-05 0.000432393 -0.000432393
-4.83057e-05 0.000425521 -0.000425521
-4.72815e-05 0.000418757 -0.000418757
-4.62791e-05 0.000412101 -0.000412101
-4.52978e-05 0.000405549 -0.000405549
-4.43373e-05 0.000399102 -0.000399102
-4.33972e-05 0.000392757 -0.000392757
-4.24769e-05 0.000386512 -0.000386512
-4.15762e-05 0.000380366 -0.000380366
-4.06945e-05 0.000374317 -0.000374317
-3.98315e-05 0.000368364 -0.000368364
-3.89867e-05 0.000362505 -0.000362505
-3.81598e-05 0.000356739 -0.000356739
-3.73505e-05 0.000351065 -0.000351065
-3.65583e-05 0.00034548 -0.00034548
-3.57828e-05 0.000339984 -0.000339984
-3.50238e-05 0.000334575 -0.000334575
-3.42809e-05 0.000329252 -0.000329252
-3.35537e-05 0.000324013 -0.000324013
-3.28419e-05 0.000318857 -0.000318857
-3.21451e-05 0.000313783 -0.000313783
-3.14632e-05 0.00030879 -0.00030879
-3.07957e-05 0.000303875 -0.000303875
-3.01423e-05 0.000299039 -0.000299039
-2.95028e-05 0.000294279 -0.000294279
-2.88768e-05 0.000289595 -0.000289595
-2.82641e-05 0.000284985 -0.000284985
-2.76644e-05 0.000280448 -0.000280448
-2.70773e-05 0.000275983 -0.000275983
-2.65028e-05 0.000271589 -0.000271589
-2.59404e-05 0.000267265 -0.000267265
-2.53899e-05 0.000263009 -0.000263009
-2.4851e-05 0.000258821 -0.000258821
-2.43237e-05 0.0002547 -0.0002547
-2.38074e-05 0.000250644 -0.000250644
-2.33022e-05 0.000246652 -0.000246652
-2.28076e-05 0.000242724 -0.000242724
-2.23235e-05 0.000238858 -0.000238858
-2.18497e-05 0.000235053 -0.000235053
-2.13859e-05 0.000231309 -0.000231309
-2.0932e-05 0.000227624 -0.000227624
-2.04877e-05 0.000223998 -0.000223998
-2.00528e-05 0.000220429 -0.000220429
-1.96271e-05 0.000216917 -0.000216917
-1.92104e-05 0.000213461 -0.000213461
-1.88026e-05 0.00021006 -0.00021006
-1.84035e-05 0.000206713 -0.000206713
-1.80128e-05 0.000203419 -0.000203419
-1.76303e-05 0.000200177 -0.000200177
-1.7256e-05 0.000196987 -0.000196987
-1.68897e-05 0.000193848 -0.000193848
-1.65311e-05 0.000190758 -0.000190758
-1.61801e-05 0.000187718 -0.000187718
-1.58365e-05 0.000184726 -0.000184726
-1.55003e-05 0.000181782 -0.000181782
-1.51712e-05 0.000178884 -0.000178884
-1.4849e-05 0.000176032 -0.000176032
-1.45337e-05 0.000173226 -0.000173226
-1.42251e-05 0.000170464 -0.000170464
-1.3923e-05 0.000167747 -0.000167747
-1.36273e-05 0.000165072 -0.000165072
-1.3338e-05 0.00016244 -0.00016244
-1.30547e-05 0.00015985 -0.00015985
-1.27775e-05 0.000157302 -0.000157302
-1.25061e-05 0.000154793 -0.000154793
-1.22405e-05 0.000152325 -0.000152325
-1.19805e-05 0.000149896 -0.000149896
-1.17261e-05 0.000147505 -0.000147505
-1.1477e-05 0.000145153 -0.000145153
-1.12333e-05 0.000142838 -0.000142838
-1.09947e-05 0.00014056 -0.00014056
-1.07611e-05 0.000138318 -0.000138318
-1.05326e-05 0.000136112 -0.000136112
-1.03089e-05 0.000133941 -0.000133941
-1.00899e-05 0.000131804 -0.000131804
-9.87555e-06 0.000129702 -0.000129702
-9.66578e-06 0.000127633 -0.000127633
-9.46045e-06 0.000125597 -0.000125597
-9.25949e-06 0.000123593 -0.000123593
-9.06279e-06 0.000121621 -0.000121621
-8.87026e-06 0.000119681 -0.000119681
-8.68183e-06 0.000117771 -0.000117771
-8.49739e-06 0.000115892 -0.000115892
-8.31687e-06 0.000114043 -0.000114043
-8.14018e-06 0.000112223 -0.000112223
-7.96724e-06 0.000110433 -0.000110433
-7.79797e-06 0.000108671 -0.000108671
-7.6323e-06 0.000106936 -0.000106936
-7.47014e-06 0.00010523 -0.00010523
-7.31143e-06 0.000103551 -0.000103551
-7.15608e-06 0.000101898 -0.000101898
-7.00404e-06 0.000100272 -0.000100272
-6.85522e-06 9.86716e-05 -9.86716e-05
-6.70957e-06 9.70968e-05 -9.70968e-05
-6.567e-06 9.55471e-05 -9.55471e-05
-6.42746e-06 9.40221e-05 -9.40221e-05
-6.29089e-06 9.25214e-05 -9.25214e-05
-6.15722e-06 9.10446e-05 -9.10446e-05
-6.02638e-06 8.95913e-05 -8.95913e-05
-5.89833e-06 8.81612e-05 -8.81612e-05
-5.77299e-06 8.67539e-05 -8.67539e-05
-5.65031e-06 8.5369e-05 -8.5369e-05
-5.53024e-06 8.40062e-05 -8.40062e-05
-5.41272e-06 8.26651e-05 -8.26651e-05
-5.2977e-06 8.13454e-05 -8.13454e-05
-5.18512e-06 8.00467e-05 -8.00467e-05
-5.07493e-06 7.87688e-05 -7.87688e-05
-4.96708e-06 7.75112e-05 -7.75112e-05
-4.86152e-06 7.62737e-05 -7.62737e-05
-4.7582e-06 7.50558e-05 -7.50558e-05
-4.65708e-06 7.38575e-05 -7.38575e-05
-4.5581e-06 7.26782e-05 -7.26782e-05
-4.46123e-06 7.15177e-05 -7.15177e-05
-4.36642e-06 7.03757e-05 -7.03757e-05
-4.27362e-06 6.9252e-05 -6.9252e-05
-4.18279e-06 6.81461e-05 -6.81461e-05
-4.09389e-06 6.70579e-05 -6.70579e-05
-4.00688e-06 6.59871e-05 -6.59871e-05
-3.92171e-06 6.49333e-05 -6.49333e-05
-3.83836e-06 6.38963e-05 -6.38963e-05
-3.75678e-06 6.28759e-05 -6.28759e-05
-3.67693e-06 6.18717e-05 -6.18717e-05
-3.59877e-06 6.08836e-05 -6.08836e-05
-3.52228e-06 5.99112e-05 -5.99112e-05
-3.44741e-06 5.89544e-05 -5.89544e-05
-3.37414e-06 5.80128e-05 -5.80128e-05
-3.30242e-06 5.70862e-05 -5.70862e-05
-3.23222e-06 5.61744e-05 -5.61744e-05
-3.16351e-06 5.52772e-05 -5.52772e-05
-3.09627e-06 5.43943e-05 -5.43943e-05
-3.03045e-06 5.35254e-05 -5.35254e-05
-2.96603e-06 5.26705e-05 -5.26705e-05
-2.90298e-06 5.18291e-05 -5.18291e-05
-2.84127e-06 5.10012e-05 -5.10012e-05
-2.78088e-06 5.01865e-05 -5.01865e-05
-2.72176e-06 4.93848e-05 -4.93848e-05
-2.6639e-06 4.85959e-05 -4.85959e-05
-2.60727e-06 4.78196e-05 -4.78196e-05
-2.55185e-06 4.70557e-05 -4.70557e-05
-2.4976e-06 4.63039e-05 -4.63039e-05
-2.4445e-06 4.55642e-05 -4.55642e-05
-2.39254e-06 4.48363e-05 -4.48363e-05
-2.34167e-06 4.41199e-05 -4.41199e-05
-2.29189e-06 4.34151e-05 -4.34151e-05
-2.24317e-06 4.27214e-05 -4.27214e-05
-2.19548e-06 4.20389e-05 -4.20389e-05
-2.1488e-06 4.13672e-05 -4.13672e-05
-2.10312e-06 4.07063e-05 -4.07063e-05
-2.05841e-06 4.00559e-05 -4.00559e-05
-2.01464e-06 3.94159e-05 -3.94159e-05
-1.97181e-06 3.87861e-05 -3.87861e-05
-1.92989e-06 3.81663e-05 -3.81663e-05
-1.88886e-06 3.75565e-05 -3.75565e-05
-1.8487e-06 3.69564e-05 -3.69564e-05
-1.8094e-06 3.63659e-05 -3.63659e-05
-1.77093e-06 3.57848e-05 -3.57848e-05
-1.73327e-06 3.52129e-05 -3.52129e-05
-1.69642e-06 3.46502e-05 -3.46502e-05
-1.66035e-06 3.40965e-05 -3.40965e-05
-1.62505e-06 3.35517e-05 -3.35517e-05
-1.5905e-06 3.30155e-05 -3.30155e-05
-1.55668e-06 3.24879e-05 -3.24879e-05
-1.52358e-06 3.19687e-05 -3.19687e-05
-1.49119e-06 3.14578e-05 -3.14578e-05
-1.45948e-06 3.09551e-05 -3.09551e-05
-1.42845e-06 3.04604e-05 -3.04604e-05
-1.39808e-06 2.99736e-05 -2.99736e-05
-1.36835e-06 2.94946e-05 -2.94946e-05
-1.33925e-06 2.90232e-05 -2.90232e-05
-1.31078e-06 2.85593e-05 -2.85593e-05
-1.28291e-06 2.81029e-05 -2.81029e-05
-1.25563e-06 2.76537e-05 -2.76537e-05
-1.22893e-06 2.72118e-05 -2.72118e-05
-1.2028e-06 2.67768e-05 -2.67768e-05
-1.17722e-06 2.63489e-05 -2.63489e-05
-1.15219e-06 2.59277e-05 -2.59277e-05
-1.12769e-06 2.55133e-05 -2.55133e-05
-1.10371e-06 2.51055e-05 -2.51055e-05
-1.08024e-06 2.47043e-05 -2.47043e-05
-1.05727e-06 2.43094e-05 -2.43094e-05
-1.03479e-06 2.39208e-05 -2.39208e-05
-1.01278e-06 2.35385e-05 -2.35385e-05
-9.91245e-07 2.31622e-05 -2.31622e-05
-9.70166e-07 2.2792e-05 -2.2792e-05
-9.49535e-07 2.24277e-05 -2.24277e-05
-9.29343e-07 2.20692e-05 -2.20692e-05
-9.09581e-07 2.17164e-05 -2.17164e-05
-8.90238e-07 2.13692e-05 -2.13692e-05
-8.71307e-07 2.10277e-05 -2.10277e-05
-8.52778e-07 2.06915e-05 -2.06915e-05
-8.34643e-07 2.03607e-05 -2.03607e-05
-8.16894e-07 2.00353e-05 -2.00353e-05
-7.99522e-07 1.9715e-05 -1.9715e-05
-7.82519e-07 1.93998e-05 -1.93998e-05
-7.65878e-07 1.90897e-05 -1.90897e-05
-7.49591e-07 1.87845e-05 -1.87845e-05
-7.3365e-07 1.84842e-05 -1.84842e-05
-7.18047e-07 1.81887e-05 -1.81887e-05
-7.02777e-07 1.78979e-05 -1.78979e-05
-6.87831e-07 1.76118e-05 -1.76118e-05
-6.73204e-07 1.73303e-05 -1.73303e-05
-6.58887e-07 1.70532e-05 -1.70532e-05
-6.44874e-07 1.67806e-05 -1.67806e-05
-6.3116e-07 1.65123e-05 -1.65123e-05
-6.17737e-07 1.62483e-05 -1.62483e-05
-6.04599e-07 1.59885e-05 -1.59885e-05
-5.91741e-07 1.57329e-05 -1.57329e-05
-5.79156e-07 1.54814e-05 -1.54814e-05
-5.66839e-07 1.52338e-05 -1.52338e-05
-5.54784e-07 1.49903e-05 -1.49903e-05
-5.42985e-07 1.47506e-05 -1.47506e-05
-5.31437e-07 1.45148e-05 -1.45148e-05
-5.20135e-07 1.42827e-05 -1.42827e-05
-5.09072e-07 1.40543e-05 -1.40543e-05
-4.98245e-07 1.38296e-05 -1.38296e-05
-4.87649e-07 1.36085e-05 -1.36085e-05
-4.77277e-07 1.33909e-05 -1.33909e-05
-4.67127e-07 1.31768e-05 -1.31768e-05
-4.57192e-07 1.29661e-05 -1.29661e-05
-4.47468e-07 1.27588e-05 -1.27588e-05
-4.37951e-07 1.25548e-05 -1.25548e-05
-4.28636e-07 1.23541e-05 -1.23541e-05
-4.1952e-07 1.21565e-05 -1.21565e-05
-4.10597e-07 1.19621e-05 -1.19621e-05
-4.01865e-07 1.17709e-05 -1.17709e-05
-3.93317e-07 1.15827e-05 -1.15827e-05
-3.84952e-07 1.13974e-05 -1.13974e-05
-3.76764e-07 1.12152e-05 -1.12152e-05
-3.68751e-07 1.10359e-05 -1.10359e-05
-3.60908e-07 1.08594e-05 -1.08594e-05
-3.53232e-07 1.06858e-05 -1.06858e-05
-3.45719e-07 1.05149e-05 -1.05149e-05
-3.38366e-07 1.03467e-05 -1.03467e-05
-3.31169e-07 1.01813e-05 -1.01813e-05
-3.24125e-07 1.00185e-05 -1.00185e-05
-3.17231e-07 9.85828e-06 -9.85828e-06
-3.10484e-07 9.70064e-06 -9.70064e-06
-3.0388e-07 9.54551e-06 -9.54551e-06
-2.97417e-07 9.39287e-06 -9.39287e-06
-2.91091e-07 9.24266e-06 -9.24266e-06
-2.84899e-07 9.09486e-06 -9.09486e-06
-2.78839e-07 8.94942e-06 -8.94942e-06
-2.72908e-07 8.80631e-06 -8.80631e-06
-2.67104e-07 8.66548e-06 -8.66548e-06
-2.61422e-07 8.5269e-06 -8.5269e-06
-2.55862e-07 8.39054e-06 -8.39054e-06
-2.5042e-07 8.25636e-06 -8.25636e-06
-2.45093e-07 8.12433e-06 -8.12433e-06
-2.3988e-07 7.9944e-06 -7.9944e-06
