re im imneg
-5.13141 4.18817 -4.18817
-5.11046 4.13657 -4.13657
-5.08945 4.08534 -4.08534
-5.06837 4.03447 -4.03447
-5.04722 3.98396 -3.98396
-5.02602 3.93381 -3.93381
-5.00475 3.88403 -3.88403
-4.98342 3.8346 -3.8346
-4.96203 3.78553 -3.78553
-4.94058 3.73682 -3.73682
-4.91907 3.68847 -3.68847
-4.89751 3.64048 -3.64048
-4.8759 3.59284 -3.59284
-4.85423 3.54556 -3.54556
-4.8325 3.49863 -3.49863
-4.81073 3.45206 -3.45206
-4.7889 3.40584 -3.40584
-4.76703 3.35998 -3.35998
-4.74511 3.31447 -3.31447
-4.72314 3.26931 -3.26931
-4.70112 3.2245 -3.2245
-4.67907 3.18005 -3.18005
-4.65697 3.13594 -3.13594
-4.63483 3.09218 -3.09218
-4.61265 3.04877 -3.04877
-4.59043 3.00571 -3.00571
-4.56817 2.963 -2.963
-4.54588 2.92063 -2.92063
-4.52355 2.87861 -2.87861
-4.50119 2.83693 -2.83693
-4.47879 2.7956 -2.7956
-4.45637 2.75461 -2.75461
-4.43392 2.71396 -2.71396
-4.41144 2.67366 -2.67366
-4.38893 2.63369 -2.63369
-4.3664 2.59407 -2.59407
-4.34385 2.55478 -2.55478
-4.32127 2.51583 -2.51583
-4.29867 2.47722 -2.47722
-4.27606 2.43895 -2.43895
-4.25342 2.40101 -2.40101
-4.23077 2.36341 -2.36341
-4.2081 2.32613 -2.32613
-4.18543 2.28919 -2.28919
-4.16273 2.25259 -2.25259
-4.14003 2.21631 -2.21631
-4.11732 2.18036 -2.18036
-4.0946 2.14474 -2.14474
-4.07188 2.10945 -2.10945
-4.04915 2.07449 -2.07449
-4.02642 2.03985 -2.03985
-4.00369 2.00553 -2.00553
-3.98095 1.97154 -1.97154
-3.95822 1.93787 -1.93787
-3.93549 1.90452 -1.90452
-3.91276 1.87149 -1.87149
-3.89004 1.83878 -1.83878
-3.86733 1.80639 -1.80639
-3.84463 1.77431 -1.77431
-3.82193 1.74255 -1.74255
-3.79925 1.71111 -1.71111
-3.77658 1.67997 -1.67997
-3.75392 1.64915 -1.64915
-3.73128 1.61863 -1.61863
-3.70866 1.58843 -1.58843
-3.68606 1.55853 -1.55853
-3.66347 1.52894 -1.52894
-3.64091 1.49966 -1.49966
-3.61837 1.47068 -1.47068
-3.59586 1.442 -1.442
-3.57337 1.41362 -1.41362
-3.55091 1.38554 -1.38554
-3.52848 1.35776 -1.35776
-3.50607 1.33028 -1.33028
-3.4837 1.30309 -1.30309
-3.46136 1.2762 -1.2762
-3.43906 1.2496 -1.2496
-3.41679 1.22329 -1.22329
-3.39456 1.19727 -1.19727
-3.37236 1.17154 -1.17154
-3.35021 1.14609 -1.14609
-3.3281 1.12093 -1.12093
-3.30602 1.09606 -1.09606
-3.284 1.07147 -1.07147
-3.26201 1.04715 -1.04715
-3.24008 1.02312 -1.02312
-3.21819 0.999363 -0.999363
-3.19635 0.975883 -0.975883
-3.17455 0.952678 -0.952678
-3.15281 0.929745 -0.929745
-3.13113 0.907084 -0.907084
-3.10949 0.884692 -0.884692
-3.08791 0.862568 -0.862568
-3.06639 0.840711 -0.840711
-3.04492 0.819118 -0.819118
-3.02351 0.797789 -0.797789
-3.00216 0.776721 -0.776721
-2.98088 0.755913 -0.755913
-2.95965 0.735363 -0.735363
-2.93848 0.715069 -0.715069
-2.91738 0.69503 -0.69503
-2.89635 0.675244 -0.675244
-2.87538 0.655709 -0.655709
-2.85447 0.636424 -0.636424
-2.83364 0.617386 -0.617386
-2.81287 0.598595 -0.598595
-2.79217 0.580048 -0.580048
-2.77155 0.561744 -0.561744
-2.751 0.543681 -0.543681
-2.73051 0.525856 -0.525856
-2.71011 0.508269 -0.508269
-2.68978 0.490918 -0.490918
-2.66952 0.473801 -0.473801
-2.64934 0.456915 -0.456915
-2.62923 0.44026 -0.44026
-2.60921 0.423833 -0.423833
-2.58926 0.407633 -0.407633
-2.5694 0.391658 -0.391658
-2.54961 0.375906 -0.375906
-2.52991 0.360376 -0.360376
-2.51029 0.345064 -0.345064
-2.49075 0.329971 -0.329971
-2.47129 0.315093 -0.315093
-2.45192 0.30043 -0.30043
-2.43263 0.285979 -0.285979
-2.41343 0.271738 -0.271738
-2.39432 0.257706 -0.257706
-2.37529 0.243881 -0.243881
-2.35635 0.230261 -0.230261
-2.3375 0.216844 -0.216844
-2.31874 0.203629 -0.203629
-2.30007 0.190613 -0.190613
-2.28148 0.177795 -0.177795
-2.26299 0.165173 -0.165173
-2.24459 0.152746 -0.152746
-2.22628 0.14051 -0.14051
-2.20806 0.128466 -0.128466
-2.18994 0.11661 -0.11661
-2.17191 0.104941 -0.104941
-2.15397 0.0934576 -0.0934576
-2.13612 0.0821574 -0.0821574
-2.11837 0.071039 -0.071039
-2.10071 0.0601004 -0.0601004
-2.08315 0.0493399 -0.0493399
-2.06569 0.0387557 -0.0387557
-2.04832 0.0283461 -0.0283461
-2.03104 0.0181093 -0.0181093
-2.01387 0.00804346 -0.00804346
-1.99679 -0.00185308 0.00185308
-1.9798 -0.0115821 0.0115821
-1.96292 -0.0211454 0.0211454
-1.94613 -0.0305446 0.0305446
-1.92944 -0.0397815 0.0397815
-1.91284 -0.0488579 0.0488579
-1.89635 -0.0577753 0.0577753
-1.87995 -0.0665357 0.0665357
-1.86365 -0.0751406 0.0751406
-1.84745 -0.0835918 0.0835918
-1.83135 -0.091891 0.091891
-1.81535 -0.10004 0.10004
-1.79945 -0.10804 0.10804
-1.78364 -0.115893 0.115893
-1.76794 -0.123601 0.123601
-1.75233 -0.131165 0.131165
-1.73683 -0.138587 0.138587
-1.72142 -0.145869 0.145869
-1.70611 -0.153012 0.153012
-1.6909 -0.160018 0.160018
-1.6758 -0.166888 0.166888
-1.66079 -0.173624 0.173624
-1.64588 -0.180229 0.180229
-1.63107 -0.186702 0.186702
-1.61636 -0.193046 0.193046
-1.60175 -0.199263 0.199263
-1.58723 -0.205353 0.205353
-1.57282 -0.211319 0.211319
-1.55851 -0.217162 0.217162
-1.54429 -0.222884 0.222884
-1.53018 -0.228486 0.228486
-1.51616 -0.233969 0.233969
-1.50224 -0.239336 0.239336
-1.48842 -0.244587 0.244587
-1.4747 -0.249724 0.249724
-1.46107 -0.254748 0.254748
-1.44755 -0.259662 0.259662
-1.43412 -0.264466 0.264466
-1.42079 -0.269162 0.269162
-1.40756 -0.273751 0.273751
-1.39442 -0.278235 0.278235
-1.38138 -0.282615 0.282615
-1.36844 -0.286893 0.286893
-1.35559 -0.29107 0.29107
-1.34284 -0.295146 0.295146
-1.33019 -0.299125 0.299125
-1.31763 -0.303006 0.303006
-1.30517 -0.306791 0.306791
-1.2928 -0.310483 0.310483
-1.28053 -0.314081 0.314081
-1.26835 -0.317587 0.317587
-1.25626 -0.321003 0.321003
-1.24427 -0.32433 0.32433
-1.23238 -0.327569 0.327569
-1.22057 -0.330721 0.330721
-1.20886 -0.333787 0.333787
-1.19724 -0.33677 0.33677
-1.18572 -0.339669 0.339669
-1.17428 -0.342487 0.342487
-1.16294 -0.345224 0.345224
-1.15169 -0.347882 0.347882
-1.14052 -0.350461 0.350461
-1.12945 -0.352964 0.352964
-1.11847 -0.355391 0.355391
-1.10758 -0.357743 0.357743
-1.09678 -0.360021 0.360021
-1.08607 -0.362227 0.362227
-1.07544 -0.364361 0.364361
-1.0649 -0.366425 0.366425
-1.05445 -0.36842 0.36842
-1.04409 -0.370347 0.370347
-1.03381 -0.372207 0.372207
-1.02362 -0.374001 0.374001
-1.01352 -0.375729 0.375729
-1.0035 -0.377394 0.377394
-0.993569 -0.378996 0.378996
-0.98372 -0.380536 0.380536
-0.973955 -0.382015 0.382015
-0.964273 -0.383434 0.383434
-0.954675 -0.384794 0.384794
-0.94516 -0.386096 0.386096
-0.935726 -0.387341 0.387341
-0.926375 -0.38853 0.38853
-0.917105 -0.389664 0.389664
-0.907915 -0.390744 0.390744
-0.898807 -0.39177 0.39177
-0.889778 -0.392744 0.392744
-0.880828 -0.393666 0.393666
-0.871957 -0.394537 0.394537
-0.863165 -0.395359 0.395359
-0.854451 -0.396132 0.396132
-0.845815 -0.396856 0.396856
-0.837255 -0.397533 0.397533
-0.828773 -0.398164 0.398164
-0.820366 -0.398749 0.398749
-0.812035 -0.39929 0.39929
-0.803779 -0.399786 0.399786
-0.795597 -0.400239 0.400239
-0.78749 -0.40065 0.40065
-0.779457 -0.401018 0.401018
-0.771496 -0.401346 0.401346
-0.763609 -0.401634 0.401634
-0.755793 -0.401882 0.401882
-0.74805 -0.402092 0.402092
-0.740377 -0.402263 0.402263
-0.732776 -0.402397 0.402397
-0.725244 -0.402494 0.402494
-0.717782 -0.402556 0.402556
-0.71039 -0.402582 0.402582
-0.703066 -0.402574 0.402574
-0.695811 -0.402532 0.402532
-0.688623 -0.402456 0.402456
-0.681503 -0.402348 0.402348
-0.67445 -0.402208 0.402208
-0.667463 -0.402037 0.402037
-0.660542 -0.401835 0.401835
-0.653686 -0.401602 0.401602
-0.646895 -0.401341 0.401341
-0.640168 -0.40105 0.40105
-0.633506 -0.400731 0.400731
-0.626907 -0.400384 0.400384
-0.62037 -0.40001 0.40001
-0.613897 -0.399609 0.399609
-0.607485 -0.399183 0.399183
-0.601135 -0.39873 0.39873
-0.594845 -0.398253 0.398253
-0.588617 -0.397751 0.397751
-0.582448 -0.397226 0.397226
-0.576339 -0.396677 0.396677
-0.570289 -0.396105 0.396105
-0.564298 -0.39551 0.39551
-0.558365 -0.394894 0.394894
-0.55249 -0.394256 0.394256
-0.546672 -0.393597 0.393597
-0.540911 -0.392918 0.392918
-0.535207 -0.392219 0.392219
-0.529558 -0.3915 0.3915
-0.523964 -0.390762 0.390762
-0.518426 -0.390005 0.390005
-0.512942 -0.38923 0.38923
-0.507512 -0.388437 0.388437
-0.502136 -0.387627 0.387627
-0.496813 -0.3868 0.3868
-0.491543 -0.385956 0.385956
-0.486325 -0.385097 0.385097
-0.481159 -0.384221 0.384221
-0.476044 -0.38333 0.38333
-0.47098 -0.382424 0.382424
-0.465967 -0.381503 0.381503
-0.461004 -0.380569 0.380569
-0.45609 -0.37962 0.37962
-0.451226 -0.378658 0.378658
-0.446411 -0.377682 0.377682
-0.441643 -0.376694 0.376694
-0.436924 -0.375694 0.375694
-0.432253 -0.374681 0.374681
-0.427628 -0.373656 0.373656
-0.423051 -0.37262 0.37262
-0.418519 -0.371573 0.371573
-0.414034 -0.370515 0.370515
-0.409594 -0.369447 0.369447
-0.405199 -0.368368 0.368368
-0.400848 -0.36728 0.36728
-0.396542 -0.366182 0.366182
-0.39228 -0.365074 0.365074
-0.388061 -0.363958 0.363958
-0.383886 -0.362833 0.362833
-0.379753 -0.361699 0.361699
-0.375662 -0.360557 0.360557
-0.371613 -0.359407 0.359407
-0.367606 -0.35825 0.35825
-0.36364 -0.357085 0.357085
-0.359715 -0.355913 0.355913
-0.35583 -0.354734 0.354734
-0.351985 -0.353548 0.353548
-0.34818 -0.352356 0.352356
-0.344414 -0.351158 0.351158
-0.340687 -0.349954 0.349954
-0.336998 -0.348744 0.348744
-0.333348 -0.347529 0.347529
-0.329736 -0.346308 0.346308
-0.326161 -0.345083 0.345083
-0.322623 -0.343852 0.343852
-0.319122 -0.342617 0.342617
-0.315657 -0.341378 0.341378
-0.312229 -0.340134 0.340134
-0.308836 -0.338886 0.338886
-0.305479 -0.337634 0.337634
-0.302156 -0.336379 0.336379
-0.298869 -0.33512 0.33512
-0.295616 -0.333858 0.333858
-0.292396 -0.332593 0.332593
-0.289211 -0.331325 0.331325
-0.286059 -0.330054 0.330054
-0.28294 -0.328781 0.328781
-0.279854 -0.327505 0.327505
-0.2768 -0.326227 0.326227
-0.273779 -0.324947 0.324947
-0.270789 -0.323665 0.323665
-0.267831 -0.322381 0.322381
-0.264904 -0.321096 0.321096
-0.262008 -0.319809 0.319809
-0.259143 -0.318521 0.318521
-0.256307 -0.317232 0.317232
-0.253502 -0.315941 0.315941
-0.250727 -0.31465 0.31465
-0.247981 -0.313358 0.313358
-0.245264 -0.312065 0.312065
-0.242576 -0.310772 0.310772
-0.239916 -0.309478 0.309478
-0.237285 -0.308184 0.308184
-0.234682 -0.30689 0.30689
-0.232106 -0.305596 0.305596
-0.229558 -0.304302 0.304302
-0.227037 -0.303008 0.303008
-0.224543 -0.301715 0.301715
-0.222076 -0.300422 0.300422
-0.219634 -0.29913 0.29913
-0.217219 -0.297838 0.297838
-0.21483 -0.296547 0.296547
-0.212467 -0.295257 0.295257
-0.210128 -0.293967 0.293967
-0.207815 -0.292679 0.292679
-0.205526 -0.291392 0.291392
-0.203262 -0.290106 0.290106
-0.201023 -0.288821 0.288821
-0.198807 -0.287538 0.287538
-0.196615 -0.286257 0.286257
-0.194447 -0.284976 0.284976
-0.192302 -0.283698 0.283698
-0.19018 -0.282421 0.282421
-0.188081 -0.281146 0.281146
-0.186005 -0.279873 0.279873
-0.183951 -0.278602 0.278602
-0.181919 -0.277333 0.277333
-0.179909 -0.276066 0.276066
-0.177921 -0.274802 0.274802
-0.175954 -0.273539 0.273539
-0.174009 -0.272279 0.272279
-0.172084 -0.271021 0.271021
-0.170181 -0.269766 0.269766
-0.168297 -0.268513 0.268513
-0.166435 -0.267263 0.267263
-0.164592 -0.266015 0.266015
-0.16277 -0.26477 0.26477
-0.160967 -0.263528 0.263528
-0.159184 -0.262289 0.262289
-0.15742 -0.261052 0.261052
-0.155676 -0.259818 0.259818
-0.15395 -0.258588 0.258588
-0.152243 -0.25736 0.25736
-0.150555 -0.256135 0.256135
-0.148885 -0.254913 0.254913
-0.147233 -0.253695 0.253695
-0.145599 -0.25248 0.25248
-0.143983 -0.251268 0.251268
-0.142385 -0.250059 0.250059
-0.140804 -0.248853 0.248853
-0.13924 -0.247651 0.247651
-0.137693 -0.246452 0.246452
-0.136163 -0.245257 0.245257
-0.13465 -0.244065 0.244065
-0.133154 -0.242876 0.242876
-0.131673 -0.241691 0.241691
-0.130209 -0.24051 0.24051
-0.128761 -0.239332 0.239332
-0.127329 -0.238158 0.238158
-0.125913 -0.236987 0.236987
-0.124512 -0.23582 0.23582
-0.123126 -0.234657 0.234657
-0.121756 -0.233497 0.233497
-0.1204 -0.232341 0.232341
-0.11906 -0.23119 0.23119
-0.117734 -0.230041 0.230041
-0.116422 -0.228897 0.228897
-0.115125 -0.227756 0.227756
-0.113843 -0.22662 0.22662
-0.112574 -0.225487 0.225487
-0.111319 -0.224358 0.224358
-0.110078 -0.223233 0.223233
-0.108851 -0.222112 0.222112
-0.107637 -0.220995 0.220995
-0.106437 -0.219882 0.219882
-0.10525 -0.218773 0.218773
-0.104076 -0.217668 0.217668
-0.102915 -0.216567 0.216567
-0.101766 -0.21547 0.21547
-0.10063 -0.214377 0.214377
-0.0995072 -0.213288 0.213288
-0.0983963 -0.212203 0.212203
-0.0972977 -0.211122 0.211122
-0.0962112 -0.210046 0.210046
-0.0951367 -0.208973 0.208973
-0.094074 -0.207905 0.207905
-0.0930231 -0.206841 0.206841
-0.0919838 -0.20578 0.20578
-0.090956 -0.204724 0.204724
-0.0899395 -0.203672 0.203672
-0.0889342 -0.202625 0.202625
-0.0879401 -0.201581 0.201581
-0.0869569 -0.200542 0.200542
-0.0859846 -0.199507 0.199507
-0.0850231 -0.198476 0.198476
-0.0840722 -0.197449 0.197449
-0.0831319 -0.196426 0.196426
-0.0822019 -0.195408 0.195408
-0.0812823 -0.194393 0.194393
-0.0803728 -0.193383 0.193383
-0.0794734 -0.192377 0.192377
-0.0785839 -0.191376 0.191376
-0.0777044 -0.190378 0.190378
-0.0768345 -0.189385 0.189385
-0.0759744 -0.188396 0.188396
-0.0751237 -0.187411 0.187411
-0.0742825 -0.18643 0.18643
-0.0734506 -0.185454 0.185454
-0.072628 -0.184482 0.184482
-0.0718144 -0.183513 0.183513
-0.07101 -0.18255 0.18255
-0.0702144 -0.18159 0.18159
-0.0694277 -0.180634 0.180634
-0.0686497 -0.179683 0.179683
-0.0678804 -0.178736 0.178736
-0.0671196 -0.177793 0.177793
-0.0663672 -0.176854 0.176854
-0.0656233 -0.175919 0.175919
-0.0648876 -0.174989 0.174989
-0.06416 -0.174063 0.174063
-0.0634406 -0.17314 0.17314
-0.0627292 -0.172222 0.172222
-0.0620257 -0.171309 0.171309
-0.06133 -0.170399 0.170399
-0.0606421 -0.169493 0.169493
-0.0599618 -0.168592 0.168592
-0.0592891 -0.167694 0.167694
-0.0586239 -0.166801 0.166801
-0.0579661 -0.165912 0.165912
-0.0573156 -0.165027 0.165027
-0.0566724 -0.164146 0.164146
-0.0560363 -0.163269 0.163269
-0.0554073 -0.162396 0.162396
-0.0547854 -0.161528 0.161528
-0.0541704 -0.160663 0.160663
-0.0535622 -0.159802 0.159802
-0.0529608 -0.158946 0.158946
-0.0523661 -0.158093 0.158093
-0.0517781 -0.157245 0.157245
-0.0511966 -0.1564 0.1564
-0.0506216 -0.15556 0.15556
-0.050053 -0.154723 0.154723
-0.0494908 -0.153891 0.153891
-0.0489348 -0.153062 0.153062
-0.0483851 -0.152238 0.152238
-0.0478415 -0.151417 0.151417
-0.0473039 -0.1506 0.1506
-0.0467724 -0.149788 0.149788
-0.0462468 -0.148979 0.148979
-0.0457271 -0.148174 0.148174
-0.0452132 -0.147373 0.147373
-0.044705 -0.146576 0.146576
-0.0442025 -0.145783 0.145783
-0.0437056 -0.144993 0.144993
-0.0432143 -0.144208 0.144208
-0.0427285 -0.143426 0.143426
-0.0422481 -0.142648 0.142648
-0.0417731 -0.141874 0.141874
-0.0413034 -0.141104 0.141104
-0.0408389 -0.140337 0.140337
-0.0403796 -0.139575 0.139575
-0.0399255 -0.138816 0.138816
-0.0394765 -0.138061 0.138061
-0.0390325 -0.137309 0.137309
-0.0385934 -0.136562 0.136562
-0.0381593 -0.135818 0.135818
-0.03773 -0.135078 0.135078
-0.0373056 -0.134341 0.134341
-0.0368859 -0.133609 0.133609
-0.0364709 -0.132879 0.132879
-0.0360605 -0.132154 0.132154
-0.0356547 -0.131432 0.131432
-0.0352535 -0.130714 0.130714
-0.0348568 -0.129999 0.129999
-0.0344645 -0.129288 0.129288
-0.0340767 -0.128581 0.128581
-0.0336931 -0.127877 0.127877
-0.0333139 -0.127177 0.127177
-0.0329389 -0.12648 0.12648
-0.0325681 -0.125787 0.125787
-0.0322015 -0.125098 0.125098
-0.031839 -0.124412 0.124412
-0.0314805 -0.123729 0.123729
-0.0311261 -0.12305 0.12305
-0.0307757 -0.122374 0.122374
-0.0304291 -0.121702 0.121702
-0.0300865 -0.121034 0.121034
-0.0297477 -0.120368 0.120368
-0.0294127 -0.119707 0.119707
-0.0290815 -0.119048 0.119048
-0.028754 -0.118393 0.118393
-0.0284301 -0.117742 0.117742
-0.0281099 -0.117093 0.117093
-0.0277933 -0.116448 0.116448
-0.0274802 -0.115807 0.115807
-0.0271707 -0.115168 0.115168
-0.0268646 -0.114534 0.114534
-0.026562 -0.113902 0.113902
-0.0262628 -0.113274 0.113274
-0.0259669 -0.112648 0.112648
-0.0256743 -0.112027 0.112027
-0.0253851 -0.111408 0.111408
-0.025099 -0.110793 0.110793
-0.0248162 -0.110181 0.110181
-0.0245366 -0.109572 0.109572
-0.0242601 -0.108966 0.108966
-0.0239867 -0.108363 0.108363
-0.0237164 -0.107764 0.107764
-0.0234492 -0.107168 0.107168
-0.0231849 -0.106575 0.106575
-0.0229236 -0.105985 0.105985
-0.0226652 -0.105398 0.105398
-0.0224098 -0.104814 0.104814
-0.0221572 -0.104233 0.104233
-0.0219074 -0.103656 0.103656
-0.0216605 -0.103081 0.103081
-0.0214163 -0.102509 0.102509
-0.0211749 -0.101941 0.101941
-0.0209362 -0.101375 0.101375
-0.0207002 -0.100813 0.100813
-0.0204668 -0.100253 0.100253
-0.0202361 -0.0996969 0.0996969
-0.0200079 -0.0991433 0.0991433
-0.0197823 -0.0985926 0.0985926
-0.0195593 -0.0980449 0.0980449
-0.0193388 -0.0975001 0.0975001
-0.0191207 -0.0969582 0.0969582
-0.0189051 -0.0964192 0.0964192
-0.0186919 -0.0958831 0.0958831
-0.0184811 -0.0953498 0.0953498
-0.0182727 -0.0948194 0.0948194
-0.0180667 -0.0942918 0.0942918
-0.0178629 -0.0937671 0.0937671
-0.0176615 -0.0932451 0.0932451
-0.0174623 -0.092726 0.092726
-0.0172653 -0.0922096 0.0922096
-0.0170706 -0.091696 0.091696
-0.0168781 -0.0911852 0.0911852
-0.0166877 -0.0906771 0.0906771
-0.0164995 -0.0901718 0.0901718
-0.0163134 -0.0896692 0.0896692
-0.0161294 -0.0891693 0.0891693
-0.0159474 -0.088672 0.088672
-0.0157675 -0.0881775 0.0881775
-0.0155897 -0.0876856 0.0876856
-0.0154138 -0.0871964 0.0871964
-0.0152399 -0.0867098 0.0867098
-0.015068 -0.0862259 0.0862259
-0.014898 -0.0857445 0.0857445
-0.0147299 -0.0852658 0.0852658
-0.0145637 -0.0847897 0.0847897
-0.0143994 -0.0843161 0.0843161
-0.014237 -0.0838451 0.0838451
-0.0140763 -0.0833767 0.0833767
-0.0139175 -0.0829108 0.0829108
-0.0137605 -0.0824474 0.0824474
-0.0136052 -0.0819866 0.0819866
-0.0134517 -0.0815282 0.0815282
-0.0132999 -0.0810724 0.0810724
-0.0131498 -0.080619 0.080619
-0.0130014 -0.0801681 0.0801681
-0.0128547 -0.0797196 0.0797196
-0.0127097 -0.0792736 0.0792736
-0.0125662 -0.07883 0.07883
-0.0124244 -0.0783888 0.0783888
-0.0122842 -0.0779501 0.0779501
-0.0121456 -0.0775137 0.0775137
-0.0120085 -0.0770797 0.0770797
-0.011873 -0.0766481 0.0766481
-0.011739 -0.0762189 0.0762189
-0.0116065 -0.075792 0.075792
-0.0114755 -0.0753674 0.0753674
-0.011346 -0.0749451 0.0749451
-0.0112179 -0.0745252 0.0745252
-0.0110913 -0.0741075 0.0741075
-0.0109661 -0.0736922 0.0736922
-0.0108423 -0.0732791 0.0732791
-0.01072 -0.0728683 0.0728683
-0.0105989 -0.0724597 0.0724597
-0.0104793 -0.0720534 0.0720534
-0.010361 -0.0716493 0.0716493
-0.0102441 -0.0712474 0.0712474
-0.0101284 -0.0708477 0.0708477
-0.0100141 -0.0704503 0.0704503
-0.00990104 -0.070055 0.070055
-0.00978927 -0.0696619 0.0696619
-0.00967876 -0.0692709 0.0692709
-0.0095695 -0.0688821 0.0688821
-0.00946146 -0.0684954 0.0684954
-0.00935465 -0.0681109 0.0681109
-0.00924904 -0.0677285 0.0677285
-0.00914462 -0.0673482 0.0673482
-0.00904138 -0.06697 0.06697
-0.0089393 -0.0665938 0.0665938
-0.00883837 -0.0662198 0.0662198
-0.00873859 -0.0658478 0.0658478
-0.00863992 -0.0654779 0.0654779
-0.00854238 -0.06511 0.06511
-0.00844593 -0.0647441 0.0647441
-0.00835056 -0.0643802 0.0643802
-0.00825628 -0.0640184 0.0640184
-0.00816306 -0.0636586 0.0636586
-0.00807088 -0.0633007 0.0633007
-0.00797975 -0.0629448 0.0629448
-0.00788965 -0.0625909 0.0625909
-0.00780056 -0.062239 0.062239
-0.00771248 -0.061889 0.061889
-0.00762539 -0.0615409 0.0615409
-0.00753929 -0.0611948 0.0611948
-0.00745415 -0.0608506 0.0608506
-0.00736998 -0.0605083 0.0605083
-0.00728675 -0.0601679 0.0601679
-0.00720447 -0.0598294 0.0598294
-0.00712311 -0.0594927 0.0594927
-0.00704267 -0.0591579 0.0591579
-0.00696314 -0.058825 0.058825
-0.00688451 -0.0584939 0.0584939
-0.00680676 -0.0581647 0.0581647
-0.00672989 -0.0578373 0.0578373
-0.00665389 -0.0575117 0.0575117
-0.00657874 -0.0571879 0.0571879
-0.00650445 -0.0568659 0.0568659
-0.00643099 -0.0565457 0.0565457
-0.00635836 -0.0562273 0.0562273
-0.00628655 -0.0559107 0.0559107
-0.00621555 -0.0555958 0.0555958
-0.00614535 -0.0552826 0.0552826
-0.00607595 -0.0549712 0.0549712
-0.00600732 -0.0546616 0.0546616
-0.00593948 -0.0543536 0.0543536
-0.00587239 -0.0540474 0.0540474
-0.00580607 -0.0537429 0.0537429
-0.00574049 -0.0534401 0.0534401
-0.00567565 -0.0531389 0.0531389
-0.00561155 -0.0528395 0.0528395
-0.00554817 -0.0525417 0.0525417
-0.0054855 -0.0522456 0.0522456
-0.00542354 -0.0519511 0.0519511
-0.00536228 -0.0516582 0.0516582
-0.00530172 -0.051367 0.051367
-0.00524183 -0.0510774 0.0510774
-0.00518262 -0.0507895 0.0507895
-0.00512408 -0.0505031 0.0505031
-0.00506621 -0.0502184 0.0502184
-0.00500898 -0.0499352 0.0499352
-0.0049524 -0.0496536 0.0496536
-0.00489646 -0.0493736 0.0493736
-0.00484115 -0.0490951 0.0490951
-0.00478646 -0.0488182 0.0488182
-0.0047324 -0.0485428 0.0485428
-0.00467894 -0.048269 0.048269
-0.00462609 -0.0479967 0.0479967
-0.00457383 -0.047726 0.047726
-0.00452216 -0.0474567 0.0474567
-0.00447108 -0.047189 0.047189
-0.00442057 -0.0469227 0.0469227
-0.00437063 -0.046658 0.046658
-0.00432126 -0.0463947 0.0463947
-0.00427245 -0.0461329 0.0461329
-0.00422418 -0.0458725 0.0458725
-0.00417646 -0.0456136 0.0456136
-0.00412928 -0.0453562 0.0453562
-0.00408263 -0.0451002 0.0451002
-0.00403651 -0.0448456 0.0448456
-0.00399091 -0.0445925 0.0445925
-0.00394583 -0.0443408 0.0443408
-0.00390125 -0.0440905 0.0440905
-0.00385718 -0.0438416 0.0438416
-0.0038136 -0.0435941 0.0435941
-0.00377052 -0.0433479 0.0433479
-0.00372792 -0.0431032 0.0431032
-0.0036858 -0.0428598 0.0428598
-0.00364416 -0.0426178 0.0426178
-0.00360299 -0.0423771 0.0423771
-0.00356229 -0.0421378 0.0421378
-0.00352204 -0.0418999 0.0418999
-0.00348225 -0.0416632 0.0416632
-0.00344291 -0.0414279 0.0414279
-0.00340401 -0.0411939 0.0411939
-0.00336555 -0.0409613 0.0409613
-0.00332753 -0.0407299 0.0407299
-0.00328994 -0.0404998 0.0404998
-0.00325277 -0.040271 0.040271
-0.00321602 -0.0400435 0.0400435
-0.00317968 -0.0398173 0.0398173
-0.00314376 -0.0395924 0.0395924
-0.00310824 -0.0393687 0.0393687
-0.00307312 -0.0391463 0.0391463
-0.0030384 -0.0389251 0.0389251
-0.00300407 -0.0387052 0.0387052
-0.00297013 -0.0384864 0.0384864
-0.00293657 -0.038269 0.038269
-0.00290339 -0.0380527 0.0380527
-0.00287059 -0.0378377 0.0378377
-0.00283815 -0.0376239 0.0376239
-0.00280609 -0.0374112 0.0374112
-0.00277438 -0.0371998 0.0371998
-0.00274303 -0.0369895 0.0369895
-0.00271204 -0.0367805 0.0367805
-0.0026814 -0.0365726 0.0365726
-0.0026511 -0.0363659 0.0363659
-0.00262115 -0.0361603 0.0361603
-0.00259153 -0.0359559 0.0359559
-0.00256225 -0.0357527 0.0357527
-0.0025333 -0.0355506 0.0355506
-0.00250467 -0.0353496 0.0353496
-0.00247637 -0.0351497 0.0351497
-0.00244839 -0.034951 0.034951
-0.00242073 -0.0347534 0.0347534
-0.00239337 -0.0345569 0.0345569
-0.00236633 -0.0343616 0.0343616
-0.00233959 -0.0341673 0.0341673
-0.00231316 -0.0339741 0.0339741
-0.00228702 -0.033782 0.033782
-0.00226118 -0.033591 0.033591
-0.00223563 -0.033401 0.033401
-0.00221037 -0.0332121 0.0332121
-0.00218539 -0.0330243 0.0330243
-0.0021607 -0.0328376 0.0328376
-0.00213628 -0.0326519 0.0326519
-0.00211214 -0.0324672 0.0324672
-0.00208828 -0.0322836 0.0322836
-0.00206468 -0.032101 0.032101
-0.00204135 -0.0319195 0.0319195
-0.00201828 -0.0317389 0.0317389
-0.00199548 -0.0315594 0.0315594
-0.00197293 -0.0313809 0.0313809
-0.00195063 -0.0312034 0.0312034
-0.00192859 -0.0310269 0.0310269
-0.0019068 -0.0308514 0.0308514
-0.00188525 -0.0306769 0.0306769
-0.00186395 -0.0305033 0.0305033
-0.00184289 -0.0303308 0.0303308
-0.00182206 -0.0301592 0.0301592
-0.00180147 -0.0299886 0.0299886
-0.00178111 -0.0298189 0.0298189
-0.00176099 -0.0296502 0.0296502
-0.00174109 -0.0294825 0.0294825
-0.00172141 -0.0293157 0.0293157
-0.00170196 -0.0291498 0.0291498
-0.00168273 -0.0289849 0.0289849
-0.00166371 -0.0288209 0.0288209
-0.00164491 -0.0286579 0.0286579
-0.00162632 -0.0284957 0.0284957
-0.00160795 -0.0283345 0.0283345
-0.00158978 -0.0281741 0.0281741
-0.00157181 -0.0280147 0.0280147
-0.00155405 -0.0278562 0.0278562
-0.00153649 -0.0276986 0.0276986
-0.00151912 -0.0275418 0.0275418
-0.00150196 -0.027386 0.027386
-0.00148498 -0.027231 0.027231
-0.0014682 -0.0270769 0.0270769
-0.00145161 -0.0269237 0.0269237
-0.00143521 -0.0267713 0.0267713
-0.00141899 -0.0266198 0.0266198
-0.00140295 -0.0264691 0.0264691
-0.0013871 -0.0263193 0.0263193
-0.00137142 -0.0261704 0.0261704
-0.00135593 -0.0260223 0.0260223
-0.0013406 -0.025875 0.025875
-0.00132545 -0.0257285 0.0257285
-0.00131047 -0.0255829 0.0255829
-0.00129566 -0.0254381 0.0254381
-0.00128102 -0.0252941 0.0252941
-0.00126655 -0.025151 0.025151
-0.00125223 -0.0250086 0.0250086
-0.00123808 -0.0248671 0.0248671
-0.00122409 -0.0247263 0.0247263
-0.00121026 -0.0245863 0.0245863
-0.00119658 -0.0244472 0.0244472
-0.00118306 -0.0243088 0.0243088
-0.00116969 -0.0241712 0.0241712
-0.00115647 -0.0240343 0.0240343
-0.0011434 -0.0238983 0.0238983
-0.00113048 -0.023763 0.023763
-0.0011177 -0.0236285 0.0236285
-0.00110507 -0.0234947 0.0234947
-0.00109258 -0.0233617 0.0233617
-0.00108024 -0.0232294 0.0232294
-0.00106803 -0.0230979 0.0230979
-0.00105596 -0.0229672 0.0229672
-0.00104402 -0.0228371 0.0228371
-0.00103223 -0.0227079 0.0227079
-0.00102056 -0.0225793 0.0225793
-0.00100903 -0.0224515 0.0224515
-0.000997623 -0.0223243 0.0223243
-0.000986349 -0.0221979 0.0221979
-0.000975202 -0.0220723 0.0220723
-0.000964181 -0.0219473 0.0219473
-0.000953284 -0.021823 0.021823
-0.000942511 -0.0216995 0.0216995
-0.000931859 -0.0215766 0.0215766
-0.000921328 -0.0214544 0.0214544
-0.000910916 -0.021333 0.021333
-0.000900621 -0.0212122 0.0212122
-0.000890443 -0.021092 0.021092
-0.00088038 -0.0209726 0.0209726
-0.00087043 -0.0208539 0.0208539
-0.000860593 -0.0207358 0.0207358
-0.000850867 -0.0206184 0.0206184
-0.000841251 -0.0205016 0.0205016
-0.000831744 -0.0203855 0.0203855
-0.000822344 -0.0202701 0.0202701
-0.00081305 -0.0201553 0.0201553
-0.000803861 -0.0200412 0.0200412
-0.000794776 -0.0199277 0.0199277
-0.000785794 -0.0198148 0.0198148
-0.000776914 -0.0197026 0.0197026
-0.000768133 -0.019591 0.019591
-0.000759452 -0.0194801 0.0194801
-0.000750869 -0.0193698 0.0193698
-0.000742383 -0.0192601 0.0192601
-0.000733993 -0.019151 0.019151
-0.000725698 -0.0190425 0.0190425
-0.000717496 -0.0189347 0.0189347
-0.000709387 -0.0188275 0.0188275
-0.00070137 -0.0187208 0.0187208
-0.000693443 -0.0186148 0.0186148
-0.000685606 -0.0185094 0.0185094
-0.000677858 -0.0184046 0.0184046
-0.000670197 -0.0183003 0.0183003
-0.000662622 -0.0181967 0.0181967
-0.000655134 -0.0180936 0.0180936
-0.00064773 -0.0179911 0.0179911
-0.000640409 -0.0178892 0.0178892
-0.000633171 -0.0177879 0.0177879
-0.000626015 -0.0176872 0.0176872
-0.00061894 -0.017587 0.017587
-0.000611945 -0.0174874 0.0174874
-0.000605029 -0.0173883 0.0173883
-0.000598191 -0.0172899 0.0172899
-0.000591431 -0.0171919 0.0171919
-0.000584746 -0.0170945 0.0170945
-0.000578138 -0.0169977 0.0169977
-0.000571604 -0.0169014 0.0169014
-0.000565143 -0.0168057 0.0168057
-0.000558756 -0.0167105 0.0167105
-0.000552441 -0.0166159 0.0166159
-0.000546198 -0.0165218 0.0165218
-0.000540025 -0.0164282 0.0164282
-0.000533921 -0.0163351 0.0163351
-0.000527887 -0.0162426 0.0162426
-0.000521921 -0.0161506 0.0161506
-0.000516022 -0.0160591 0.0160591
-0.00051019 -0.0159681 0.0159681
-0.000504424 -0.0158777 0.0158777
-0.000498723 -0.0157877 0.0157877
-0.000493087 -0.0156983 0.0156983
-0.000487514 -0.0156094 0.0156094
-0.000482004 -0.015521 0.015521
-0.000476556 -0.015433 0.015433
-0.00047117 -0.0153456 0.0153456
-0.000465845 -0.0152587 0.0152587
-0.00046058 -0.0151723 0.0151723
-0.000455375 -0.0150863 0.0150863
-0.000450228 -0.0150008 0.0150008
-0.000445139 -0.0149159 0.0149159
-0.000440109 -0.0148314 0.0148314
-0.000435134 -0.0147474 0.0147474
-0.000430216 -0.0146638 0.0146638
-0.000425354 -0.0145807 0.0145807
-0.000420547 -0.0144981 0.0144981
-0.000415794 -0.014416 0.014416
-0.000411094 -0.0143343 0.0143343
-0.000406448 -0.0142531 0.0142531
-0.000401855 -0.0141724 0.0141724
-0.000397313 -0.0140921 0.0140921
-0.000392822 -0.0140123 0.0140123
-0.000388383 -0.0139329 0.0139329
-0.000383993 -0.013854 0.013854
-0.000379653 -0.0137755 0.0137755
-0.000375362 -0.0136974 0.0136974
-0.00037112 -0.0136198 0.0136198
-0.000366925 -0.0135427 0.0135427
-0.000362778 -0.0134659 0.0134659
-0.000358678 -0.0133897 0.0133897
-0.000354624 -0.0133138 0.0133138
-0.000350616 -0.0132384 0.0132384
-0.000346654 -0.0131634 0.0131634
-0.000342736 -0.0130888 0.0130888
-0.000338862 -0.0130146 0.0130146
-0.000335032 -0.0129409 0.0129409
-0.000331246 -0.0128676 0.0128676
-0.000327502 -0.0127947 0.0127947
-0.0003238 -0.0127222 0.0127222
-0.000320141 -0.0126501 0.0126501
-0.000316522 -0.0125784 0.0125784
-0.000312945 -0.0125072 0.0125072
-0.000309408 -0.0124363 0.0124363
-0.000305911 -0.0123659 0.0123659
-0.000302454 -0.0122958 0.0122958
-0.000299035 -0.0122261 0.0122261
-0.000295655 -0.0121569 0.0121569
-0.000292314 -0.012088 0.012088
-0.00028901 -0.0120195 0.0120195
-0.000285744 -0.0119514 0.0119514
-0.000282514 -0.0118837 0.0118837
-0.000279321 -0.0118164 0.0118164
-0.000276164 -0.0117494 0.0117494
-0.000273043 -0.0116828 0.0116828
-0.000269957 -0.0116166 0.0116166
-0.000266906 -0.0115508 0.0115508
-0.000263889 -0.0114854 0.0114854
-0.000260906 -0.0114203 0.0114203
-0.000257958 -0.0113556 0.0113556
-0.000255042 -0.0112913 0.0112913
-0.00025216 -0.0112273 0.0112273
-0.00024931 -0.0111637 0.0111637
-0.000246492 -0.0111004 0.0111004
-0.000243706 -0.0110375 0.0110375
-0.000240951 -0.010975 0.010975
-0.000238228 -0.0109128 0.0109128
-0.000235536 -0.010851 0.010851
-0.000232873 -0.0107895 0.0107895
-0.000230241 -0.0107284 0.0107284
-0.000227639 -0.0106676 0.0106676
-0.000225066 -0.0106071 0.0106071
-0.000222523 -0.010547 0.010547
-0.000220008 -0.0104873 0.0104873
-0.000217521 -0.0104278 0.0104278
-0.000215062 -0.0103688 0.0103688
-0.000212632 -0.01031 0.01031
-0.000210229 -0.0102516 0.0102516
-0.000207852 -0.0101935 0.0101935
-0.000205503 -0.0101357 0.0101357
-0.000203181 -0.0100783 0.0100783
-0.000200884 -0.0100212 0.0100212
-0.000198614 -0.00996442 0.00996442
-0.000196369 -0.00990795 0.00990795
-0.000194149 -0.00985181 0.00985181
-0.000191955 -0.00979599 0.00979599
-0.000189786 -0.00974048 0.00974048
-0.000187641 -0.00968529 0.00968529
-0.00018552 -0.00963041 0.00963041
-0.000183423 -0.00957584 0.00957584
-0.00018135 -0.00952158 0.00952158
-0.0001793 -0.00946763 0.00946763
-0.000177274 -0.00941398 0.00941398
-0.00017527 -0.00936064 0.00936064
-0.000173289 -0.0093076 0.0093076
-0.00017133 -0.00925486 0.00925486
-0.000169394 -0.00920242 0.00920242
-0.000167479 -0.00915027 0.00915027
-0.000165587 -0.00909842 0.00909842
-0.000163715 -0.00904687 0.00904687
-0.000161865 -0.0089956 0.0089956
-0.000160035 -0.00894463 0.00894463
-0.000158226 -0.00889394 0.00889394
-0.000156438 -0.00884355 0.00884355
-0.00015467 -0.00879343 0.00879343
-0.000152922 -0.00874361 0.00874361
-0.000151193 -0.00869406 0.00869406
-0.000149485 -0.0086448 0.0086448
-0.000147795 -0.00859581 0.00859581
-0.000146125 -0.0085471 0.0085471
-0.000144473 -0.00849867 0.00849867
-0.00014284 -0.00845051 0.00845051
-0.000141226 -0.00840262 0.00840262
-0.000139629 -0.00835501 0.00835501
-0.000138051 -0.00830767 0.00830767
-0.000136491 -0.00826059 0.00826059
-0.000134948 -0.00821378 0.00821378
-0.000133423 -0.00816724 0.00816724
-0.000131915 -0.00812095 0.00812095
-0.000130424 -0.00807494 0.00807494
-0.00012895 -0.00802918 0.00802918
-0.000127493 -0.00798368 0.00798368
-0.000126052 -0.00793844 0.00793844
-0.000124627 -0.00789345 0.00789345
-0.000123218 -0.00784872 0.00784872
-0.000121826 -0.00780425 0.00780425
-0.000120449 -0.00776002 0.00776002
-0.000119087 -0.00771605 0.00771605
-0.000117741 -0.00767233 0.00767233
-0.000116411 -0.00762885 0.00762885
-0.000115095 -0.00758562 0.00758562
-0.000113794 -0.00754263 0.00754263
-0.000112508 -0.00749989 0.00749989
-0.000111236 -0.00745739 0.00745739
-0.000109979 -0.00741513 0.00741513
-0.000108736 -0.00737311 0.00737311
-0.000107507 -0.00733133 0.00733133
-0.000106292 -0.00728978 0.00728978
-0.00010509 -0.00724848 0.00724848
-0.000103903 -0.0072074 0.0072074
-0.000102728 -0.00716656 0.00716656
-0.000101567 -0.00712595 0.00712595
-0.000100419 -0.00708556 0.00708556
-9.92843e-05 -0.00704541 0.00704541
-9.81621e-05 -0.00700549 0.00700549
-9.70526e-05 -0.00696579 0.00696579
-9.59557e-05 -0.00692631 0.00692631
-9.48712e-05 -0.00688706 0.00688706
-9.37989e-05 -0.00684804 0.00684804
-9.27387e-05 -0.00680923 0.00680923
-9.16905e-05 -0.00677064 0.00677064
-9.06542e-05 -0.00673227 0.00673227
-8.96296e-05 -0.00669412 0.00669412
-8.86165e-05 -0.00665619 0.00665619
-8.7615e-05 -0.00661847 0.00661847
-8.66247e-05 -0.00658096 0.00658096
-8.56456e-05 -0.00654367 0.00654367
-8.46776e-05 -0.00650659 0.00650659
-8.37205e-05 -0.00646971 0.00646971
-8.27743e-05 -0.00643305 0.00643305
-8.18387e-05 -0.00639659 0.00639659
-8.09137e-05 -0.00636035 0.00636035
-7.99992e-05 -0.0063243 0.0063243
