re im imneg
-1.36906 -3.19904 3.19904
-1.36775 -3.1775 3.1775
-1.36642 -3.15605 3.15605
-1.36509 -3.13471 3.13471
-1.36374 -3.11346 3.11346
-1.36239 -3.09231 3.09231
-1.36101 -3.07126 3.07126
-1.35963 -3.0503 3.0503
-1.35823 -3.02944 3.02944
-1.35683 -3.00868 3.00868
-1.3554 -2.98801 2.98801
-1.35397 -2.96744 2.96744
-1.35252 -2.94696 2.94696
-1.35106 -2.92658 2.92658
-1.34959 -2.90629 2.90629
-1.3481 -2.88609 2.88609
-1.3466 -2.86598 2.86598
-1.34509 -2.84597 2.84597
-1.34356 -2.82605 2.82605
-1.34202 -2.80622 2.80622
-1.34047 -2.78648 2.78648
-1.3389 -2.76683 2.76683
-1.33732 -2.74727 2.74727
-1.33572 -2.7278 2.7278
-1.33411 -2.70842 2.70842
-1.33249 -2.68912 2.68912
-1.33085 -2.66992 2.66992
-1.3292 -2.6508 2.6508
-1.32753 -2.63177 2.63177
-1.32585 -2.61283 2.61283
-1.32415 -2.59397 2.59397
-1.32244 -2.5752 2.5752
-1.32072 -2.55652 2.55652
-1.31898 -2.53792 2.53792
-1.31722 -2.5194 2.5194
-1.31545 -2.50097 2.50097
-1.31366 -2.48262 2.48262
-1.31186 -2.46436 2.46436
-1.31005 -2.44618 2.44618
-1.30822 -2.42809 2.42809
-1.30637 -2.41007 2.41007
-1.30451 -2.39214 2.39214
-1.30263 -2.37429 2.37429
-1.30074 -2.35653 2.35653
-1.29883 -2.33884 2.33884
-1.2969 -2.32123 2.32123
-1.29496 -2.30371 2.30371
-1.293 -2.28626 2.28626
-1.29103 -2.2689 2.2689
-1.28904 -2.25161 2.25161
-1.28704 -2.23441 2.23441
-1.28501 -2.21728 2.21728
-1.28297 -2.20023 2.20023
-1.28092 -2.18326 2.18326
-1.27885 -2.16637 2.16637
-1.27676 -2.14955 2.14955
-1.27465 -2.13281 2.13281
-1.27253 -2.11615 2.11615
-1.27039 -2.09957 2.09957
-1.26823 -2.08306 2.08306
-1.26606 -2.06663 2.06663
-1.26387 -2.05028 2.05028
-1.26166 -2.034 2.034
-1.25943 -2.01779 2.01779
-1.25719 -2.00166 2.00166
-1.25493 -1.98561 1.98561
-1.25265 -1.96963 1.96963
-1.25036 -1.95372 1.95372
-1.24804 -1.93789 1.93789
-1.24571 -1.92213 1.92213
-1.24336 -1.90644 1.90644
-1.24099 -1.89083 1.89083
-1.23861 -1.87529 1.87529
-1.2362 -1.85983 1.85983
-1.23378 -1.84444 1.84444
-1.23134 -1.82911 1.82911
-1.22889 -1.81387 1.81387
-1.22641 -1.79869 1.79869
-1.22391 -1.78358 1.78358
-1.2214 -1.76855 1.76855
-1.21887 -1.75359 1.75359
-1.21632 -1.73869 1.73869
-1.21375 -1.72387 1.72387
-1.21116 -1.70912 1.70912
-1.20856 -1.69444 1.69444
-1.20593 -1.67983 1.67983
-1.20329 -1.66529 1.66529
-1.20063 -1.65082 1.65082
-1.19795 -1.63642 1.63642
-1.19524 -1.62209 1.62209
-1.19253 -1.60783 1.60783
-1.18979 -1.59364 1.59364
-1.18703 -1.57951 1.57951
-1.18425 -1.56546 1.56546
-1.18146 -1.55147 1.55147
-1.17864 -1.53756 1.53756
-1.17581 -1.52371 1.52371
-1.17296 -1.50992 1.50992
-1.17008 -1.49621 1.49621
-1.16719 -1.48257 1.48257
-1.16428 -1.46899 1.46899
-1.16135 -1.45548 1.45548
-1.1584 -1.44204 1.44204
-1.15543 -1.42866 1.42866
-1.15245 -1.41535 1.41535
-1.14944 -1.40211 1.40211
-1.14641 -1.38894 1.38894
-1.14337 -1.37583 1.37583
-1.1403 -1.36279 1.36279
-1.13721 -1.34981 1.34981
-1.13411 -1.33691 1.33691
-1.13099 -1.32406 1.32406
-1.12784 -1.31129 1.31129
-1.12468 -1.29858 1.29858
-1.1215 -1.28594 1.28594
-1.1183 -1.27336 1.27336
-1.11508 -1.26085 1.26085
-1.11184 -1.2484 1.2484
-1.10858 -1.23602 1.23602
-1.1053 -1.22371 1.22371
-1.102 -1.21146 1.21146
-1.09868 -1.19928 1.19928
-1.09535 -1.18716 1.18716
-1.09199 -1.17511 1.17511
-1.08862 -1.16312 1.16312
-1.08523 -1.1512 1.1512
-1.08181 -1.13934 1.13934
-1.07838 -1.12754 1.12754
-1.07493 -1.11582 1.11582
-1.07146 -1.10415 1.10415
-1.06797 -1.09256 1.09256
-1.06447 -1.08102 1.08102
-1.06094 -1.06955 1.06955
-1.0574 -1.05815 1.05815
-1.05383 -1.04681 1.04681
-1.05025 -1.03553 1.03553
-1.04665 -1.02432 1.02432
-1.04303 -1.01317 1.01317
-1.0394 -1.00209 1.00209
-1.03574 -0.991074 0.991074
-1.03207 -0.98012 0.98012
-1.02838 -0.96923 0.96923
-1.02467 -0.958404 0.958404
-1.02094 -0.947642 0.947642
-1.0172 -0.936945 0.936945
-1.01344 -0.926311 0.926311
-1.00966 -0.915742 0.915742
-1.00586 -0.905236 0.905236
-1.00204 -0.894794 0.894794
-0.998211 -0.884416 0.884416
-0.994362 -0.874102 0.874102
-0.990496 -0.863851 0.863851
-0.986613 -0.853665 0.853665
-0.982713 -0.843542 0.843542
-0.978797 -0.833483 0.833483
-0.974864 -0.823487 0.823487
-0.970915 -0.813555 0.813555
-0.96695 -0.803687 0.803687
-0.962968 -0.793882 0.793882
-0.958971 -0.784141 0.784141
-0.954958 -0.774464 0.774464
-0.950929 -0.76485 0.76485
-0.946885 -0.755299 0.755299
-0.942825 -0.745812 0.745812
-0.938751 -0.736388 0.736388
-0.934661 -0.727028 0.727028
-0.930557 -0.717731 0.717731
-0.926438 -0.708497 0.708497
-0.922305 -0.699326 0.699326
-0.918157 -0.690219 0.690219
-0.913995 -0.681175 0.681175
-0.90982 -0.672195 0.672195
-0.905631 -0.663277 0.663277
-0.901428 -0.654423 0.654423
-0.897212 -0.645632 0.645632
-0.892983 -0.636903 0.636903
-0.888741 -0.628238 0.628238
-0.884486 -0.619636 0.619636
-0.880219 -0.611097 0.611097
-0.87594 -0.602621 0.602621
-0.871648 -0.594208 0.594208
-0.867345 -0.585858 0.585858
-0.86303 -0.57757 0.57757
-0.858704 -0.569346 0.569346
-0.854367 -0.561184 0.561184
-0.850018 -0.553085 0.553085
-0.845659 -0.545048 0.545048
-0.84129 -0.537074 0.537074
-0.83691 -0.529163 0.529163
-0.832521 -0.521314 0.521314
-0.828122 -0.513528 0.513528
-0.823713 -0.505804 0.505804
-0.819295 -0.498142 0.498142
-0.814868 -0.490543 0.490543
-0.810433 -0.483006 0.483006
-0.805989 -0.475531 0.475531
-0.801537 -0.468119 0.468119
-0.797077 -0.460768 0.460768
-0.79261 -0.453479 0.453479
-0.788135 -0.446253 0.446253
-0.783653 -0.439088 0.439088
-0.779164 -0.431985 0.431985
-0.774669 -0.424943 0.424943
-0.770167 -0.417964 0.417964
-0.765659 -0.411045 0.411045
-0.761146 -0.404189 0.404189
-0.756628 -0.397393 0.397393
-0.752104 -0.390659 0.390659
-0.747575 -0.383986 0.383986
-0.743042 -0.377374 0.377374
-0.738505 -0.370823 0.370823
-0.733964 -0.364333 0.364333
-0.729419 -0.357904 0.357904
-0.724871 -0.351536 0.351536
-0.72032 -0.345228 0.345228
-0.715766 -0.33898 0.33898
-0.711209 -0.332793 0.332793
-0.706651 -0.326666 0.326666
-0.702091 -0.320599 0.320599
-0.697529 -0.314592 0.314592
-0.692966 -0.308645 0.308645
-0.688402 -0.302757 0.302757
-0.683837 -0.296929 0.296929
-0.679273 -0.291161 0.291161
-0.674708 -0.285451 0.285451
-0.670144 -0.279801 0.279801
-0.66558 -0.27421 0.27421
-0.661017 -0.268678 0.268678
-0.656456 -0.263204 0.263204
-0.651896 -0.257789 0.257789
-0.647338 -0.252432 0.252432
-0.642783 -0.247133 0.247133
-0.63823 -0.241893 0.241893
-0.63368 -0.23671 0.23671
-0.629133 -0.231584 0.231584
-0.624589 -0.226517 0.226517
-0.62005 -0.221506 0.221506
-0.615514 -0.216553 0.216553
-0.610983 -0.211656 0.211656
-0.606457 -0.206816 0.206816
-0.601936 -0.202033 0.202033
-0.59742 -0.197306 0.197306
-0.59291 -0.192635 0.192635
-0.588406 -0.188019 0.188019
-0.583909 -0.18346 0.18346
-0.579418 -0.178956 0.178956
-0.574934 -0.174507 0.174507
-0.570458 -0.170113 0.170113
-0.565989 -0.165774 0.165774
-0.561528 -0.161489 0.161489
-0.557075 -0.157258 0.157258
-0.55263 -0.153082 0.153082
-0.548195 -0.148959 0.148959
-0.543768 -0.14489 0.14489
-0.539351 -0.140875 0.140875
-0.534944 -0.136912 0.136912
-0.530547 -0.133002 0.133002
-0.52616 -0.129144 0.129144
-0.521784 -0.125339 0.125339
-0.517419 -0.121586 0.121586
-0.513065 -0.117884 0.117884
-0.508722 -0.114234 0.114234
-0.504391 -0.110635 0.110635
-0.500072 -0.107087 0.107087
-0.495766 -0.103589 0.103589
-0.491472 -0.100142 0.100142
-0.487191 -0.0967444 0.0967444
-0.482924 -0.0933967 0.0933967
-0.47867 -0.0900985 0.0900985
-0.474429 -0.0868493 0.0868493
-0.470203 -0.083649 0.083649
-0.46599 -0.0804971 0.0804971
-0.461793 -0.0773934 0.0773934
-0.45761 -0.0743376 0.0743376
-0.453442 -0.0713293 0.0713293
-0.449289 -0.0683683 0.0683683
-0.445152 -0.0654541 0.0654541
-0.441031 -0.0625865 0.0625865
-0.436926 -0.0597652 0.0597652
-0.432837 -0.0569898 0.0569898
-0.428765 -0.05426 0.05426
-0.424709 -0.0515755 0.0515755
-0.42067 -0.0489358 0.0489358
-0.416649 -0.0463408 0.0463408
-0.412645 -0.04379 0.04379
-0.408658 -0.0412831 0.0412831
-0.40469 -0.0388197 0.0388197
-0.400739 -0.0363996 0.0363996
-0.396807 -0.0340223 0.0340223
-0.392894 -0.0316875 0.0316875
-0.388999 -0.0293948 0.0293948
-0.385123 -0.027144 0.027144
-0.381266 -0.0249346 0.0249346
-0.377428 -0.0227662 0.0227662
-0.37361 -0.0206386 0.0206386
-0.369812 -0.0185513 0.0185513
-0.366033 -0.0165041 0.0165041
-0.362275 -0.0144964 0.0144964
-0.358536 -0.012528 0.012528
-0.354818 -0.0105986 0.0105986
-0.351121 -0.00870759 0.00870759
-0.347444 -0.00685479 0.00685479
-0.343788 -0.00503978 0.00503978
-0.340153 -0.00326218 0.00326218
-0.336539 -0.00152162 0.00152162
-0.332946 0.000182274 -0.000182274
-0.329375 0.00184987 -0.00184987
-0.325826 0.00348155 -0.00348155
-0.322298 0.00507768 -0.00507768
-0.318792 0.00663864 -0.00663864
-0.315308 0.00816481 -0.00816481
-0.311845 0.00965657 -0.00965657
-0.308406 0.0111143 -0.0111143
-0.304988 0.0125383 -0.0125383
-0.301593 0.0139291 -0.0139291
-0.29822 0.015287 -0.015287
-0.29487 0.0166123 -0.0166123
-0.291543 0.0179055 -0.0179055
-0.288238 0.0191669 -0.0191669
-0.284956 0.020397 -0.020397
-0.281697 0.021596 -0.021596
-0.278461 0.0227644 -0.0227644
-0.275249 0.0239025 -0.0239025
-0.272059 0.0250107 -0.0250107
-0.268893 0.0260894 -0.0260894
-0.26575 0.027139 -0.027139
-0.26263 0.0281598 -0.0281598
-0.259534 0.0291522 -0.0291522
-0.256461 0.0301166 -0.0301166
-0.253412 0.0310534 -0.0310534
-0.250386 0.0319629 -0.0319629
-0.247384 0.0328455 -0.0328455
-0.244405 0.0337015 -0.0337015
-0.24145 0.0345314 -0.0345314
-0.238519 0.0353355 -0.0353355
-0.235611 0.0361142 -0.0361142
-0.232727 0.0368678 -0.0368678
-0.229867 0.0375967 -0.0375967
-0.22703 0.0383013 -0.0383013
-0.224217 0.0389819 -0.0389819
-0.221428 0.0396388 -0.0396388
-0.218663 0.0402725 -0.0402725
-0.215921 0.0408833 -0.0408833
-0.213203 0.0414715 -0.0414715
-0.210509 0.0420375 -0.0420375
-0.207838 0.0425817 -0.0425817
-0.205191 0.0431044 -0.0431044
-0.202568 0.0436059 -0.0436059
-0.199968 0.0440866 -0.0440866
-0.197392 0.0445468 -0.0445468
-0.19484 0.0449869 -0.0449869
-0.192311 0.0454072 -0.0454072
-0.189805 0.045808 -0.045808
-0.187323 0.0461898 -0.0461898
-0.184864 0.0465527 -0.0465527
-0.182429 0.0468972 -0.0468972
-0.180017 0.0472235 -0.0472235
-0.177628 0.0475321 -0.0475321
-0.175262 0.0478231 -0.0478231
-0.172919 0.048097 -0.048097
-0.170599 0.0483541 -0.0483541
-0.168303 0.0485946 -0.0485946
-0.166029 0.0488189 -0.0488189
-0.163778 0.0490274 -0.0490274
-0.16155 0.0492202 -0.0492202
-0.159344 0.0493977 -0.0493977
-0.157161 0.0495602 -0.0495602
-0.155001 0.0497081 -0.0497081
-0.152862 0.0498416 -0.0498416
-0.150747 0.0499609 -0.0499609
-0.148653 0.0500665 -0.0500665
-0.146582 0.0501585 -0.0501585
-0.144532 0.0502373 -0.0502373
-0.142505 0.0503032 -0.0503032
-0.140499 0.0503564 -0.0503564
-0.138515 0.0503972 -0.0503972
-0.136553 0.0504259 -0.0504259
-0.134613 0.0504428 -0.0504428
-0.132693 0.0504481 -0.0504481
-0.130795 0.0504421 -0.0504421
-0.128919 0.0504251 -0.0504251
-0.127063 0.0503972 -0.0503972
-0.125228 0.0503589 -0.0503589
-0.123414 0.0503103 -0.0503103
-0.121621 0.0502516 -0.0502516
-0.119849 0.0501832 -0.0501832
-0.118096 0.0501053 -0.0501053
-0.116365 0.0500181 -0.0500181
-0.114653 0.0499219 -0.0499219
-0.112962 0.0498168 -0.0498168
-0.11129 0.0497032 -0.0497032
-0.109639 0.0495812 -0.0495812
-0.108007 0.0494511 -0.0494511
-0.106395 0.0493132 -0.0493132
-0.104802 0.0491675 -0.0491675
-0.103228 0.0490144 -0.0490144
-0.101674 0.0488541 -0.0488541
-0.100138 0.0486868 -0.0486868
-0.098622 0.0485126 -0.0485126
-0.0971242 0.0483318 -0.0483318
-0.0956451 0.0481447 -0.0481447
-0.0941845 0.0479513 -0.0479513
-0.0927421 0.0477519 -0.0477519
-0.091318 0.0475467 -0.0475467
-0.0899119 0.0473359 -0.0473359
-0.0885237 0.0471197 -0.0471197
-0.0871533 0.0468982 -0.0468982
-0.0858004 0.0466716 -0.0466716
-0.084465 0.0464402 -0.0464402
-0.0831469 0.046204 -0.046204
-0.081846 0.0459634 -0.0459634
-0.0805621 0.0457183 -0.0457183
-0.0792951 0.0454691 -0.0454691
-0.0780448 0.0452158 -0.0452158
-0.0768111 0.0449586 -0.0449586
-0.0755938 0.0446978 -0.0446978
-0.0743928 0.0444334 -0.0444334
-0.0732079 0.0441656 -0.0441656
-0.072039 0.0438945 -0.0438945
-0.0708859 0.0436204 -0.0436204
-0.0697485 0.0433432 -0.0433432
-0.0686266 0.0430633 -0.0430633
-0.0675201 0.0427807 -0.0427807
-0.0664288 0.0424956 -0.0424956
-0.0653526 0.042208 -0.042208
-0.0642913 0.0419182 -0.0419182
-0.0632449 0.0416263 -0.0416263
-0.062213 0.0413323 -0.0413323
-0.0611957 0.0410365 -0.0410365
-0.0601926 0.0407389 -0.0407389
-0.0592038 0.0404396 -0.0404396
-0.058229 0.0401388 -0.0401388
-0.0572681 0.0398366 -0.0398366
-0.056321 0.0395331 -0.0395331
-0.0553874 0.0392284 -0.0392284
-0.0544673 0.0389226 -0.0389226
-0.0535606 0.0386159 -0.0386159
-0.0526669 0.0383082 -0.0383082
-0.0517863 0.0379998 -0.0379998
-0.0509186 0.0376906 -0.0376906
-0.0500636 0.0373809 -0.0373809
-0.0492212 0.0370707 -0.0370707
-0.0483912 0.0367601 -0.0367601
-0.0475736 0.0364492 -0.0364492
-0.0467681 0.036138 -0.036138
-0.0459746 0.0358267 -0.0358267
-0.045193 0.0355153 -0.0355153
-0.0444232 0.035204 -0.035204
-0.0436649 0.0348927 -0.0348927
-0.0429181 0.0345816 -0.0345816
-0.0421827 0.0342708 -0.0342708
-0.0414584 0.0339602 -0.0339602
-0.0407452 0.0336501 -0.0336501
-0.0400429 0.0333404 -0.0333404
-0.0393514 0.0330312 -0.0330312
-0.0386705 0.0327227 -0.0327227
-0.0380002 0.0324147 -0.0324147
-0.0373403 0.0321075 -0.0321075
-0.0366906 0.031801 -0.031801
-0.0360511 0.0314954 -0.0314954
-0.0354216 0.0311906 -0.0311906
-0.0348019 0.0308868 -0.0308868
-0.034192 0.030584 -0.030584
-0.0335917 0.0302822 -0.0302822
-0.0330009 0.0299815 -0.0299815
-0.0324195 0.0296819 -0.0296819
-0.0318473 0.0293835 -0.0293835
-0.0312843 0.0290863 -0.0290863
-0.0307303 0.0287904 -0.0287904
-0.0301852 0.0284958 -0.0284958
-0.0296488 0.0282025 -0.0282025
-0.0291211 0.0279106 -0.0279106
-0.0286019 0.0276202 -0.0276202
-0.0280912 0.0273312 -0.0273312
-0.0275887 0.0270436 -0.0270436
-0.0270944 0.0267576 -0.0267576
-0.0266083 0.0264732 -0.0264732
-0.02613 0.0261903 -0.0261903
-0.0256597 0.0259091 -0.0259091
-0.025197 0.0256295 -0.0256295
-0.0247421 0.0253515 -0.0253515
-0.0242946 0.0250753 -0.0250753
-0.0238546 0.0248008 -0.0248008
-0.0234219 0.024528 -0.024528
-0.0229963 0.0242569 -0.0242569
-0.022578 0.0239877 -0.0239877
-0.0221666 0.0237202 -0.0237202
-0.0217621 0.0234546 -0.0234546
-0.0213644 0.0231908 -0.0231908
-0.0209734 0.0229288 -0.0229288
-0.0205891 0.0226687 -0.0226687
-0.0202112 0.0224105 -0.0224105
-0.0198398 0.0221543 -0.0221543
-0.0194746 0.0218999 -0.0218999
-0.0191157 0.0216474 -0.0216474
-0.018763 0.0213969 -0.0213969
-0.0184162 0.0211483 -0.0211483
-0.0180755 0.0209016 -0.0209016
-0.0177405 0.0206569 -0.0206569
-0.0174114 0.0204142 -0.0204142
-0.0170879 0.0201735 -0.0201735
-0.0167701 0.0199347 -0.0199347
-0.0164577 0.019698 -0.019698
-0.0161508 0.0194632 -0.0194632
-0.0158492 0.0192304 -0.0192304
-0.0155529 0.0189996 -0.0189996
-0.0152617 0.0187708 -0.0187708
-0.0149757 0.0185441 -0.0185441
-0.0146947 0.0183193 -0.0183193
-0.0144186 0.0180965 -0.0180965
-0.0141473 0.0178758 -0.0178758
-0.0138809 0.017657 -0.017657
-0.0136192 0.0174403 -0.0174403
-0.0133621 0.0172255 -0.0172255
-0.0131095 0.0170128 -0.0170128
-0.0128615 0.016802 -0.016802
-0.0126178 0.0165933 -0.0165933
-0.0123786 0.0163865 -0.0163865
-0.0121435 0.0161817 -0.0161817
-0.0119127 0.0159789 -0.0159789
-0.0116861 0.0157781 -0.0157781
-0.0114635 0.0155793 -0.0155793
-0.0112449 0.0153824 -0.0153824
-0.0110302 0.0151875 -0.0151875
-0.0108194 0.0149946 -0.0149946
-0.0106125 0.0148036 -0.0148036
-0.0104092 0.0146146 -0.0146146
-0.0102097 0.0144275 -0.0144275
-0.0100138 0.0142423 -0.0142423
-0.00982143 0.014059 -0.014059
-0.00963259 0.0138776 -0.0138776
-0.00944719 0.0136982 -0.0136982
-0.00926518 0.0135206 -0.0135206
-0.00908651 0.0133449 -0.0133449
-0.00891111 0.0131711 -0.0131711
-0.00873893 0.0129992 -0.0129992
-0.00856991 0.0128291 -0.0128291
-0.00840401 0.0126609 -0.0126609
-0.00824117 0.0124945 -0.0124945
-0.00808134 0.0123299 -0.0123299
-0.00792446 0.0121671 -0.0121671
-0.00777049 0.0120062 -0.0120062
-0.00761937 0.011847 -0.011847
-0.00747106 0.0116896 -0.0116896
-0.00732551 0.011534 -0.011534
-0.00718267 0.0113801 -0.0113801
-0.00704249 0.011228 -0.011228
-0.00690493 0.0110776 -0.0110776
-0.00676994 0.0109289 -0.0109289
-0.00663748 0.010782 -0.010782
-0.0065075 0.0106367 -0.0106367
-0.00637997 0.0104931 -0.0104931
-0.00625483 0.0103512 -0.0103512
-0.00613204 0.0102109 -0.0102109
-0.00601157 0.0100723 -0.0100723
-0.00589337 0.00993531 -0.00993531
-0.0057774 0.00979994 -0.00979994
-0.00566363 0.00966618 -0.00966618
-0.00555201 0.00953402 -0.00953402
-0.0054425 0.00940343 -0.00940343
-0.00533508 0.00927441 -0.00927441
-0.00522969 0.00914695 -0.00914695
-0.00512631 0.00902102 -0.00902102
-0.0050249 0.00889662 -0.00889662
-0.00492542 0.00877374 -0.00877374
-0.00482784 0.00865236 -0.00865236
-0.00473213 0.00853246 -0.00853246
-0.00463824 0.00841404 -0.00841404
-0.00454615 0.00829707 -0.00829707
-0.00445583 0.00818156 -0.00818156
-0.00436724 0.00806748 -0.00806748
-0.00428036 0.00795481 -0.00795481
-0.00419514 0.00784356 -0.00784356
-0.00411157 0.0077337 -0.0077337
-0.0040296 0.00762522 -0.00762522
-0.00394922 0.0075181 -0.0075181
-0.00387039 0.00741234 -0.00741234
-0.00379308 0.00730792 -0.00730792
-0.00371727 0.00720483 -0.00720483
-0.00364292 0.00710305 -0.00710305
-0.00357002 0.00700257 -0.00700257
-0.00349853 0.00690338 -0.00690338
-0.00342843 0.00680547 -0.00680547
-0.00335969 0.00670881 -0.00670881
-0.00329229 0.0066134 -0.0066134
-0.0032262 0.00651923 -0.00651923
-0.0031614 0.00642628 -0.00642628
-0.00309787 0.00633455 -0.00633455
-0.00303558 0.006244 -0.006244
-0.0029745 0.00615464 -0.00615464
-0.00291462 0.00606646 -0.00606646
-0.00285591 0.00597943 -0.00597943
-0.00279835 0.00589355 -0.00589355
-0.00274192 0.0058088 -0.0058088
-0.00268659 0.00572517 -0.00572517
-0.00263236 0.00564266 -0.00564266
-0.00257919 0.00556124 -0.00556124
-0.00252707 0.0054809 -0.0054809
-0.00247597 0.00540163 -0.00540163
-0.00242588 0.00532343 -0.00532343
-0.00237678 0.00524627 -0.00524627
-0.00232864 0.00517016 -0.00517016
-0.00228146 0.00509506 -0.00509506
-0.00223521 0.00502098 -0.00502098
-0.00218988 0.0049479 -0.0049479
-0.00214544 0.00487581 -0.00487581
-0.00210189 0.00480469 -0.00480469
-0.0020592 0.00473455 -0.00473455
-0.00201735 0.00466536 -0.00466536
-0.00197634 0.00459711 -0.00459711
-0.00193614 0.00452979 -0.00452979
-0.00189674 0.0044634 -0.0044634
-0.00185812 0.00439792 -0.00439792
-0.00182028 0.00433334 -0.00433334
-0.00178319 0.00426964 -0.00426964
-0.00174683 0.00420683 -0.00420683
-0.00171121 0.00414488 -0.00414488
-0.00167629 0.00408379 -0.00408379
-0.00164207 0.00402355 -0.00402355
-0.00160854 0.00396414 -0.00396414
-0.00157567 0.00390556 -0.00390556
-0.00154347 0.0038478 -0.0038478
-0.00151191 0.00379084 -0.00379084
-0.00148098 0.00373468 -0.00373468
-0.00145068 0.0036793 -0.0036793
-0.00142098 0.0036247 -0.0036247
-0.00139187 0.00357087 -0.00357087
-0.00136336 0.00351779 -0.00351779
-0.00133541 0.00346546 -0.00346546
-0.00130803 0.00341387 -0.00341387
-0.0012812 0.00336301 -0.00336301
-0.00125491 0.00331286 -0.00331286
-0.00122915 0.00326343 -0.00326343
-0.00120391 0.00321469 -0.00321469
-0.00117918 0.00316665 -0.00316665
-0.00115494 0.00311929 -0.00311929
-0.0011312 0.00307261 -0.00307261
-0.00110794 0.00302659 -0.00302659
-0.00108514 0.00298123 -0.00298123
-0.00106281 0.00293651 -0.00293651
-0.00104093 0.00289244 -0.00289244
-0.00101949 0.002849 -0.002849
-0.000998493 0.00280618 -0.00280618
-0.000977916 0.00276398 -0.00276398
-0.000957757 0.00272238 -0.00272238
-0.000938006 0.00268138 -0.00268138
-0.000918657 0.00264097 -0.00264097
-0.000899701 0.00260115 -0.00260115
-0.00088113 0.0025619 -0.0025619
-0.000862937 0.00252322 -0.00252322
-0.000845113 0.0024851 -0.0024851
-0.000827653 0.00244753 -0.00244753
-0.000810548 0.00241051 -0.00241051
-0.000793791 0.00237402 -0.00237402
-0.000777376 0.00233807 -0.00233807
-0.000761295 0.00230264 -0.00230264
-0.000745543 0.00226773 -0.00226773
-0.000730112 0.00223332 -0.00223332
-0.000714996 0.00219942 -0.00219942
-0.000700189 0.00216601 -0.00216601
-0.000685684 0.0021331 -0.0021331
-0.000671476 0.00210066 -0.00210066
-0.000657559 0.0020687 -0.0020687
-0.000643926 0.00203721 -0.00203721
-0.000630572 0.00200619 -0.00200619
-0.000617492 0.00197561 -0.00197561
-0.000604679 0.00194549 -0.00194549
-0.000592129 0.00191582 -0.00191582
-0.000579837 0.00188658 -0.00188658
-0.000567796 0.00185777 -0.00185777
-0.000556003 0.00182939 -0.00182939
-0.000544451 0.00180142 -0.00180142
-0.000533137 0.00177388 -0.00177388
-0.000522055 0.00174673 -0.00174673
-0.000511201 0.00172 -0.00172
-0.00050057 0.00169366 -0.00169366
-0.000490158 0.00166771 -0.00166771
-0.000479959 0.00164214 -0.00164214
-0.000469971 0.00161696 -0.00161696
-0.000460188 0.00159215 -0.00159215
-0.000450607 0.00156771 -0.00156771
-0.000441223 0.00154363 -0.00154363
-0.000432032 0.00151992 -0.00151992
-0.000423031 0.00149655 -0.00149655
-0.000414215 0.00147354 -0.00147354
-0.000405581 0.00145087 -0.00145087
-0.000397126 0.00142854 -0.00142854
-0.000388845 0.00140655 -0.00140655
-0.000380734 0.00138488 -0.00138488
-0.000372792 0.00136355 -0.00136355
-0.000365013 0.00134253 -0.00134253
-0.000357395 0.00132182 -0.00132182
-0.000349935 0.00130143 -0.00130143
-0.000342629 0.00128134 -0.00128134
-0.000335474 0.00126156 -0.00126156
-0.000328467 0.00124207 -0.00124207
-0.000321605 0.00122288 -0.00122288
-0.000314885 0.00120398 -0.00120398
-0.000308304 0.00118536 -0.00118536
-0.00030186 0.00116703 -0.00116703
-0.000295549 0.00114897 -0.00114897
-0.000289369 0.00113118 -0.00113118
-0.000283317 0.00111367 -0.00111367
-0.000277391 0.00109641 -0.00109641
-0.000271587 0.00107942 -0.00107942
-0.000265904 0.00106269 -0.00106269
-0.000260339 0.00104621 -0.00104621
-0.00025489 0.00102998 -0.00102998
-0.000249553 0.001014 -0.001014
-0.000244327 0.000998262 -0.000998262
-0.00023921 0.000982762 -0.000982762
-0.0002342 0.000967497 -0.000967497
-0.000229293 0.000952465 -0.000952465
-0.000224489 0.000937662 -0.000937662
-0.000219784 0.000923084 -0.000923084
-0.000215177 0.000908729 -0.000908729
-0.000210666 0.000894592 -0.000894592
-0.000206249 0.000880671 -0.000880671
-0.000201924 0.000866963 -0.000866963
-0.000197689 0.000853464 -0.000853464
-0.000193542 0.000840172 -0.000840172
-0.000189482 0.000827082 -0.000827082
-0.000185506 0.000814193 -0.000814193
-0.000181613 0.000801501 -0.000801501
-0.000177801 0.000789004 -0.000789004
-0.000174069 0.000776698 -0.000776698
-0.000170414 0.000764581 -0.000764581
-0.000166836 0.000752649 -0.000752649
-0.000163332 0.000740901 -0.000740901
-0.000159902 0.000729332 -0.000729332
-0.000156543 0.000717942 -0.000717942
-0.000153254 0.000706726 -0.000706726
-0.000150034 0.000695683 -0.000695683
-0.000146881 0.00068481 -0.00068481
-0.000143793 0.000674104 -0.000674104
-0.000140771 0.000663562 -0.000663562
-0.000137811 0.000653183 -0.000653183
-0.000134914 0.000642964 -0.000642964
-0.000132077 0.000632902 -0.000632902
-0.000129299 0.000622996 -0.000622996
-0.00012658 0.000613242 -0.000613242
-0.000123917 0.000603639 -0.000603639
-0.00012131 0.000594183 -0.000594183
-0.000118757 0.000584874 -0.000584874
-0.000116258 0.000575709 -0.000575709
-0.000113811 0.000566685 -0.000566685
-0.000111416 0.000557801 -0.000557801
-0.00010907 0.000549054 -0.000549054
-0.000106774 0.000540442 -0.000540442
-0.000104526 0.000531964 -0.000531964
-0.000102325 0.000523617 -0.000523617
-0.00010017 0.000515399 -0.000515399
-9.80601e-05 0.000507309 -0.000507309
-9.59945e-05 0.000499343 -0.000499343
-9.39722e-05 0.000491502 -0.000491502
-9.19923e-05 0.000483782 -0.000483782
-9.00539e-05 0.000476181 -0.000476181
-8.81561e-05 0.000468699 -0.000468699
-8.62982e-05 0.000461333 -0.000461333
-8.44792e-05 0.000454081 -0.000454081
-8.26984e-05 0.000446942 -0.000446942
-8.0955e-05 0.000439913 -0.000439913
-7.92481e-05 0.000432994 -0.000432994
-7.75771e-05 0.000426183 -0.000426183
-7.59412e-05 0.000419477 -0.000419477
-7.43396e-05 0.000412876 -0.000412876
-7.27716e-05 0.000406378 -0.000406378
-7.12366e-05 0.00039998 -0.00039998
-6.97338e-05 0.000393683 -0.000393683
-6.82626e-05 0.000387483 -0.000387483
-6.68223e-05 0.00038138 -0.00038138
-6.54122e-05 0.000375372 -0.000375372
-6.40318e-05 0.000369458 -0.000369458
-6.26804e-05 0.000363636 -0.000363636
-6.13574e-05 0.000357905 -0.000357905
-6.00623e-05 0.000352263 -0.000352263
-5.87943e-05 0.000346709 -0.000346709
-5.7553e-05 0.000341242 -0.000341242
-5.63379e-05 0.000335861 -0.000335861
-5.51483e-05 0.000330563 -0.000330563
-5.39837e-05 0.000325348 -0.000325348
-5.28436e-05 0.000320215 -0.000320215
-5.17275e-05 0.000315162 -0.000315162
-5.06349e-05 0.000310187 -0.000310187
-4.95653e-05 0.000305291 -0.000305291
-4.85182e-05 0.000300471 -0.000300471
-4.74932e-05 0.000295727 -0.000295727
-4.64897e-05 0.000291057 -0.000291057
-4.55074e-05 0.00028646 -0.00028646
-4.45457e-05 0.000281935 -0.000281935
-4.36043e-05 0.000277481 -0.000277481
-4.26828e-05 0.000273097 -0.000273097
-4.17806e-05 0.000268781 -0.000268781
-4.08975e-05 0.000264533 -0.000264533
-4.00329e-05 0.000260352 -0.000260352
-3.91866e-05 0.000256236 -0.000256236
-3.83581e-05 0.000252184 -0.000252184
-3.75471e-05 0.000248197 -0.000248197
-3.67532e-05 0.000244271 -0.000244271
-3.5976e-05 0.000240408 -0.000240408
-3.52152e-05 0.000236605 -0.000236605
-3.44704e-05 0.000232862 -0.000232862
-3.37413e-05 0.000229177 -0.000229177
-3.30276e-05 0.000225551 -0.000225551
-3.2329e-05 0.000221981 -0.000221981
-3.16451e-05 0.000218467 -0.000218467
-3.09756e-05 0.000215009 -0.000215009
-3.03203e-05 0.000211605 -0.000211605
-2.96788e-05 0.000208255 -0.000208255
-2.90508e-05 0.000204957 -0.000204957
-2.84361e-05 0.000201711 -0.000201711
-2.78343e-05 0.000198516 -0.000198516
-2.72452e-05 0.000195371 -0.000195371
-2.66686e-05 0.000192276 -0.000192276
-2.61042e-05 0.00018923 -0.00018923
-2.55516e-05 0.000186231 -0.000186231
-2.50108e-05 0.00018328 -0.00018328
-2.44813e-05 0.000180375 -0.000180375
-2.3963e-05 0.000177516 -0.000177516
-2.34557e-05 0.000174702 -0.000174702
-2.29591e-05 0.000171933 -0.000171933
-2.2473e-05 0.000169207 -0.000169207
-2.19971e-05 0.000166524 -0.000166524
-2.15313e-05 0.000163883 -0.000163883
-2.10754e-05 0.000161284 -0.000161284
-2.0629e-05 0.000158725 -0.000158725
-2.01921e-05 0.000156208 -0.000156208
-1.97645e-05 0.00015373 -0.00015373
-1.93459e-05 0.000151291 -0.000151291
-1.89361e-05 0.00014889 -0.00014889
-1.8535e-05 0.000146527 -0.000146527
-1.81423e-05 0.000144202 -0.000144202
-1.7758e-05 0.000141913 -0.000141913
-1.73818e-05 0.000139661 -0.000139661
-1.70135e-05 0.000137444 -0.000137444
-1.6653e-05 0.000135262 -0.000135262
-1.63002e-05 0.000133114 -0.000133114
-1.59548e-05 0.000131001 -0.000131001
-1.56167e-05 0.000128921 -0.000128921
-1.52858e-05 0.000126873 -0.000126873
-1.49618e-05 0.000124858 -0.000124858
-1.46447e-05 0.000122875 -0.000122875
-1.43344e-05 0.000120923 -0.000120923
-1.40306e-05 0.000119002 -0.000119002
-1.37332e-05 0.000117112 -0.000117112
-1.34421e-05 0.000115251 -0.000115251
-1.31571e-05 0.00011342 -0.00011342
-1.28782e-05 0.000111618 -0.000111618
-1.26052e-05 0.000109844 -0.000109844
-1.2338e-05 0.000108098 -0.000108098
-1.20764e-05 0.00010638 -0.00010638
-1.18204e-05 0.000104689 -0.000104689
-1.15698e-05 0.000103025 -0.000103025
-1.13245e-05 0.000101387 -0.000101387
-1.10843e-05 9.97755e-05 -9.97755e-05
-1.08493e-05 9.81891e-05 -9.81891e-05
-1.06192e-05 9.66279e-05 -9.66279e-05
-1.0394e-05 9.50914e-05 -9.50914e-05
-1.01736e-05 9.35792e-05 -9.35792e-05
-9.95786e-06 9.2091e-05 -9.2091e-05
-9.74667e-06 9.06263e-05 -9.06263e-05
-9.53996e-06 8.91848e-05 -8.91848e-05
-9.33762e-06 8.77662e-05 -8.77662e-05
-9.13957e-06 8.63701e-05 -8.63701e-05
-8.94571e-06 8.49961e-05 -8.49961e-05
-8.75595e-06 8.36438e-05 -8.36438e-05
-8.57022e-06 8.2313e-05 -8.2313e-05
-8.38842e-06 8.10033e-05 -8.10033e-05
-8.21047e-06 7.97144e-05 -7.97144e-05
-8.03629e-06 7.84459e-05 -7.84459e-05
-7.8658e-06 7.71975e-05 -7.71975e-05
-7.69892e-06 7.59688e-05 -7.59688e-05
-7.53558e-06 7.47597e-05 -7.47597e-05
-7.37569e-06 7.35698e-05 -7.35698e-05
-7.2192e-06 7.23987e-05 -7.23987e-05
-7.06602e-06 7.12462e-05 -7.12462e-05
-6.91609e-06 7.0112e-05 -7.0112e-05
-6.76933e-06 6.89958e-05 -6.89958e-05
-6.62569e-06 6.78973e-05 -6.78973e-05
-6.48509e-06 6.68163e-05 -6.68163e-05
-6.34747e-06 6.57524e-05 -6.57524e-05
-6.21276e-06 6.47054e-05 -6.47054e-05
-6.08091e-06 6.3675e-05 -6.3675e-05
-5.95186e-06 6.26609e-05 -6.26609e-05
-5.82554e-06 6.1663e-05 -6.1663e-05
-5.7019e-06 6.06809e-05 -6.06809e-05
-5.58088e-06 5.97144e-05 -5.97144e-05
-5.46242e-06 5.87632e-05 -5.87632e-05
-5.34648e-06 5.78272e-05 -5.78272e-05
-5.23299e-06 5.6906e-05 -5.6906e-05
-5.12191e-06 5.59994e-05 -5.59994e-05
-5.01319e-06 5.51073e-05 -5.51073e-05
-4.90677e-06 5.42293e-05 -5.42293e-05
-4.80261e-06 5.33653e-05 -5.33653e-05
-4.70066e-06 5.2515e-05 -5.2515e-05
-4.60086e-06 5.16782e-05 -5.16782e-05
-4.50319e-06 5.08547e-05 -5.08547e-05
-4.40759e-06 5.00443e-05 -5.00443e-05
-4.31401e-06 4.92468e-05 -4.92468e-05
-4.22242e-06 4.8462e-05 -4.8462e-05
-4.13277e-06 4.76896e-05 -4.76896e-05
-4.04502e-06 4.69295e-05 -4.69295e-05
-3.95914e-06 4.61815e-05 -4.61815e-05
-3.87507e-06 4.54454e-05 -4.54454e-05
-3.79279e-06 4.4721e-05 -4.4721e-05
-3.71225e-06 4.40081e-05 -4.40081e-05
-3.63343e-06 4.33065e-05 -4.33065e-05
-3.55627e-06 4.26161e-05 -4.26161e-05
-3.48075e-06 4.19367e-05 -4.19367e-05
-3.40684e-06 4.12681e-05 -4.12681e-05
-3.33449e-06 4.06101e-05 -4.06101e-05
-3.26367e-06 3.99626e-05 -3.99626e-05
-3.19436e-06 3.93254e-05 -3.93254e-05
-3.12652e-06 3.86983e-05 -3.86983e-05
-3.06012e-06 3.80812e-05 -3.80812e-05
-2.99513e-06 3.7474e-05 -3.7474e-05
-2.93152e-06 3.68763e-05 -3.68763e-05
-2.86926e-06 3.62882e-05 -3.62882e-05
-2.80832e-06 3.57095e-05 -3.57095e-05
-2.74867e-06 3.514e-05 -3.514e-05
-2.69029e-06 3.45795e-05 -3.45795e-05
-2.63314e-06 3.4028e-05 -3.4028e-05
-2.57721e-06 3.34852e-05 -3.34852e-05
-2.52247e-06 3.29511e-05 -3.29511e-05
-2.46889e-06 3.24254e-05 -3.24254e-05
-2.41644e-06 3.19082e-05 -3.19082e-05
-2.36511e-06 3.13992e-05 -3.13992e-05
-2.31487e-06 3.08982e-05 -3.08982e-05
-2.2657e-06 3.04053e-05 -3.04053e-05
-2.21757e-06 2.99202e-05 -2.99202e-05
-2.17046e-06 2.94428e-05 -2.94428e-05
-2.12435e-06 2.89731e-05 -2.89731e-05
-2.07922e-06 2.85108e-05 -2.85108e-05
-2.03504e-06 2.80559e-05 -2.80559e-05
-1.99181e-06 2.76082e-05 -2.76082e-05
-1.94949e-06 2.71676e-05 -2.71676e-05
-1.90807e-06 2.67341e-05 -2.67341e-05
-1.86754e-06 2.63075e-05 -2.63075e-05
-1.82786e-06 2.58877e-05 -2.58877e-05
-1.78902e-06 2.54745e-05 -2.54745e-05
-1.75101e-06 2.5068e-05 -2.5068e-05
-1.71381e-06 2.46679e-05 -2.46679e-05
-1.67739e-06 2.42742e-05 -2.42742e-05
-1.64175e-06 2.38868e-05 -2.38868e-05
-1.60687e-06 2.35055e-05 -2.35055e-05
-1.57272e-06 2.31303e-05 -2.31303e-05
-1.5393e-06 2.27611e-05 -2.27611e-05
-1.5066e-06 2.23978e-05 -2.23978e-05
-1.47458e-06 2.20403e-05 -2.20403e-05
-1.44325e-06 2.16885e-05 -2.16885e-05
-1.41258e-06 2.13423e-05 -2.13423e-05
-1.38256e-06 2.10016e-05 -2.10016e-05
-1.35318e-06 2.06663e-05 -2.06663e-05
-1.32442e-06 2.03364e-05 -2.03364e-05
-1.29628e-06 2.00117e-05 -2.00117e-05
-1.26873e-06 1.96922e-05 -1.96922e-05
-1.24177e-06 1.93778e-05 -1.93778e-05
-1.21538e-06 1.90684e-05 -1.90684e-05
-1.18955e-06 1.8764e-05 -1.8764e-05
-1.16427e-06 1.84644e-05 -1.84644e-05
-1.13953e-06 1.81695e-05 -1.81695e-05
-1.11531e-06 1.78794e-05 -1.78794e-05
-1.0916e-06 1.75939e-05 -1.75939e-05
-1.0684e-06 1.7313e-05 -1.7313e-05
-1.0457e-06 1.70365e-05 -1.70365e-05
-1.02347e-06 1.67645e-05 -1.67645e-05
-1.00172e-06 1.64968e-05 -1.64968e-05
-9.80429e-07 1.62333e-05 -1.62333e-05
-9.5959e-07 1.59741e-05 -1.59741e-05
-9.39194e-07 1.5719e-05 -1.5719e-05
-9.19232e-07 1.54679e-05 -1.54679e-05
-8.99694e-07 1.52209e-05 -1.52209e-05
-8.8057e-07 1.49778e-05 -1.49778e-05
-8.61853e-07 1.47386e-05 -1.47386e-05
-8.43534e-07 1.45032e-05 -1.45032e-05
-8.25604e-07 1.42716e-05 -1.42716e-05
-8.08055e-07 1.40436e-05 -1.40436e-05
-7.90879e-07 1.38193e-05 -1.38193e-05
-7.74067e-07 1.35986e-05 -1.35986e-05
-7.57613e-07 1.33814e-05 -1.33814e-05
-7.41509e-07 1.31676e-05 -1.31676e-05
-7.25746e-07 1.29573e-05 -1.29573e-05
-7.10319e-07 1.27503e-05 -1.27503e-05
-6.95219e-07 1.25466e-05 -1.25466e-05
-6.8044e-07 1.23462e-05 -1.23462e-05
-6.65976e-07 1.2149e-05 -1.2149e-05
-6.51818e-07 1.19549e-05 -1.19549e-05
-6.37962e-07 1.17639e-05 -1.17639e-05
-6.244e-07 1.1576e-05 -1.1576e-05
-6.11126e-07 1.1391e-05 -1.1391e-05
-5.98134e-07 1.12091e-05 -1.12091e-05
-5.85418e-07 1.103e-05 -1.103e-05
-5.72973e-07 1.08538e-05 -1.08538e-05
-5.60792e-07 1.06804e-05 -1.06804e-05
-5.48869e-07 1.05097e-05 -1.05097e-05
-5.37201e-07 1.03418e-05 -1.03418e-05
-5.2578e-07 1.01766e-05 -1.01766e-05
-5.14602e-07 1.0014e-05 -1.0014e-05
-5.03661e-07 9.85397e-06 -9.85397e-06
-4.92953e-07 9.69652e-06 -9.69652e-06
-4.82473e-07 9.54158e-06 -9.54158e-06
-4.72215e-07 9.38912e-06 -9.38912e-06
-4.62175e-07 9.2391e-06 -9.2391e-06
-4.52349e-07 9.09146e-06 -9.09146e-06
-4.42731e-07 8.94619e-06 -8.94619e-06
-4.33318e-07 8.80323e-06 -8.80323e-06
-4.24105e-07 8.66256e-06 -8.66256e-06
-4.15088e-07 8.52414e-06 -8.52414e-06
-4.06263e-07 8.38792e-06 -8.38792e-06
-3.97625e-07 8.25388e-06 -8.25388e-06
-3.8917e-07 8.12198e-06 -8.12198e-06
-3.80896e-07 7.99218e-06 -7.99218e-06
-3.72797e-07 7.86446e-06 -7.86446e-06
-3.6487e-07 7.73878e-06 -7.73878e-06
-3.57112e-07 7.6151e-06 -7.6151e-06
-3.49519e-07 7.4934e-06 -7.4934e-06
-3.42087e-07 7.37364e-06 -7.37364e-06
-3.34814e-07 7.2558e-06 -7.2558e-06
-3.27694e-07 7.13984e-06 -7.13984e-06
-3.20726e-07 7.02572e-06 -7.02572e-06
-3.13907e-07 6.91344e-06 -6.91344e-06
-3.07232e-07 6.80294e-06 -6.80294e-06
-3.00699e-07 6.69421e-06 -6.69421e-06
-2.94305e-07 6.58722e-06 -6.58722e-06
-2.88047e-07 6.48193e-06 -6.48193e-06
-2.81922e-07 6.37833e-06 -6.37833e-06
-2.75927e-07 6.27638e-06 -6.27638e-06
-2.7006e-07 6.17606e-06 -6.17606e-06
-2.64317e-07 6.07735e-06 -6.07735e-06
-2.58696e-07 5.98021e-06 -5.98021e-06
-2.53195e-07 5.88462e-06 -5.88462e-06
-2.47811e-07 5.79055e-06 -5.79055e-06
-2.42541e-07 5.698e-06 -5.698e-06
-2.37384e-07 5.60692e-06 -5.60692e-06
-2.32336e-07 5.51729e-06 -5.51729e-06
-2.27395e-07 5.4291e-06 -5.4291e-06
-2.22559e-07 5.34231e-06 -5.34231e-06
-2.17827e-07 5.25691e-06 -5.25691e-06
-2.13194e-07 5.17288e-06 -5.17288e-06
-2.08661e-07 5.09019e-06 -5.09019e-06
-2.04223e-07 5.00882e-06 -5.00882e-06
-1.9988e-07 4.92875e-06 -4.92875e-06
-1.9563e-07 4.84996e-06 -4.84996e-06
-1.91469e-07 4.77242e-06 -4.77242e-06
-1.87398e-07 4.69613e-06 -4.69613e-06
-1.83412e-07 4.62106e-06 -4.62106e-06
-1.79512e-07 4.54718e-06 -4.54718e-06
-1.75694e-07 4.47449e-06 -4.47449e-06
-1.71958e-07 4.40295e-06 -4.40295e-06
-1.68301e-07 4.33256e-06 -4.33256e-06
-1.64722e-07 4.2633e-06 -4.2633e-06
-1.61219e-07 4.19514e-06 -4.19514e-06
-1.5779e-07 4.12807e-06 -4.12807e-06
-1.54434e-07 4.06207e-06 -4.06207e-06
-1.5115e-07 3.99713e-06 -3.99713e-06
-1.47935e-07 3.93322e-06 -3.93322e-06
-1.44789e-07 3.87034e-06 -3.87034e-06
-1.4171e-07 3.80846e-06 -3.80846e-06
-1.38696e-07 3.74757e-06 -3.74757e-06
-1.35746e-07 3.68765e-06 -3.68765e-06
-1.32859e-07 3.62869e-06 -3.62869e-06
-1.30034e-07 3.57068e-06 -3.57068e-06
-1.27268e-07 3.51359e-06 -3.51359e-06
-1.24561e-07 3.45741e-06 -3.45741e-06
-1.21912e-07 3.40213e-06 -3.40213e-06
-1.19319e-07 3.34773e-06 -3.34773e-06
-1.16782e-07 3.2942e-06 -3.2942e-06
-1.14298e-07 3.24153e-06 -3.24153e-06
-1.11867e-07 3.1897e-06 -3.1897e-06
-1.09488e-07 3.1387e-06 -3.1387e-06
-1.07159e-07 3.08852e-06 -3.08852e-06
-1.0488e-07 3.03913e-06 -3.03913e-06
-1.02649e-07 2.99054e-06 -2.99054e-06
-1.00466e-07 2.94272e-06 -2.94272e-06
-9.83293e-08 2.89566e-06 -2.89566e-06
-9.6238e-08 2.84936e-06 -2.84936e-06
-9.41911e-08 2.8038e-06 -2.8038e-06
-9.21878e-08 2.75897e-06 -2.75897e-06
-9.0227e-08 2.71485e-06 -2.71485e-06
-8.8308e-08 2.67144e-06 -2.67144e-06
-8.64297e-08 2.62872e-06 -2.62872e-06
-8.45914e-08 2.58669e-06 -2.58669e-06
-8.27922e-08 2.54532e-06 -2.54532e-06
-8.10313e-08 2.50462e-06 -2.50462e-06
-7.93078e-08 2.46457e-06 -2.46457e-06
-7.7621e-08 2.42516e-06 -2.42516e-06
-7.597e-08 2.38638e-06 -2.38638e-06
-7.43541e-08 2.34822e-06 -2.34822e-06
-7.27726e-08 2.31067e-06 -2.31067e-06
-7.12248e-08 2.27372e-06 -2.27372e-06
-6.97098e-08 2.23736e-06 -2.23736e-06
-6.82271e-08 2.20158e-06 -2.20158e-06
-6.67759e-08 2.16637e-06 -2.16637e-06
-6.53556e-08 2.13173e-06 -2.13173e-06
-6.39655e-08 2.09764e-06 -2.09764e-06
-6.26049e-08 2.06409e-06 -2.06409e-06
-6.12733e-08 2.03108e-06 -2.03108e-06
-5.997e-08 1.9986e-06 -1.9986e-06
