a phim
0.02 73.9011
0.0249246 72.0569
0.0298492 70.3956
0.0347739 68.8739
0.0396985 67.4634
0.0446231 66.1442
0.0495477 64.9019
0.0544724 63.7255
0.059397 62.6064
0.0643216 61.5377
0.0692462 60.5141
0.0741709 59.5307
0.0790955 58.5839
0.0840201 57.6702
0.0889447 56.787
0.0938693 55.9319
0.098794 55.1026
0.103719 54.2973
0.108643 53.5145
0.113568 52.7525
0.118492 52.0103
0.123417 51.2865
0.128342 50.5801
0.133266 49.8901
0.138191 49.2157
0.143116 48.5561
0.14804 47.9105
0.152965 47.2784
0.157889 46.6589
0.162814 46.0516
0.167739 45.456
0.172663 44.8715
0.177588 44.2977
0.182513 43.7342
0.187437 43.1806
0.192362 42.6364
0.197286 42.1013
0.202211 41.5751
0.207136 41.0574
0.21206 40.5479
0.216985 40.0462
0.22191 39.5523
0.226834 39.0658
0.231759 38.5864
0.236683 38.114
0.241608 37.6484
0.246533 37.1893
0.251457 36.7366
0.256382 36.29
0.261307 35.8494
0.266231 35.4147
0.271156 34.9857
0.27608 34.5621
0.281005 34.144
0.28593 33.731
0.290854 33.3232
0.295779 32.9204
0.300704 32.5224
0.305628 32.1292
0.310553 31.7405
0.315477 31.3564
0.320402 30.9768
0.325327 30.6014
0.330251 30.2302
0.335176 29.8631
0.340101 29.5001
0.345025 29.141
0.34995 28.7858
0.354874 28.4344
0.359799 28.0866
0.364724 27.7425
0.369648 27.4019
0.374573 27.0648
0.379497 26.7311
0.384422 26.4007
0.389347 26.0736
0.394271 25.7497
0.399196 25.429
0.404121 25.1114
0.409045 24.7968
0.41397 24.4851
0.418894 24.1764
0.423819 23.8706
0.428744 23.5676
0.433668 23.2674
0.438593 22.9699
0.443518 22.6751
0.448442 22.3829
0.453367 22.0932
0.458291 21.8062
0.463216 21.5216
0.468141 21.2395
0.473065 20.9598
0.47799 20.6825
0.482915 20.4075
0.487839 20.1349
0.492764 19.8645
0.497688 19.5963
0.502613 19.3304
0.507538 19.0666
0.512462 18.8049
0.517387 18.5454
0.522312 18.2879
0.527236 18.0324
0.532161 17.779
0.537085 17.5275
0.54201 17.278
0.546935 17.0304
0.551859 16.7847
0.556784 16.5409
0.561709 16.2989
0.566633 16.0588
0.571558 15.8204
0.576482 15.5838
0.581407 15.3489
0.586332 15.1158
0.591256 14.8843
0.596181 14.6546
0.601106 14.4264
0.60603 14.2
0.610955 13.9751
0.615879 13.7518
0.620804 13.5301
0.625729 13.3099
0.630653 13.0912
0.635578 12.8741
0.640503 12.6584
0.645427 12.4443
0.650352 12.2315
0.655276 12.0203
0.660201 11.8104
0.665126 11.6019
0.67005 11.3948
0.674975 11.1891
0.679899 10.9847
0.684824 10.7817
0.689749 10.58
0.694673 10.3796
0.699598 10.1804
0.704523 9.9826
0.709447 9.78601
0.714372 9.59066
0.719296 9.39655
0.724221 9.20365
0.729146 9.01195
0.73407 8.82145
0.738995 8.63212
0.74392 8.44395
0.748844 8.25694
0.753769 8.07106
0.758693 7.88631
0.763618 7.70267
0.768543 7.52013
0.773467 7.33869
0.778392 7.15832
0.783317 6.97902
0.788241 6.80077
0.793166 6.62357
0.79809 6.4474
0.803015 6.27226
0.80794 6.09813
0.812864 5.925
0.817789 5.75286
0.822714 5.5817
0.827638 5.41152
0.832563 5.2423
0.837487 5.07403
0.842412 4.9067
0.847337 4.74031
0.852261 4.57484
0.857186 4.41029
0.862111 4.24664
0.867035 4.0839
0.87196 3.92204
0.876884 3.76106
0.881809 3.60095
0.886734 3.44171
0.891658 3.28332
0.896583 3.12578
0.901508 2.96908
0.906432 2.81321
0.911357 2.65817
0.916281 2.50394
0.921206 2.35052
0.926131 2.1979
0.931055 2.04607
0.93598 1.89504
0.940905 1.74478
0.945829 1.59529
0.950754 1.44657
0.955678 1.29861
0.960603 1.1514
0.965528 1.00493
0.970452 0.859206
0.975377 0.714212
0.980302 0.569943
0.985226 0.426394
0.990151 0.283558
0.995075 0.141428
1 0
