re im
-1.40502 -3.94103
-1.40266 -3.88091
-1.40025 -3.82148
-1.39778 -3.76271
-1.39525 -3.70462
-1.39266 -3.64717
-1.39002 -3.59037
-1.38731 -3.53421
-1.38454 -3.47868
-1.38171 -3.42377
-1.37881 -3.36948
-1.37585 -3.31579
-1.37282 -3.26269
-1.36973 -3.21019
-1.36656 -3.15827
-1.36333 -3.10692
-1.36002 -3.05615
-1.35664 -3.00593
-1.35318 -2.95627
-1.34965 -2.90716
-1.34604 -2.85858
-1.34236 -2.81055
-1.33859 -2.76304
-1.33475 -2.71605
-1.33082 -2.66958
-1.32681 -2.62362
-1.32271 -2.57816
-1.31853 -2.5332
-1.31426 -2.48874
-1.30991 -2.44476
-1.30546 -2.40127
-1.30092 -2.35825
-1.29629 -2.31571
-1.29157 -2.27364
-1.28676 -2.23202
-1.28184 -2.19087
-1.27683 -2.15017
-1.27173 -2.10992
-1.26652 -2.07012
-1.26122 -2.03076
-1.25581 -1.99183
-1.2503 -1.95334
-1.24469 -1.91528
-1.23897 -1.87765
-1.23315 -1.84044
-1.22722 -1.80365
-1.22119 -1.76728
-1.21505 -1.73133
-1.2088 -1.69578
-1.20244 -1.66064
-1.19597 -1.62591
-1.18939 -1.59159
-1.1827 -1.55766
-1.1759 -1.52413
-1.16898 -1.491
-1.16196 -1.45826
-1.15482 -1.42592
-1.14757 -1.39396
-1.14021 -1.3624
-1.13273 -1.33122
-1.12514 -1.30043
-1.11744 -1.27002
-1.10963 -1.24
-1.1017 -1.21036
-1.09366 -1.18109
-1.08552 -1.15221
-1.07726 -1.1237
-1.06889 -1.09558
-1.06041 -1.06783
-1.05182 -1.04045
-1.04312 -1.01345
-1.03432 -0.986822
-1.02541 -0.960569
-1.0164 -0.934688
-1.00729 -0.90918
-0.998073 -0.884044
-0.988758 -0.859279
-0.979345 -0.834885
-0.969837 -0.810862
-0.960234 -0.787208
-0.950539 -0.763925
-0.940755 -0.74101
-0.930883 -0.718465
-0.920925 -0.696287
-0.910886 -0.674478
-0.900766 -0.653037
-0.890569 -0.631963
-0.880298 -0.611256
-0.869956 -0.590914
-0.859546 -0.570939
-0.84907 -0.551329
-0.838532 -0.532084
-0.827937 -0.513202
-0.817286 -0.494683
-0.806584 -0.476527
-0.795834 -0.458733
-0.785041 -0.441299
-0.774207 -0.424224
-0.763337 -0.407508
-0.752435 -0.391149
-0.741505 -0.375147
-0.730551 -0.359499
-0.719577 -0.344204
-0.708587 -0.32926
-0.697586 -0.314667
-0.686578 -0.300421
-0.675567 -0.286522
-0.664559 -0.272967
-0.653556 -0.259753
-0.642564 -0.24688
-0.631587 -0.234344
-0.620629 -0.222143
-0.609695 -0.210274
-0.59879 -0.198734
-0.587917 -0.187521
-0.577082 -0.176632
-0.566288 -0.166063
-0.55554 -0.155811
-0.544842 -0.145873
-0.534199 -0.136246
-0.523614 -0.126925
-0.513093 -0.117908
-0.502638 -0.109189
-0.492254 -0.100766
-0.481944 -0.092634
-0.471714 -0.084789
-0.461566 -0.0772267
-0.451504 -0.0699427
-0.441531 -0.0629327
-0.431652 -0.056192
-0.421869 -0.049716
-0.412186 -0.0435
-0.402606 -0.0375392
-0.393132 -0.0318286
-0.383766 -0.0263634
-0.374512 -0.0211386
-0.365372 -0.0161491
-0.356349 -0.0113897
-0.347445 -0.00685545
-0.338662 -0.00254101
-0.330003 0.0015588
-0.321468 0.00544924
-0.313061 0.00913557
-0.304783 0.0126231
-0.296635 0.0159171
-0.288618 0.0190229
-0.280735 0.0219457
-0.272986 0.024691
-0.265372 0.0272639
-0.257893 0.0296697
-0.250551 0.0319137
-0.243347 0.034001
-0.23628 0.0359369
-0.22935 0.0377264
-0.222559 0.0393747
-0.215906 0.0408867
-0.20939 0.0422675
-0.203013 0.0435221
-0.196772 0.0446552
-0.190669 0.0456716
-0.184702 0.0465761
-0.178871 0.0473734
-0.173174 0.0480679
-0.167612 0.0486642
-0.162183 0.0491668
-0.156886 0.0495798
-0.151719 0.0499076
-0.146682 0.0501543
-0.141774 0.050324
-0.136992 0.0504205
-0.132336 0.0504478
-0.127803 0.0504097
-0.123393 0.0503096
-0.119103 0.0501513
-0.114933 0.0499382
-0.110879 0.0496737
-0.10694 0.0493609
-0.103115 0.0490031
-0.0994013 0.0486032
-0.0957971 0.0481643
-0.0923005 0.0476892
-0.0889094 0.0471806
-0.0856218 0.0466411
-0.0824356 0.0460734
-0.0793489 0.0454798
-0.0763595 0.0448627
-0.0734654 0.0442244
-0.0706644 0.0435669
-0.0679545 0.0428924
-0.0653335 0.0422029
-0.0627994 0.0415001
-0.06035 0.040786
-0.0579834 0.0400621
-0.0556974 0.0393302
-0.0534899 0.0385917
-0.051359 0.0378482
-0.0493026 0.0371009
-0.0473187 0.0363512
-0.0454052 0.0356003
-0.0435603 0.0348494
-0.041782 0.0340996
-0.0400684 0.0333518
-0.0384176 0.032607
-0.0368278 0.0318661
-0.035297 0.0311299
-0.0338236 0.0303992
-0.0324057 0.0296747
-0.0310416 0.0289571
-0.0297297 0.0282469
-0.0284681 0.0275448
-0.0272554 0.0268512
-0.0260899 0.0261665
-0.0249701 0.0254912
-0.0238944 0.0248257
-0.0228613 0.0241703
-0.0218694 0.0235253
-0.0209172 0.0228909
-0.0200034 0.0222675
-0.0191266 0.0216551
-0.0182855 0.0210539
-0.0174788 0.0204641
-0.0167053 0.0198858
-0.0159638 0.0193191
-0.0152531 0.018764
-0.014572 0.0182205
-0.0139194 0.0176888
-0.0132943 0.0171686
-0.0126957 0.0166601
-0.0121224 0.0161633
-0.0115736 0.0156779
-0.0110483 0.0152041
-0.0105456 0.0147416
-0.0100645 0.0142904
-0.00960433 0.0138504
-0.00916411 0.0134214
-0.00874311 0.0130034
-0.00834053 0.0125962
-0.00795564 0.0121996
-0.00758771 0.0118135
-0.00723606 0.0114378
-0.00690001 0.0110722
-0.00657892 0.0107166
-0.00627216 0.0103709
-0.00597914 0.0100348
-0.00569928 0.0097082
-0.00543202 0.00939088
-0.00517684 0.00908268
-0.00493321 0.0087834
-0.00470065 0.00849285
-0.00447868 0.00821085
-0.00426684 0.00793722
-0.0040647 0.00767175
-0.00387182 0.00741428
-0.00368782 0.0071646
-0.0035123 0.00692254
-0.00334489 0.00668791
-0.00318523 0.00646053
-0.00303297 0.00624021
-0.0028878 0.00602678
-0.00274939 0.00582005
-0.00261744 0.00561987
-0.00249167 0.00542604
-0.00237178 0.0052384
-0.00225753 0.00505679
-0.00214866 0.00488103
-0.00204491 0.00471097
-0.00194606 0.00454645
-0.00185189 0.0043873
-0.00176217 0.00423339
-0.00167672 0.00408454
-0.00159532 0.00394063
-0.0015178 0.00380149
-0.00144397 0.003667
-0.00137367 0.00353702
-0.00130672 0.0034114
-0.00124298 0.00329001
-0.0011823 0.00317274
-0.00112453 0.00305944
-0.00106954 0.00295001
-0.00101719 0.00284431
-0.000967361 0.00274223
-0.000919939 0.00264366
-0.000874806 0.00254848
-0.000831856 0.0024566
-0.000790985 0.00236789
-0.000752094 0.00228227
-0.00071509 0.00219963
-0.000679882 0.00211988
-0.000646386 0.00204291
-0.00061452 0.00196864
-0.000584205 0.00189699
-0.000555369 0.00182786
-0.000527939 0.00176116
-0.000501849 0.00169683
-0.000477034 0.00163478
-0.000453433 0.00157493
-0.000430988 0.00151721
-0.000409642 0.00146155
-0.000389343 0.00140788
-0.00037004 0.00135612
-0.000351686 0.00130622
-0.000334233 0.00125812
-0.000317639 0.00121174
-0.000301861 0.00116703
-0.000286861 0.00112393
-0.0002726 0.00108239
-0.000259042 0.00104236
-0.000246153 0.00100377
-0.0002339 0.000966582
-0.000222253 0.000930745
-0.000211182 0.000896211
-0.000200658 0.000862935
-0.000190655 0.000830872
-0.000181147 0.000799978
-0.000172111 0.000770214
-0.000163522 0.000741539
-0.000155359 0.000713913
-0.000147601 0.000687301
-0.000140229 0.000661665
-0.000133222 0.000636971
-0.000126564 0.000613185
-0.000120236 0.000590274
-0.000114223 0.000568208
-0.00010851 0.000546955
-0.00010308 0.000526487
-9.79213e-05 0.000506775
-9.30193e-05 0.000487792
-8.83615e-05 0.000469511
-8.39358e-05 0.000451907
-7.97309e-05 0.000434955
-7.57357e-05 0.000418632
-7.19398e-05 0.000402916
-6.83334e-05 0.000387782
-6.49071e-05 0.000373212
-6.16519e-05 0.000359183
-5.85593e-05 0.000345676
-5.56213e-05 0.000332673
-5.28301e-05 0.000320154
-5.01785e-05 0.000308102
-4.76596e-05 0.000296499
-4.52666e-05 0.00028533
-4.29935e-05 0.000274578
-4.08341e-05 0.000264227
-3.87828e-05 0.000254264
-3.68343e-05 0.000244674
-3.49834e-05 0.000235442
-3.32252e-05 0.000226556
-3.15551e-05 0.000218004
-2.99688e-05 0.000209771
-2.84619e-05 0.000201848
-2.70307e-05 0.000194222
-2.56712e-05 0.000186882
-2.438e-05 0.000179818
-2.31535e-05 0.000173019
-2.19886e-05 0.000166476
-2.08822e-05 0.000160178
-1.98313e-05 0.000154118
-1.88332e-05 0.000148285
-1.78852e-05 0.000142672
-1.69849e-05 0.000137271
-1.61297e-05 0.000132073
-1.53176e-05 0.000127071
-1.45462e-05 0.000122257
-1.38137e-05 0.000117625
-1.31179e-05 0.000113167
-1.24572e-05 0.000108878
-1.18296e-05 0.000104751
-1.12337e-05 0.000100779
-1.06676e-05 9.69572e-05
-1.01301e-05 9.32798e-05
-9.61964e-06 8.97414e-05
-9.13484e-06 8.63367e-05
-8.67443e-06 8.30606e-05
-8.2372e-06 7.99085e-05
-7.82198e-06 7.68755e-05
-7.42766e-06 7.39573e-05
-7.05319e-06 7.11494e-05
-6.69758e-06 6.84478e-05
-6.35987e-06 6.58485e-05
-6.03917e-06 6.33476e-05
-5.73462e-06 6.09413e-05
-5.44541e-06 5.86262e-05
-5.17078e-06 5.63988e-05
-4.90997e-06 5.42558e-05
-4.66231e-06 5.2194e-05
-4.42713e-06 5.02103e-05
-4.2038e-06 4.83019e-05
-3.99172e-06 4.64657e-05
-3.79033e-06 4.46993e-05
-3.59909e-06 4.29998e-05
-3.4175e-06 4.13647e-05
-3.24505e-06 3.97917e-05
-3.0813e-06 3.82784e-05
-2.92581e-06 3.68225e-05
-2.77816e-06 3.54219e-05
-2.63795e-06 3.40745e-05
-2.50481e-06 3.27781e-05
-2.37839e-06 3.15311e-05
-2.25834e-06 3.03313e-05
-2.14435e-06 2.91772e-05
-2.03611e-06 2.80668e-05
-1.93332e-06 2.69987e-05
-1.83573e-06 2.59711e-05
-1.74305e-06 2.49826e-05
-1.65506e-06 2.40317e-05
-1.5715e-06 2.31168e-05
-1.49215e-06 2.22368e-05
-1.41682e-06 2.13902e-05
-1.34528e-06 2.05758e-05
-1.27735e-06 1.97924e-05
-1.21285e-06 1.90387e-05
-1.15161e-06 1.83137e-05
-1.09345e-06 1.76163e-05
-1.03824e-06 1.69454e-05
-9.85806e-07 1.63e-05
-9.36021e-07 1.56792e-05
-8.8875e-07 1.5082e-05
-8.43865e-07 1.45075e-05
-8.01245e-07 1.39548e-05
-7.60777e-07 1.34232e-05
-7.22353e-07 1.29118e-05
-6.85868e-07 1.24199e-05
-6.51225e-07 1.19467e-05
-6.18331e-07 1.14916e-05
-5.87098e-07 1.10537e-05
-5.57443e-07 1.06325e-05
-5.29284e-07 1.02274e-05
-5.02548e-07 9.83763e-06
-4.77161e-07 9.46274e-06
-4.53057e-07 9.10213e-06
-4.3017e-07 8.75524e-06
-4.08438e-07 8.42157e-06
-3.87805e-07 8.1006e-06
-3.68213e-07 7.79185e-06
-3.4961e-07 7.49487e-06
-3.31948e-07 7.20919e-06
-3.15177e-07 6.9344e-06
-2.99253e-07 6.67007e-06
-2.84134e-07 6.41581e-06
-2.69779e-07 6.17124e-06
-2.56148e-07 5.93599e-06
-2.43206e-07 5.7097e-06
-2.30918e-07 5.49203e-06
-2.1925e-07 5.28265e-06
-2.08172e-07 5.08125e-06
-1.97654e-07 4.88752e-06
-1.87666e-07 4.70118e-06
-1.78184e-07 4.52194e-06
-1.6918e-07 4.34952e-06
-1.60632e-07 4.18368e-06
-1.52515e-07 4.02416e-06
-1.44808e-07 3.87072e-06
-1.37491e-07 3.72312e-06
-1.30543e-07 3.58116e-06
-1.23946e-07 3.4446e-06
-1.17683e-07 3.31325e-06
-1.11736e-07 3.1869e-06
-1.06089e-07 3.06537e-06
-1.00728e-07 2.94847e-06
-9.5638e-08 2.83603e-06
-9.08049e-08 2.72788e-06
-8.6216e-08 2.62385e-06
-8.1859e-08 2.52378e-06
-7.77222e-08 2.42753e-06
-7.37943e-08 2.33495e-06
-7.0065e-08 2.2459e-06
-6.65241e-08 2.16024e-06
-6.31621e-08 2.07785e-06
-5.997e-08 1.9986e-06
