re im
0.999979 -0.0053758
0.999979 -0.00544597
0.999978 -0.00551705
0.999977 -0.00558906
0.999977 -0.00566201
0.999976 -0.00573591
0.999976 -0.00581078
0.999975 -0.00588662
0.999974 -0.00596346
0.999974 -0.00604129
0.999973 -0.00612015
0.999972 -0.00620003
0.999971 -0.00628095
0.999971 -0.00636293
0.99997 -0.00644598
0.999969 -0.00653012
0.999968 -0.00661535
0.999968 -0.00670169
0.999967 -0.00678916
0.999966 -0.00687778
0.999965 -0.00696755
0.999964 -0.00705849
0.999963 -0.00715062
0.999962 -0.00724395
0.999961 -0.00733849
0.99996 -0.00743428
0.999959 -0.00753131
0.999958 -0.00762961
0.999957 -0.00772919
0.999956 -0.00783007
0.999954 -0.00793227
0.999953 -0.0080358
0.999952 -0.00814068
0.999951 -0.00824693
0.99995 -0.00835457
0.999948 -0.00846361
0.999947 -0.00857408
0.999945 -0.00868599
0.999944 -0.00879935
0.999943 -0.0089142
0.999941 -0.00903055
0.999939 -0.00914841
0.999938 -0.00926781
0.999936 -0.00938877
0.999935 -0.00951131
0.999933 -0.00963545
0.999931 -0.00976121
0.999929 -0.0098886
0.999927 -0.0100177
0.999926 -0.0101484
0.999924 -0.0102809
0.999922 -0.010415
0.999919 -0.010551
0.999917 -0.0106887
0.999915 -0.0108282
0.999913 -0.0109695
0.999911 -0.0111127
0.999908 -0.0112577
0.999906 -0.0114046
0.999903 -0.0115535
0.999901 -0.0117042
0.999898 -0.011857
0.999896 -0.0120117
0.999893 -0.0121685
0.99989 -0.0123273
0.999887 -0.0124882
0.999884 -0.0126512
0.999881 -0.0128163
0.999878 -0.0129836
0.999875 -0.013153
0.999872 -0.0133246
0.999868 -0.0134985
0.999865 -0.0136747
0.999861 -0.0138532
0.999858 -0.014034
0.999854 -0.0142171
0.99985 -0.0144026
0.999846 -0.0145906
0.999842 -0.014781
0.999838 -0.0149739
0.999834 -0.0151693
0.999829 -0.0153673
0.999825 -0.0155678
0.99982 -0.0157709
0.999815 -0.0159768
0.999811 -0.0161852
0.999806 -0.0163965
0.9998 -0.0166104
0.999795 -0.0168272
0.99979 -0.0170467
0.999784 -0.0172692
0.999779 -0.0174945
0.999773 -0.0177228
0.999767 -0.0179541
0.999761 -0.0181884
0.999754 -0.0184257
0.999748 -0.0186661
0.999741 -0.0189097
0.999735 -0.0191564
0.999728 -0.0194064
0.99972 -0.0196596
0.999713 -0.0199161
0.999706 -0.020176
0.999698 -0.0204392
0.99969 -0.0207059
0.999682 -0.0209761
0.999673 -0.0212497
0.999665 -0.021527
0.999656 -0.0218078
0.999647 -0.0220924
0.999638 -0.0223806
0.999628 -0.0226726
0.999618 -0.0229684
0.999608 -0.023268
0.999598 -0.0235716
0.999588 -0.0238791
0.999577 -0.0241906
0.999566 -0.0245062
0.999554 -0.0248259
0.999542 -0.0251497
0.99953 -0.0254778
0.999518 -0.0258102
0.999505 -0.0261468
0.999492 -0.0264879
0.999479 -0.0268334
0.999465 -0.0271834
0.999451 -0.027538
0.999437 -0.0278972
0.999422 -0.028261
0.999407 -0.0286296
0.999391 -0.029003
0.999375 -0.0293813
0.999359 -0.0297645
0.999342 -0.0301527
0.999325 -0.0305459
0.999307 -0.0309443
0.999289 -0.0313478
0.99927 -0.0317566
0.999251 -0.0321707
0.999231 -0.0325902
0.999211 -0.0330152
0.999191 -0.0334456
0.999169 -0.0338817
0.999147 -0.0343235
0.999125 -0.034771
0.999102 -0.0352243
0.999079 -0.0356836
0.999054 -0.0361488
0.999029 -0.03662
0.999004 -0.0370974
0.998978 -0.037581
0.998951 -0.0380709
0.998923 -0.0385671
0.998895 -0.0390698
0.998866 -0.039579
0.998836 -0.0400949
0.998806 -0.0406174
0.998774 -0.0411468
0.998742 -0.041683
0.998709 -0.0422261
0.998675 -0.0427764
0.998641 -0.0433337
0.998605 -0.0438984
0.998568 -0.0444703
0.998531 -0.0450497
0.998492 -0.0456365
0.998453 -0.046231
0.998412 -0.0468332
0.99837 -0.0474433
0.998327 -0.0480612
0.998284 -0.0486871
0.998238 -0.0493212
0.998192 -0.0499635
0.998145 -0.0506141
0.998096 -0.0512731
0.998046 -0.0519407
0.997995 -0.0526169
0.997942 -0.0533019
0.997888 -0.0539958
0.997833 -0.0546986
0.997776 -0.0554105
0.997718 -0.0561317
0.997658 -0.0568621
0.997596 -0.057602
0.997533 -0.0583515
0.997468 -0.0591107
0.997402 -0.0598797
0.997334 -0.0606586
0.997264 -0.0614476
0.997192 -0.0622468
0.997118 -0.0630562
0.997043 -0.0638762
0.996965 -0.0647067
0.996886 -0.0655479
0.996804 -0.0664
0.99672 -0.067263
0.996634 -0.0681372
0.996546 -0.0690226
0.996455 -0.0699195
0.996362 -0.0708278
0.996267 -0.0717479
0.996169 -0.0726798
0.996069 -0.0736237
0.995965 -0.0745797
0.99586 -0.075548
0.995751 -0.0765287
0.99564 -0.077522
0.995526 -0.0785281
0.995408 -0.0795471
0.995288 -0.0805791
0.995164 -0.0816243
0.995038 -0.082683
0.994908 -0.0837551
0.994774 -0.084841
0.994637 -0.0859408
0.994497 -0.0870547
0.994353 -0.0881827
0.994205 -0.0893252
0.994053 -0.0904822
0.993897 -0.091654
0.993737 -0.0928407
0.993574 -0.0940425
0.993405 -0.0952597
0.993233 -0.0964923
0.993055 -0.0977405
0.992874 -0.0990046
0.992687 -0.100285
0.992496 -0.101581
0.9923 -0.102894
0.992098 -0.104223
0.991891 -0.10557
0.991679 -0.106933
0.991462 -0.108313
0.991238 -0.109711
0.991009 -0.111127
0.990774 -0.11256
0.990533 -0.114011
0.990286 -0.115481
0.990032 -0.116969
0.989771 -0.118476
0.989504 -0.120001
0.98923 -0.121546
0.988949 -0.12311
0.98866 -0.124693
0.988364 -0.126297
0.98806 -0.12792
0.987749 -0.129563
0.987429 -0.131227
0.987101 -0.132912
0.986765 -0.134617
0.986419 -0.136343
0.986065 -0.138091
0.985702 -0.13986
0.985329 -0.141652
0.984947 -0.143465
0.984555 -0.1453
0.984153 -0.147158
0.98374 -0.149039
0.983317 -0.150942
0.982882 -0.152869
0.982437 -0.154819
0.98198 -0.156793
0.981511 -0.158791
0.981031 -0.160813
0.980538 -0.16286
0.980032 -0.164931
0.979513 -0.167027
0.978981 -0.169148
0.978435 -0.171295
0.977875 -0.173467
0.977301 -0.175665
0.976713 -0.177889
0.976109 -0.18014
0.975489 -0.182417
0.974854 -0.184721
0.974203 -0.187052
0.973535 -0.18941
0.97285 -0.191796
0.972148 -0.194209
0.971427 -0.196651
0.970689 -0.199121
0.969931 -0.201619
0.969154 -0.204146
0.968358 -0.206702
0.967541 -0.209287
0.966704 -0.211902
0.965846 -0.214546
0.964966 -0.217219
0.964063 -0.219923
0.963138 -0.222657
0.96219 -0.225422
0.961218 -0.228217
0.960221 -0.231043
0.959199 -0.233899
0.958152 -0.236787
0.957078 -0.239707
0.955978 -0.242658
0.95485 -0.24564
0.953694 -0.248654
0.952509 -0.251701
0.951295 -0.254779
0.95005 -0.25789
0.948775 -0.261033
0.947468 -0.264209
0.946128 -0.267417
0.944756 -0.270658
0.94335 -0.273931
0.941909 -0.277238
0.940433 -0.280577
0.938921 -0.283949
0.937371 -0.287355
0.935784 -0.290793
0.934158 -0.294265
0.932492 -0.297769
0.930787 -0.301307
0.929039 -0.304877
0.92725 -0.308481
0.925417 -0.312117
0.92354 -0.315786
0.921618 -0.319488
0.91965 -0.323222
0.917635 -0.326989
0.915572 -0.330788
0.91346 -0.334619
0.911298 -0.338482
0.909085 -0.342377
0.906819 -0.346303
0.904501 -0.35026
0.902127 -0.354248
0.899699 -0.358267
0.897214 -0.362316
0.894671 -0.366394
0.892069 -0.370502
0.889407 -0.374638
0.886684 -0.378803
0.883899 -0.382996
0.88105 -0.387216
0.878137 -0.391463
0.875157 -0.395736
0.87211 -0.400035
0.868995 -0.404358
0.86581 -0.408706
0.862554 -0.413077
0.859226 -0.41747
0.855824 -0.421885
0.852348 -0.426321
0.848796 -0.430777
0.845166 -0.435251
0.841458 -0.439744
0.83767 -0.444253
0.833801 -0.448777
0.82985 -0.453317
0.825815 -0.457869
0.821695 -0.462433
0.81749 -0.467008
0.813196 -0.471593
0.808814 -0.476185
0.804342 -0.480783
0.799779 -0.485387
0.795124 -0.489993
0.790375 -0.494601
0.785532 -0.499208
0.780593 -0.503814
0.775557 -0.508416
0.770423 -0.513012
0.765189 -0.517601
0.759856 -0.522179
0.754422 -0.526746
0.748885 -0.531299
0.743245 -0.535836
0.737502 -0.540354
0.731653 -0.544852
0.725699 -0.549326
0.719639 -0.553775
0.713472 -0.558195
0.707196 -0.562585
0.700813 -0.566941
0.694321 -0.571261
0.687719 -0.575543
0.681008 -0.579782
0.674186 -0.583977
0.667255 -0.588124
0.660212 -0.592221
0.65306 -0.596264
0.645796 -0.600251
0.638422 -0.604177
0.630938 -0.608041
0.623344 -0.611838
0.615639 -0.615565
0.607826 -0.61922
0.599904 -0.622798
0.591874 -0.626296
0.583736 -0.629711
0.575492 -0.63304
0.567143 -0.636278
0.558689 -0.639423
0.550132 -0.64247
0.541474 -0.645417
0.532715 -0.648259
0.523858 -0.650993
0.514905 -0.653616
0.505856 -0.656124
0.496714 -0.658513
0.487482 -0.660781
0.478162 -0.662922
0.468755 -0.664935
0.459265 -0.666815
0.449695 -0.668559
0.440047 -0.670164
0.430324 -0.671626
0.42053 -0.672943
0.410667 -0.674111
0.40074 -0.675126
0.390751 -0.675986
0.380705 -0.676688
0.370605 -0.67723
0.360456 -0.677607
0.350261 -0.677818
0.340025 -0.67786
0.329752 -0.677731
0.319447 -0.677428
0.309114 -0.676949
0.298758 -0.676293
0.288384 -0.675456
0.277998 -0.674438
0.267603 -0.673237
0.257205 -0.671852
0.24681 -0.670281
0.236422 -0.668523
0.226048 -0.666577
0.215693 -0.664443
0.205362 -0.66212
0.195061 -0.659607
0.184795 -0.656905
0.174571 -0.654014
0.164394 -0.650934
0.15427 -0.647665
0.144204 -0.644208
0.134203 -0.640564
0.124273 -0.636734
0.114418 -0.63272
0.104645 -0.628522
0.0949591 -0.624143
0.0853668 -0.619585
0.0758733 -0.61485
0.0664842 -0.60994
0.0572051 -0.604858
0.0480413 -0.599606
0.0389982 -0.594189
0.030081 -0.588608
0.021295 -0.582868
0.012645 -0.576971
0.00413607 -0.570923
-0.00422711 -0.564726
-0.0124399 -0.558386
-0.0204978 -0.551906
-0.0283966 -0.545291
-0.036132 -0.538546
-0.0437002 -0.531675
-0.0510973 -0.524684
-0.0583197 -0.517577
-0.065364 -0.510361
-0.072227 -0.50304
-0.0789057 -0.49562
-0.0853974 -0.488107
-0.0916994 -0.480506
-0.0978093 -0.472823
-0.103725 -0.465064
-0.109445 -0.457235
-0.114967 -0.449342
-0.12029 -0.441391
-0.125412 -0.433388
-0.130333 -0.42534
-0.135052 -0.417252
-0.139568 -0.40913
-0.143881 -0.400982
-0.147991 -0.392812
-0.151898 -0.384627
-0.155603 -0.376434
-0.159106 -0.368237
-0.162408 -0.360044
-0.16551 -0.351859
-0.168414 -0.34369
-0.171121 -0.335541
-0.173632 -0.327419
-0.17595 -0.319328
-0.178076 -0.311275
-0.180013 -0.303264
-0.181764 -0.295302
-0.183331 -0.287392
-0.184717 -0.279541
-0.185925 -0.271753
-0.186958 -0.264032
-0.187819 -0.256383
-0.188512 -0.248811
-0.189041 -0.241319
-0.189408 -0.233912
-0.189619 -0.226594
-0.189676 -0.219368
-0.189585 -0.212238
-0.189348 -0.205207
-0.18897 -0.198278
-0.188456 -0.191455
-0.18781 -0.18474
-0.187036 -0.178135
-0.186139 -0.171644
-0.185123 -0.165267
-0.183993 -0.159009
-0.182752 -0.152869
-0.181407 -0.14685
-0.179961 -0.140954
-0.178419 -0.135181
-0.176785 -0.129534
-0.175065 -0.124012
-0.173262 -0.118616
-0.171381 -0.113348
-0.169427 -0.108208
-0.167403 -0.103195
-0.165315 -0.0983105
-0.163167 -0.093554
-0.160963 -0.0889254
-0.158706 -0.0844244
-0.156402 -0.0800504
-0.154055 -0.075803
-0.151667 -0.0716813
-0.149244 -0.0676845
-0.146789 -0.0638116
-0.144306 -0.0600616
-0.141798 -0.0564332
-0.139269 -0.0529252
-0.136722 -0.0495362
-0.134161 -0.0462646
-0.131589 -0.0431088
-0.12901 -0.0400673
-0.126425 -0.0371382
-0.123838 -0.0343197
-0.121252 -0.0316101
-0.11867 -0.0290072
-0.116094 -0.0265092
-0.113527 -0.0241139
-0.110971 -0.0218193
-0.108428 -0.0196232
-0.105901 -0.0175235
-0.103392 -0.015518
-0.100902 -0.0136044
-0.0984329 -0.0117806
-0.0959875 -0.0100441
-0.0935669 -0.00839275
-0.0911726 -0.00682426
-0.0888062 -0.00533632
-0.0864689 -0.00392663
-0.084162 -0.0025929
-0.0818867 -0.00133283
-0.079644 -0.000144149
-0.0774349 0.000975422
-0.0752603 0.00202813
-0.073121 0.00301622
-0.0710177 0.00394191
-0.0689511 0.00480738
-0.0669217 0.00561481
-0.06493 0.00636633
-0.0629764 0.00706405
-0.0610613 0.00771006
-0.0591849 0.00830639
-0.0573475 0.00885505
-0.0555492 0.00935802
-0.0537901 0.00981723
-0.0520701 0.0102346
-0.0503894 0.0106119
-0.0487478 0.010951
-0.0471452 0.0112537
-0.0455814 0.0115217
-0.0440562 0.0117567
-0.0425694 0.0119603
-0.0411207 0.0121341
-0.0397097 0.0122797
-0.0383361 0.0123985
-0.0369994 0.0124921
-0.0356993 0.0125618
-0.0344352 0.0126089
-0.0332068 0.012635
-0.0320134 0.0126411
-0.0308547 0.0126286
-0.0297299 0.0125986
-0.0286386 0.0125522
-0.0275802 0.0124907
-0.0265542 0.012415
-0.0255598 0.0123261
-0.0245964 0.0122251
-0.0236636 0.0121129
-0.0227605 0.0119903
-0.0218867 0.0118583
-0.0210414 0.0117176
-0.0202239 0.011569
-0.0194338 0.0114133
-0.0186702 0.0112512
-0.0179326 0.0110834
-0.0172203 0.0109104
-0.0165327 0.010733
-0.0158691 0.0105517
-0.0152289 0.0103669
-0.0146115 0.0101794
-0.0140162 0.00998943
-0.0134424 0.00979759
-0.0128895 0.00960428
-0.0123569 0.00940989
-0.011844 0.00921482
-0.0113503 0.00901941
-0.010875 0.008824
-0.0104177 0.0086289
-0.00997786 0.0084344
-0.00955484 0.00824077
-0.00914813 0.00804824
-0.00875722 0.00785706
-0.00838157 0.00766744
-0.00802068 0.00747957
-0.00767407 0.00729362
-0.00734124 0.00710976
-0.00702172 0.00692814
-0.00671506 0.00674888
-0.00642079 0.00657212
-0.00613849 0.00639795
-0.00586773 0.00622647
-0.00560809 0.00605777
-0.00535917 0.00589192
-0.00512058 0.00572898
-0.00489193 0.00556901
-0.00467286 0.00541204
-0.004463 0.00525812
-0.00426201 0.00510728
-0.00406955 0.00495953
-0.00388529 0.00481489
-0.00370891 0.00467337
-0.00354012 0.00453497
-0.0033786 0.00439968
-0.00322408 0.0042675
-0.00307627 0.00413842
-0.00293491 0.00401241
-0.00279974 0.00388945
-0.00267051 0.00376953
-0.00254697 0.0036526
-0.0024289 0.00353864
-0.00231607 0.00342762
-0.00220826 0.00331949
-0.00210527 0.00321422
-0.00200688 0.00311176
-0.00191292 0.00301208
-0.00182319 0.00291512
-0.00173752 0.00282085
-0.00165572 0.00272921
-0.00157765 0.00264016
-0.00150312 0.00255364
-0.00143201 0.00246962
-0.00136414 0.00238803
-0.00129939 0.00230883
-0.00123762 0.00223196
-0.0011787 0.00215738
-0.0011225 0.00208504
-0.00106891 0.00201487
-0.0010178 0.00194684
-0.000969065 0.00188089
-0.000922605 0.00181697
-0.000878314 0.00175503
-0.000836096 0.00169503
-0.000795858 0.0016369
-0.000757509 0.00158061
-0.000720966 0.0015261
-0.000686145 0.00147334
-0.000652968 0.00142226
-0.000621361 0.00137283
-0.000591252 0.001325
-0.000562571 0.00127872
-0.000535254 0.00123396
-0.000509237 0.00119066
-0.000484461 0.00114879
-0.000460868 0.00110831
-0.000438403 0.00106917
-0.000417014 0.00103134
-0.00039665 0.00099477
-0.000377264 0.000959432
-0.00035881 0.000925284
-0.000341244 0.000892293
-0.000324525 0.000860421
-0.000308612 0.000829634
-0.000293469 0.000799899
-0.000279057 0.000771183
-0.000265344 0.000743453
-0.000252295 0.000716679
-0.000239879 0.00069083
-0.000228066 0.000665877
-0.000216828 0.000641791
-0.000206136 0.000618544
-0.000195966 0.000596109
-0.000186291 0.000574458
-0.000177089 0.000553568
-0.000168336 0.000533412
-0.000160011 0.000513966
-0.000152093 0.000495206
-0.000144563 0.000477111
-0.000137402 0.000459657
-0.000130592 0.000442824
-0.000124117 0.000426589
-0.000117959 0.000410934
-0.000112105 0.000395837
-0.000106538 0.000381282
-0.000101246 0.000367247
-9.62136e-05 0.000353717
-9.14298e-05 0.000340674
-8.68819e-05 0.0003281
-8.25584e-05 0.00031598
-7.84485e-05 0.000304298
-7.45416e-05 0.000293039
-7.08279e-05 0.000282187
-6.7298e-05 0.00027173
-6.39427e-05 0.000261652
-6.07537e-05 0.000251941
-5.77226e-05 0.000242584
-5.48418e-05 0.000233568
-5.21039e-05 0.000224881
-4.95019e-05 0.000216511
-4.7029e-05 0.000208448
-4.4679e-05 0.000200681
-4.24457e-05 0.000193198
-4.03235e-05 0.00018599
-3.83068e-05 0.000179047
-3.63904e-05 0.000172359
-3.45695e-05 0.000165918
-3.28392e-05 0.000159714
-3.11951e-05 0.000153739
-2.96329e-05 0.000147984
-2.81486e-05 0.000142442
-2.67383e-05 0.000137105
-2.53984e-05 0.000131966
-2.41253e-05 0.000127017
-2.29158e-05 0.000122251
-2.17667e-05 0.000117662
-2.0675e-05 0.000113244
-1.96378e-05 0.00010899
-1.86525e-05 0.000104894
-1.77164e-05 0.00010095
-1.68272e-05 9.71534e-05
-1.59824e-05 9.34981e-05
-1.51799e-05 8.9979e-05
-1.44176e-05 8.65911e-05
-1.36934e-05 8.33297e-05
-1.30055e-05 8.01901e-05
-1.2352e-05 7.71678e-05
-1.17313e-05 7.42585e-05
-1.11417e-05 7.1458e-05
-1.05816e-05 6.87623e-05
-1.00496e-05 6.61675e-05
-9.54432e-06 6.36699e-05
-9.06435e-06 6.1266e-05
-8.60846e-06 5.89521e-05
-8.17544e-06 5.67251e-05
-7.76415e-06 5.45817e-05
-7.3735e-06 5.25187e-05
-7.00247e-06 5.05332e-05
-6.65006e-06 4.86223e-05
-6.31535e-06 4.67833e-05
-5.99745e-06 4.50134e-05
-5.69552e-06 4.33101e-05
-5.40876e-06 4.16709e-05
-5.13642e-06 4.00934e-05
-4.87775e-06 3.85753e-05
-4.6321e-06 3.71144e-05
-4.39879e-06 3.57086e-05
-4.17721e-06 3.43557e-05
-3.96677e-06 3.30539e-05
-3.76692e-06 3.18012e-05
-3.57712e-06 3.05957e-05
-3.39687e-06 2.94357e-05
-3.22569e-06 2.83196e-05
-3.06312e-06 2.72456e-05
-2.90873e-06 2.62121e-05
-2.76211e-06 2.52177e-05
-2.62288e-06 2.42609e-05
-2.49065e-06 2.33402e-05
-2.36508e-06 2.24544e-05
-2.24583e-06 2.16021e-05
-2.13259e-06 2.0782e-05
-2.02505e-06 1.99929e-05
-1.92293e-06 1.92337e-05
-1.82595e-06 1.85033e-05
-1.73386e-06 1.78005e-05
-1.6464e-06 1.71243e-05
-1.56335e-06 1.64737e-05
-1.48449e-06 1.58478e-05
-1.4096e-06 1.52456e-05
-1.33849e-06 1.46662e-05
-1.27096e-06 1.41087e-05
-1.20683e-06 1.35725e-05
-1.14594e-06 1.30565e-05
-1.08812e-06 1.25601e-05
-1.03321e-06 1.20825e-05
-9.81067e-07 1.16231e-05
-9.31556e-07 1.11811e-05
-8.84542e-07 1.07558e-05
-8.39898e-07 1.03467e-05
-7.97506e-07 9.95313e-06
