re im
-3.90169 1.79455
-3.78443 1.76334
-3.67034 1.7325
-3.55932 1.70203
-3.45132 1.67192
-3.34624 1.64218
-3.24402 1.6128
-3.14459 1.58377
-3.04788 1.5551
-2.95381 1.52677
-2.86233 1.4988
-2.77336 1.47117
-2.68685 1.44388
-2.60274 1.41693
-2.52095 1.39033
-2.44145 1.36405
-2.36416 1.33811
-2.28904 1.31251
-2.21603 1.28723
-2.14507 1.26227
-2.07612 1.23764
-2.00912 1.21334
-1.94403 1.18935
-1.8808 1.16569
-1.81938 1.14234
-1.75972 1.1193
-1.70179 1.09658
-1.64553 1.07417
-1.59091 1.05207
-1.53788 1.03028
-1.48641 1.00879
-1.43645 0.987613
-1.38796 0.966734
-1.34092 0.946157
-1.29528 0.92588
-1.251 0.905901
-1.20805 0.886219
-1.1664 0.866831
-1.126 0.847737
-1.08684 0.828935
-1.04888 0.810423
-1.01209 0.7922
-0.976427 0.774263
-0.941873 0.756613
-0.908397 0.739246
-0.875969 0.722161
-0.844562 0.705357
-0.814148 0.688831
-0.784702 0.672583
-0.756196 0.65661
-0.728605 0.640911
-0.701906 0.625484
-0.676072 0.610327
-0.651081 0.595438
-0.626909 0.580815
-0.603533 0.566457
-0.580932 0.552361
-0.559083 0.538525
-0.537966 0.524948
-0.517559 0.511627
-0.497843 0.498561
-0.478797 0.485746
-0.460403 0.473181
-0.44264 0.460864
-0.425492 0.448792
-0.408939 0.436963
-0.392965 0.425375
-0.377551 0.414024
-0.362682 0.40291
-0.34834 0.392028
-0.33451 0.381377
-0.321175 0.370954
-0.308322 0.360757
-0.295934 0.350782
-0.283998 0.341028
-0.272499 0.331491
-0.261423 0.322168
-0.250757 0.313057
-0.240487 0.304155
-0.230602 0.295459
-0.221088 0.286966
-0.211933 0.278674
-0.203125 0.270579
-0.194653 0.262678
-0.186506 0.254969
-0.178673 0.247448
-0.171142 0.240113
-0.163905 0.23296
-0.15695 0.225987
-0.150268 0.21919
-0.143849 0.212566
-0.137685 0.206113
-0.131766 0.199826
-0.126083 0.193704
-0.120629 0.187744
-0.115394 0.181941
-0.110371 0.176293
-0.105553 0.170798
-0.100931 0.165451
-0.0964994 0.160251
-0.0922498 0.155193
-0.088176 0.150276
-0.0842712 0.145496
-0.0805292 0.14085
-0.0769437 0.136335
-0.0735088 0.131949
-0.0702187 0.127689
-0.0670678 0.123551
-0.0640507 0.119533
-0.0611623 0.115632
-0.0583973 0.111846
-0.0557511 0.108172
-0.0532188 0.104606
-0.050796 0.101147
-0.0484782 0.0977918
-0.0462612 0.0945377
-0.044141 0.0913824
-0.0421137 0.0883233
-0.0401753 0.0853579
-0.0383224 0.0824838
-0.0365513 0.0796987
-0.0348587 0.0770002
-0.0332414 0.074386
-0.0316961 0.0718538
-0.0302198 0.0694015
-0.0288098 0.0670268
-0.0274631 0.0647276
-0.026177 0.0625019
-0.0249491 0.0603475
-0.0237768 0.0582626
-0.0226577 0.056245
-0.0215895 0.0542929
-0.02057 0.0524044
-0.0195972 0.0505776
-0.0186689 0.0488108
-0.0177833 0.0471022
-0.0169385 0.0454501
-0.0161326 0.0438528
-0.015364 0.0423086
-0.014631 0.0408159
-0.013932 0.0393733
-0.0132655 0.0379791
-0.0126301 0.0366319
-0.0120243 0.0353302
-0.0114469 0.0340726
-0.0108966 0.0328578
-0.010372 0.0316844
-0.00987219 0.0305511
-0.00939589 0.0294566
-0.00894207 0.0283998
-0.00850969 0.0273794
-0.00809779 0.0263942
-0.00770541 0.0254431
-0.00733167 0.024525
-0.0069757 0.0236388
-0.00663669 0.0227835
-0.00631384 0.0219581
-0.00600642 0.0211616
-0.0057137 0.0203931
-0.00543499 0.0196515
-0.00516966 0.0189361
-0.00491706 0.018246
-0.00467661 0.0175802
-0.00444773 0.0169381
-0.00422988 0.0163187
-0.00402254 0.0157214
-0.00382521 0.0151453
-0.00363743 0.0145898
-0.00345874 0.0140541
-0.00328871 0.0135377
-0.00312692 0.0130397
-0.00297299 0.0125596
-0.00282655 0.0120968
-0.00268723 0.0116507
-0.00255469 0.0112206
-0.00242861 0.0108061
-0.00230869 0.0104066
-0.00219462 0.0100215
-0.00208612 0.00965042
-0.00198293 0.0092928
-0.0018848 0.00894819
-0.00179147 0.00861612
-0.00170271 0.00829615
-0.00161832 0.00798785
-0.00153806 0.00769082
-0.00146175 0.00740465
-0.00138919 0.00712895
-0.00132021 0.00686335
-0.00125461 0.0066075
-0.00119226 0.00636104
-0.00113297 0.00612364
-0.00107661 0.00589497
-0.00102303 0.00567472
-0.000972101 0.00546259
-0.000923687 0.00525828
-0.000877667 0.00506152
-0.000833923 0.00487202
-0.000792345 0.00468954
-0.000752827 0.0045138
-0.000715267 0.00434458
-0.000679569 0.00418162
-0.000645641 0.00402471
-0.000613398 0.00387363
-0.000582755 0.00372815
-0.000553635 0.00358809
-0.000525961 0.00345323
-0.000499664 0.00332339
-0.000474674 0.00319839
-0.000450928 0.00307804
-0.000428364 0.00296219
-0.000406923 0.00285065
-0.00038655 0.00274328
-0.000367193 0.00263992
-0.000348801 0.00254042
-0.000331326 0.00244464
-0.000314722 0.00235245
-0.000298948 0.0022637
-0.00028396 0.00217828
-0.000269721 0.00209606
-0.000256194 0.00201692
-0.000243342 0.00194075
-0.000231132 0.00186743
-0.000219533 0.00179687
-0.000208514 0.00172896
-0.000198046 0.00166359
-0.000188102 0.00160069
-0.000178656 0.00154015
-0.000169682 0.00148188
-0.000161158 0.00142581
-0.000153061 0.00137185
-0.00014537 0.00131992
-0.000138063 0.00126994
-0.000131123 0.00122185
-0.000124531 0.00117557
-0.00011827 0.00113103
-0.000112322 0.00108818
-0.000106673 0.00104694
-0.000101307 0.00100725
-9.62109e-05 0.000969066
-9.13703e-05 0.000932322
-8.67726e-05 0.000896965
-8.24057e-05 0.000862944
-7.82582e-05 0.000830208
-7.4319e-05 0.000798709
-7.05776e-05 0.000768401
-6.70242e-05 0.000739239
-6.36494e-05 0.00071118
-6.04442e-05 0.000684182
-5.74001e-05 0.000658206
-5.4509e-05 0.000633213
-5.17633e-05 0.000609165
-4.91556e-05 0.000586029
-4.66791e-05 0.000563768
-4.43272e-05 0.00054235
-4.20936e-05 0.000521744
-3.99724e-05 0.000501919
-3.79579e-05 0.000482845
-3.60447e-05 0.000464493
-3.42279e-05 0.000446838
-3.25025e-05 0.000429852
-3.0864e-05 0.00041351
-2.9308e-05 0.000397788
-2.78303e-05 0.000382662
-2.6427e-05 0.00036811
-2.50944e-05 0.00035411
-2.38289e-05 0.000340642
-2.26272e-05 0.000327685
-2.1486e-05 0.000315219
-2.04022e-05 0.000303227
-1.93731e-05 0.00029169
-1.83959e-05 0.000280592
-1.74679e-05 0.000269914
-1.65866e-05 0.000259643
-1.57498e-05 0.000249762
-1.49552e-05 0.000240256
-1.42006e-05 0.000231111
-1.3484e-05 0.000222314
-1.28036e-05 0.000213851
-1.21575e-05 0.000205709
-1.15439e-05 0.000197878
-1.09613e-05 0.000190344
-1.04081e-05 0.000183096
-9.8828e-06 0.000176124
-9.38397e-06 0.000169417
-8.91031e-06 0.000162965
-8.46053e-06 0.000156759
-8.03344e-06 0.000150789
-7.6279e-06 0.000145045
-7.24282e-06 0.000139521
-6.87716e-06 0.000134206
-6.52996e-06 0.000129094
-6.20027e-06 0.000124176
-5.88722e-06 0.000119445
-5.58996e-06 0.000114895
-5.30771e-06 0.000110517
-5.0397e-06 0.000106306
-4.78521e-06 0.000102256
-4.54357e-06 9.83595e-05
-4.31412e-06 9.46115e-05
-4.09626e-06 9.10062e-05
-3.88939e-06 8.75381e-05
-3.69297e-06 8.42021e-05
-3.50646e-06 8.09932e-05
-3.32937e-06 7.79064e-05
-3.16121e-06 7.49371e-05
-3.00155e-06 7.2081e-05
-2.84994e-06 6.93336e-05
-2.70599e-06 6.66909e-05
-2.56931e-06 6.41488e-05
-2.43953e-06 6.17036e-05
-2.31631e-06 5.93515e-05
-2.1993e-06 5.7089e-05
-2.0882e-06 5.49127e-05
-1.98272e-06 5.28193e-05
-1.88256e-06 5.08057e-05
-1.78746e-06 4.88688e-05
-1.69716e-06 4.70057e-05
-1.61142e-06 4.52135e-05
-1.53001e-06 4.34897e-05
-1.45271e-06 4.18316e-05
-1.37932e-06 4.02366e-05
-1.30963e-06 3.87024e-05
-1.24347e-06 3.72267e-05
-1.18064e-06 3.58073e-05
-1.12099e-06 3.44419e-05
-1.06435e-06 3.31286e-05
-1.01058e-06 3.18653e-05
-9.59517e-07 3.06502e-05
-9.11036e-07 2.94814e-05
-8.65003e-07 2.83571e-05
-8.21297e-07 2.72757e-05
-7.79798e-07 2.62356e-05
-7.40395e-07 2.52351e-05
-7.02983e-07 2.42727e-05
-6.67461e-07 2.3347e-05
-6.33734e-07 2.24566e-05
-6.01711e-07 2.16001e-05
-5.71305e-07 2.07763e-05
-5.42436e-07 1.9984e-05
-5.15025e-07 1.92218e-05
-4.88999e-07 1.84887e-05
-4.64289e-07 1.77835e-05
-4.40826e-07 1.71052e-05
-4.18549e-07 1.64528e-05
-3.97398e-07 1.58253e-05
-3.77315e-07 1.52216e-05
-3.58247e-07 1.46411e-05
-3.40143e-07 1.40826e-05
-3.22953e-07 1.35454e-05
-3.06632e-07 1.30288e-05
-2.91136e-07 1.25318e-05
-2.76423e-07 1.20538e-05
-2.62453e-07 1.1594e-05
-2.49189e-07 1.11517e-05
-2.36596e-07 1.07264e-05
-2.24638e-07 1.03172e-05
-2.13285e-07 9.92363e-06
-2.02506e-07 9.54508e-06
-1.92271e-07 9.18097e-06
-1.82554e-07 8.83074e-06
-1.73328e-07 8.49387e-06
-1.64568e-07 8.16985e-06
-1.5625e-07 7.85819e-06
-1.48353e-07 7.55842e-06
-1.40855e-07 7.27008e-06
-1.33736e-07 6.99274e-06
-1.26977e-07 6.72597e-06
-1.20559e-07 6.46938e-06
-1.14466e-07 6.22258e-06
-1.08681e-07 5.9852e-06
-1.03188e-07 5.75686e-06
-9.79723e-08 5.53724e-06
-9.30204e-08 5.32599e-06
-8.83189e-08 5.12281e-06
-8.3855e-08 4.92737e-06
-7.96166e-08 4.73939e-06
-7.55925e-08 4.55858e-06
-7.17718e-08 4.38466e-06
-6.81441e-08 4.21738e-06
-6.46999e-08 4.05648e-06
-6.14296e-08 3.90172e-06
-5.83247e-08 3.75287e-06
-5.53767e-08 3.60969e-06
-5.25777e-08 3.47197e-06
-4.99202e-08 3.33951e-06
-4.73969e-08 3.2121e-06
-4.50012e-08 3.08955e-06
-4.27266e-08 2.97168e-06
-4.0567e-08 2.8583e-06
-3.85165e-08 2.74925e-06
-3.65697e-08 2.64436e-06
-3.47212e-08 2.54347e-06
-3.29662e-08 2.44643e-06
-3.12999e-08 2.35309e-06
-2.97178e-08 2.26331e-06
-2.82157e-08 2.17696e-06
-2.67895e-08 2.0939e-06
-2.54353e-08 2.01401e-06
-2.41497e-08 1.93716e-06
-2.2929e-08 1.86325e-06
-2.177e-08 1.79216e-06
-2.06696e-08 1.72379e-06
-1.96248e-08 1.65802e-06
-1.86328e-08 1.59476e-06
-1.7691e-08 1.53391e-06
-1.67968e-08 1.47538e-06
-1.59477e-08 1.41909e-06
-1.51416e-08 1.36495e-06
-1.43762e-08 1.31287e-06
-1.36495e-08 1.26278e-06
-1.29596e-08 1.21459e-06
-1.23045e-08 1.16825e-06
-1.16825e-08 1.12368e-06
-1.1092e-08 1.0808e-06
-1.05313e-08 1.03956e-06
-9.999e-09 9.999e-07
