u mag asin fase fasin
0.01 -0.000434273 0 -0.572939 0
0.0103128 -0.000461867 0 -0.590861 0
0.0106354 -0.000491215 0 -0.609343 0
0.0109682 -0.000522427 0 -0.628404 0
0.0113113 -0.000555623 0 -0.648061 0
0.0116651 -0.000590927 0 -0.668332 0
0.0120301 -0.000628475 0 -0.689238 0
0.0124064 -0.000668408 0 -0.710797 0
0.0127945 -0.000710879 0 -0.733031 0
0.0131948 -0.000756048 0 -0.75596 0
0.0136075 -0.000804086 0 -0.779606 0
0.0140332 -0.000855177 0 -0.803991 0
0.0144722 -0.000909513 0 -0.829139 0
0.014925 -0.000967302 0 -0.855073 0
0.0153919 -0.00102876 0 -0.881819 0
0.0158734 -0.00109413 0 -0.9094 0
0.0163699 -0.00116364 0 -0.937844 0
0.016882 -0.00123758 0 -0.967177 0
0.0174102 -0.00131621 0 -0.997428 0
0.0179548 -0.00139983 0 -1.02862 0
0.0185165 -0.00148877 0 -1.0608 0
0.0190957 -0.00158335 0 -1.09397 0
0.0196931 -0.00168395 0 -1.12819 0
0.0203092 -0.00179093 0 -1.16347 0
0.0209445 -0.00190471 0 -1.19986 0
0.0215997 -0.00202572 0 -1.23738 0
0.0222754 -0.00215441 0 -1.27608 0
0.0229723 -0.00229128 0 -1.31598 0
0.0236909 -0.00243684 0 -1.35714 0
0.024432 -0.00259164 0 -1.39957 0
0.0251964 -0.00275627 0 -1.44334 0
0.0259846 -0.00293136 0 -1.48847 0
0.0267975 -0.00311757 0 -1.53501 0
0.0276358 -0.0033156 0 -1.58301 0
0.0285003 -0.0035262 0 -1.63251 0
0.0293919 -0.00375018 0 -1.68355 0
0.0303114 -0.00398837 0 -1.73618 0
0.0312596 -0.00424169 0 -1.79046 0
0.0322375 -0.00451109 0 -1.84643 0
0.033246 -0.00479758 0 -1.90415 0
0.034286 -0.00510227 0 -1.96367 0
0.0353586 -0.00542629 0 -2.02505 0
0.0364647 -0.00577087 0 -2.08835 0
0.0376055 -0.00613732 0 -2.15362 0
0.0387819 -0.00652703 0 -2.22092 0
0.0399951 -0.00694146 0 -2.29033 0
0.0412463 -0.00738218 0 -2.3619 0
0.0425366 -0.00785085 0 -2.4357 0
0.0438673 -0.00834925 0 -2.5118 0
0.0452396 -0.00887927 0 -2.59027 0
0.0466548 -0.00944289 0 -2.67119 0
0.0481143 -0.0100422 0 -2.75462 0
0.0496195 -0.0106796 0 -2.84066 0
0.0511717 -0.0113573 0 -2.92937 0
0.0527725 -0.012078 0 -3.02084 0
0.0544234 -0.0128444 0 -3.11516 0
0.056126 -0.0136593 0 -3.21241 0
0.0578818 -0.0145258 0 -3.31268 0
0.0596925 -0.0154473 0 -3.41607 0
0.0615599 -0.016427 0 -3.52268 0
0.0634857 -0.0174687 0 -3.63258 0
0.0654717 -0.0185764 0 -3.7459 0
0.0675198 -0.0197542 0 -3.86274 0
0.0696321 -0.0210064 0 -3.98319 0
0.0718104 -0.0223379 0 -4.10738 0
0.0740568 -0.0237534 0 -4.23541 0
0.0763736 -0.0252585 0 -4.36741 0
0.0787628 -0.0268586 0 -4.50348 0
0.0812267 -0.0285597 0 -4.64375 0
0.0837678 -0.0303682 0 -4.78836 0
0.0863883 -0.0322908 0 -4.93743 0
0.0890908 -0.0343346 0 -5.09108 0
0.0918778 -0.0365072 0 -5.24947 0
0.0947521 -0.0388168 0 -5.41273 0
0.0977162 -0.0412717 0 -5.58101 0
0.100773 -0.0438811 0 -5.75444 -0.150502
0.103926 -0.0466546 0 -5.9332 -0.752508
0.107177 -0.0496024 0 -6.11742 -1.35452
0.11053 -0.0527353 0 -6.30727 -1.95652
0.113987 -0.0560648 0 -6.50292 -2.55853
0.117553 -0.0596031 0 -6.70453 -3.16054
0.121231 -0.0633631 0 -6.91227 -3.76254
0.125023 -0.0673584 0 -7.12631 -4.36455
0.128934 -0.0716036 0 -7.34685 -4.96656
0.132968 -0.076114 0 -7.57405 -5.56856
0.137127 -0.0809059 0 -7.80811 -6.17057
0.141417 -0.0859965 0 -8.04922 -6.77258
0.145841 -0.091404 0 -8.29757 -7.37458
0.150403 -0.0971478 0 -8.55337 -7.97659
0.155108 -0.103248 0 -8.8168 -8.5786
0.159961 -0.109727 0 -9.08808 -9.1806
0.164965 -0.116607 0 -9.36742 -9.78261
0.170125 -0.123912 0 -9.65503 -10.3846
0.175447 -0.131668 0 -9.95112 -10.9866
0.180936 -0.139901 0 -10.2559 -11.5886
0.186596 -0.14864 0 -10.5696 -12.1906
0.192434 -0.157916 0 -10.8925 -12.7926
0.198454 -0.167759 0 -11.2247 -13.3946
0.204662 -0.178204 0 -11.5665 -13.9967
0.211064 -0.189285 0 -11.9182 -14.5987
0.217667 -0.201038 0 -12.2799 -15.2007
0.224476 -0.213504 0 -12.6518 -15.8027
0.231499 -0.226723 0 -13.0343 -16.4047
0.238741 -0.240738 0 -13.4275 -17.0067
0.246209 -0.255594 0 -13.8316 -17.6087
0.253911 -0.271338 0 -14.247 -18.2107
0.261855 -0.288021 0 -14.6737 -18.8127
0.270046 -0.305694 0 -15.112 -19.4147
0.278494 -0.324411 0 -15.5622 -20.0167
0.287206 -0.344229 0 -16.0244 -20.6187
0.296191 -0.365208 0 -16.4988 -21.2207
0.305457 -0.387409 0 -16.9856 -21.8227
0.315012 -0.410897 0 -17.4851 -22.4247
0.324867 -0.435739 0 -17.9973 -23.0268
0.33503 -0.462005 0 -18.5224 -23.6288
0.345511 -0.489766 0 -19.0606 -24.2308
0.356319 -0.519099 0 -19.612 -24.8328
0.367466 -0.550079 0 -20.1767 -25.4348
0.378962 -0.582787 0 -20.7548 -26.0368
0.390817 -0.617305 0 -21.3464 -26.6388
0.403043 -0.653719 0 -21.9515 -27.2408
0.415651 -0.692114 0 -22.5703 -27.8428
0.428654 -0.732579 0 -23.2026 -28.4448
0.442064 -0.775207 0 -23.8485 -29.0468
0.455893 -0.820088 0 -24.5079 -29.6488
0.470155 -0.867318 0 -25.1808 -30.2508
0.484863 -0.916992 0 -25.867 -30.8528
0.500031 -0.969207 0 -26.5665 -31.4548
0.515673 -1.02406 0 -27.2789 -32.0569
0.531805 -1.08165 0 -28.0043 -32.6589
0.548442 -1.14207 0 -28.7422 -33.2609
0.565599 -1.20542 0 -29.4924 -33.8629
0.583292 -1.27179 0 -30.2547 -34.4649
0.60154 -1.34129 0 -31.0286 -35.0669
0.620358 -1.41401 0 -31.8137 -35.6689
0.639764 -1.49003 0 -32.6097 -36.2709
0.659778 -1.56945 0 -33.416 -36.8729
0.680418 -1.65235 0 -34.2321 -37.4749
0.701704 -1.73882 0 -35.0575 -38.0769
0.723655 -1.82893 0 -35.8916 -38.6789
0.746294 -1.92276 0 -36.7337 -39.2809
0.76964 -2.02037 0 -37.5833 -39.8829
0.793717 -2.12184 0 -38.4396 -40.4849
0.818547 -2.22721 0 -39.3019 -41.087
0.844153 -2.33655 0 -40.1695 -41.689
0.870561 -2.44988 0 -41.0416 -42.291
0.897795 -2.56726 0 -41.9173 -42.893
0.925881 -2.68872 0 -42.796 -43.495
0.954846 -2.81427 0 -43.6768 -44.097
0.984716 -2.94393 0 -44.5588 -44.699
1.01552 -3.0777 -0.133779 -45.4412 -45.301
1.04729 -3.2156 -0.401338 -46.3232 -45.903
1.08005 -3.35761 -0.668896 -47.204 -46.505
1.11384 -3.50372 -0.936455 -48.0827 -47.107
1.14868 -3.6539 -1.20401 -48.9584 -47.709
1.18462 -3.80812 -1.47157 -49.8305 -48.311
1.22168 -3.96634 -1.73913 -50.6981 -48.913
1.2599 -4.12853 -2.00669 -51.5604 -49.5151
1.29931 -4.29462 -2.27425 -52.4167 -50.1171
1.33996 -4.46456 -2.54181 -53.2663 -50.7191
1.38187 -4.63829 -2.80936 -54.1084 -51.3211
1.4251 -4.81574 -3.07692 -54.9425 -51.9231
1.46968 -4.99683 -3.34448 -55.7679 -52.5251
1.51566 -5.18149 -3.61204 -56.584 -53.1271
1.56308 -5.36963 -3.8796 -57.3903 -53.7291
1.61197 -5.56116 -4.14716 -58.1863 -54.3311
1.6624 -5.75601 -4.41472 -58.9714 -54.9331
1.71441 -5.95407 -4.68227 -59.7453 -55.5351
1.76804 -6.15525 -4.94983 -60.5076 -56.1371
1.82335 -6.35946 -5.21739 -61.2578 -56.7391
1.88039 -6.5666 -5.48495 -61.9957 -57.3411
1.93921 -6.77657 -5.75251 -62.7211 -57.9431
1.99988 -6.98927 -6.02007 -63.4335 -58.5452
2.06244 -7.20462 -6.28763 -64.133 -59.1472
2.12696 -7.4225 -6.55518 -64.8192 -59.7492
2.1935 -7.64283 -6.82274 -65.4921 -60.3512
2.26212 -7.86551 -7.0903 -66.1515 -60.9532
2.33288 -8.09044 -7.35786 -66.7974 -61.5552
2.40586 -8.31753 -7.62542 -67.4297 -62.1572
2.48113 -8.5467 -7.89298 -68.0485 -62.7592
2.55874 -8.77784 -8.16054 -68.6536 -63.3612
2.63879 -9.01088 -8.42809 -69.2452 -63.9632
2.72134 -9.24573 -8.69565 -69.8233 -64.5652
2.80647 -9.48231 -8.96321 -70.388 -65.1672
2.89427 -9.72054 -9.23077 -70.9394 -65.7692
2.98481 -9.96033 -9.49833 -71.4776 -66.3712
3.07818 -10.2016 -9.76589 -72.0027 -66.9732
3.17448 -10.4443 -10.0334 -72.5149 -67.5753
3.27379 -10.6884 -10.301 -73.0144 -68.1773
3.3762 -10.9338 -10.5686 -73.5012 -68.7793
3.48182 -11.1803 -10.8361 -73.9756 -69.3813
3.59074 -11.4281 -11.1037 -74.4378 -69.9833
3.70307 -11.6769 -11.3712 -74.888 -70.5853
3.81891 -11.9268 -11.6388 -75.3263 -71.1873
3.93838 -12.1777 -11.9064 -75.753 -71.7893
4.06159 -12.4295 -12.1739 -76.1684 -72.3913
4.18865 -12.6822 -12.4415 -76.5725 -72.9933
4.31968 -12.9358 -12.709 -76.9657 -73.5953
4.45481 -13.1901 -12.9766 -77.3482 -74.1973
4.59417 -13.4452 -13.2441 -77.7201 -74.7993
4.73789 -13.701 -13.5117 -78.0818 -75.4013
4.88611 -13.9575 -13.7793 -78.4335 -76.0033
5.03896 -14.2146 -14.0468 -78.7753 -76.6054
5.1966 -14.4723 -14.3144 -79.1075 -77.2074
5.35916 -14.7306 -14.5819 -79.4304 -77.8094
5.52681 -14.9894 -14.8495 -79.7441 -78.4114
5.69971 -15.2487 -15.1171 -80.0489 -79.0134
5.87802 -15.5085 -15.3846 -80.345 -79.6154
6.0619 -15.7688 -15.6522 -80.6326 -80.2174
6.25153 -16.0295 -15.9197 -80.9119 -80.8194
6.4471 -16.2905 -16.1873 -81.1832 -81.4214
6.64879 -16.552 -16.4548 -81.4466 -82.0234
6.85678 -16.8138 -16.7224 -81.7024 -82.6254
7.07128 -17.076 -16.99 -81.9508 -83.2274
7.2925 -17.3384 -17.2575 -82.1919 -83.8294
7.52063 -17.6012 -17.5251 -82.4259 -84.4314
7.7559 -17.8642 -17.7926 -82.6532 -85.0334
7.99853 -18.1276 -18.0602 -82.8737 -85.6355
8.24875 -18.3911 -18.3278 -83.0877 -86.2375
8.50679 -18.6549 -18.5953 -83.2955 -86.8395
8.77291 -18.9189 -18.8629 -83.4971 -87.4415
9.04736 -19.1832 -19.1304 -83.6927 -88.0435
9.33039 -19.4476 -19.398 -83.8826 -88.6455
9.62227 -19.7122 -19.6656 -84.0668 -89.2475
9.92329 -19.977 -19.9331 -84.2456 -89.8495
10.2337 -20.2419 -20.2007 -84.419 -90
10.5539 -20.507 -20.4682 -84.5873 -90
10.884 -20.7723 -20.7358 -84.7505 -90
11.2245 -21.0377 -21.0033 -84.9089 -90
11.5756 -21.3032 -21.2709 -85.0626 -90
11.9378 -21.5688 -21.5385 -85.2116 -90
12.3112 -21.8346 -21.806 -85.3562 -90
12.6964 -22.1004 -22.0736 -85.4965 -90
13.0935 -22.3664 -22.3411 -85.6326 -90
13.5031 -22.6324 -22.6087 -85.7646 -90
13.9256 -22.8986 -22.8763 -85.8926 -90
14.3612 -23.1648 -23.1438 -86.0168 -90
14.8105 -23.4311 -23.4114 -86.1373 -90
15.2738 -23.6975 -23.6789 -86.2541 -90
15.7516 -23.964 -23.9465 -86.3674 -90
16.2444 -24.2305 -24.214 -86.4773 -90
16.7525 -24.4971 -24.4816 -86.5839 -90
17.2766 -24.7637 -24.7492 -86.6873 -90
17.8171 -25.0304 -25.0167 -86.7876 -90
18.3744 -25.2971 -25.2843 -86.8848 -90
18.9492 -25.5639 -25.5518 -86.9792 -90
19.542 -25.8308 -25.8194 -87.0706 -90
20.1534 -26.0976 -26.087 -87.1593 -90
20.7838 -26.3646 -26.3545 -87.2454 -90
21.434 -26.6315 -26.6221 -87.3288 -90
22.1045 -26.8985 -26.8896 -87.4097 -90
22.796 -27.1655 -27.1572 -87.4882 -90
23.5092 -27.4326 -27.4247 -87.5643 -90
24.2446 -27.6997 -27.6923 -87.6381 -90
25.0031 -27.9668 -27.9599 -87.7097 -90
25.7852 -28.234 -28.2274 -87.7791 -90
26.5919 -28.5011 -28.495 -87.8464 -90
27.4238 -28.7683 -28.7625 -87.9117 -90
28.2817 -29.0355 -29.0301 -87.9749 -90
29.1664 -29.3028 -29.2977 -88.0363 -90
30.0788 -29.57 -29.5652 -88.0958 -90
31.0198 -29.8373 -29.8328 -88.1536 -90
31.9902 -30.1046 -30.1003 -88.2095 -90
32.9909 -30.3719 -30.3679 -88.2638 -90
34.023 -30.6392 -30.6355 -88.3165 -90
35.0873 -30.9065 -30.903 -88.3675 -90
36.185 -31.1739 -31.1706 -88.417 -90
37.317 -31.4412 -31.4381 -88.465 -90
38.4844 -31.7086 -31.7057 -88.5115 -90
39.6883 -31.976 -31.9732 -88.5567 -90
40.9298 -32.2434 -32.2408 -88.6004 -90
42.2103 -32.5108 -32.5084 -88.6429 -90
43.5307 -32.7782 -32.7759 -88.684 -90
44.8925 -33.0456 -33.0435 -88.7239 -90
46.2969 -33.3131 -33.311 -88.7626 -90
47.7452 -33.5805 -33.5786 -88.8001 -90
49.2388 -33.8479 -33.8462 -88.8365 -90
50.7792 -34.1154 -34.1137 -88.8718 -90
52.3677 -34.3829 -34.3813 -88.906 -90
54.0059 -34.6503 -34.6488 -88.9392 -90
55.6954 -34.9178 -34.9164 -88.9714 -90
57.4377 -35.1853 -35.1839 -89.0026 -90
59.2346 -35.4527 -35.4515 -89.0328 -90
61.0876 -35.7202 -35.7191 -89.0622 -90
62.9986 -35.9877 -35.9866 -89.0906 -90
64.9694 -36.2552 -36.2542 -89.1182 -90
67.0019 -36.5227 -36.5217 -89.1449 -90
69.0979 -36.7902 -36.7893 -89.1709 -90
71.2595 -37.0577 -37.0569 -89.196 -90
73.4887 -37.3252 -37.3244 -89.2204 -90
75.7877 -37.5927 -37.592 -89.244 -90
78.1586 -37.8602 -37.8595 -89.267 -90
80.6036 -38.1278 -38.1271 -89.2892 -90
83.1251 -38.3953 -38.3946 -89.3108 -90
85.7256 -38.6628 -38.6622 -89.3317 -90
88.4073 -38.9303 -38.9298 -89.3519 -90
91.173 -39.1978 -39.1973 -89.3716 -90
94.0252 -39.4654 -39.4649 -89.3907 -90
96.9666 -39.7329 -39.7324 -89.4091 -90
100 -40.0004 -40 -89.4271 -90
